277 152 105 281 192 105 11 60 256 80 178 149 8 165 137 4 161 129 12 292 12 237 58 74 53 95 134 280 118 86 169 43 173 191 189 218 237 79 281 104 4 67 151 116 148 182 281 202 223 18 157 69 137 162 279 171 260 22 296 64 227 203 84 247 170 197 212 101 213 250 10 71 147 12 148 266 141 234 115 130 194 299 171 143 42 180 291 243 98 83 247 247 38 291 9 63 49 22 284 93 
60 17 286 293 177 99 38 53 250 288 125 173 135 215 276 84 36 250 45 293 287 9 213 143 232 258 147 201 150 143 231 176 93 160 225 174 12 275 135 119 12 57 68 258 230 42 171 50 74 8 127 258 36 196 204 186 168 286 270 167 200 131 296 48 269 71 80 86 154 48 208 121 7 195 32 280 50 285 3 86 114 266 20 114 13 233 74 29 12 5 249 110 284 154 67 30 115 19 133 140 
99 122 38 74 18 272 138 134 95 107 274 188 220 285 72 205 177 71 265 11 200 122 154 245 281 240 83 66 136 287 265 81 204 161 56 44 274 104 4 57 254 100 295 140 70 269 131 178 109 54 232 126 249 190 288 26 156 46 134 80 243 99 157 293 8 126 241 17 274 109 116 53 239 185 30 46 41 96 145 119 248 291 110 152 79 171 183 75 36 192 291 151 221 292 23 28 116 137 55 167 
291 29 88 262 185 112 123 261 59 128 94 246 259 149 89 190 149 76 208 49 66 188 38 149 229 217 209 174 220 76 209 16 208 276 6 195 121 123 2 30 84 4 154 152 161 192 136 224 27 90 25 12 22 144 180 192 165 198 258 22 67 289 63 213 246 8 285 198 130 126 143 50 152 36 137 261 99 244 135 26 259 11 135 28 199 27 263 285 270 276 46 269 266 147 25 253 169 163 268 121 
189 284 39 66 73 89 52 272 109 126 186 55 58 114 266 133 50 169 256 287 90 166 216 179 144 83 255 226 144 288 273 185 262 61 296 53 134 166 141 51 282 49 5 289 83 187 15 130 118 163 275 80 49 296 110 188 26 292 257 266 252 180 75 146 272 145 103 262 25 219 177 100 235 126 56 94 164 199 276 28 8 128 285 94 6 238 135 132 156 230 255 298 76 6 54 127 199 21 269 104 
211 109 101 92 75 192 187 251 5 189 43 272 211 112 96 115 266 277 295 118 1 249 253 102 273 18 50 62 148 136 44 240 31 175 251 203 35 79 26 236 219 281 274 7 8 160 106 81 37 276 230 92 189 262 171 174 210 144 207 113 115 294 234 218 266 269 265 145 266 79 86 268 158 276 95 252 275 175 25 48 102 76 76 200 70 176 146 197 28 221 33 185 83 200 125 274 271 288 14 133 
117 17 125 261 217 85 296 194 75 289 247 66 53 159 70 59 285 59 296 177 38 168 201 114 229 249 83 295 39 171 97 153 123 40 120 77 229 196 299 56 28 99 14 162 24 292 246 88 133 44 155 136 97 114 49 76 21 1 127 54 5 106 84 159 278 128 264 133 169 146 195 131 48 124 152 287 84 280 5 245 67 54 137 51 165 297 82 14 114 241 220 216 14 122 242 176 231 218 295 33 
118 46 136 15 4 184 200 46 248 45 279 156 70 9 276 285 45 171 237 146 224 83 80 291 14 262 135 200 292 145 171 1 299 120 74 176 155 56 214 263 233 150 69 119 108 58 150 256 246 132 16 154 56 238 102 179 96 178 163 226 293 137 131 76 209 36 197 113 18 247 166 282 138 71 69 196 245 44 293 230 151 86 21 227 106 275 66 170 224 2 22 224 189 119 194 292 252 11 153 103 
236 225 244 298 161 229 245 191 98 271 280 33 285 287 118 20 93 228 268 202 4 279 108 296 61 242 298 127 171 32 126 219 207 286 116 296 278 23 292 278 75 4 107 39 279 267 141 295 162 124 184 169 81 28 181 83 113 286 294 254 19 240 100 39 151 123 34 213 38 29 169 95 243 206 150 209 6 132 21 282 280 16 106 117 242 250 5 29 72 259 250 124 87 13 187 111 18 119 166 234 
33 35 238 292 291 229 100 194 178 172 21 183 172 222 79 211 181 119 237 113 22 98 150 83 144 45 136 57 41 123 228 106 126 10 58 179 166 225 167 160 14 50 139 264 122 120 225 170 230 261 35 153 8 198 58 57 61 8 257 27 119 277 153 124 54 130 53 77 173 139 107 97 243 211 102 165 33 50 149 268 266 76 92 99 130 188 90 228 19 149 295 283 133 151 19 3 296 285 79 5 
208 210 190 46 264 242 38 32 137 279 244 263 105 138 29 176 175 87 142 30 42 296 95 183 94 277 260 244 5 141 160 257 154 75 141 67 154 75 107 75 56 103 244 32 34 209 68 144 28 143 27 283 189 21 199 192 200 281 186 235 73 45 216 223 223 60 160 8 228 122 133 44 199 178 171 43 186 189 31 63 24 232 139 97 64 140 81 9 175 185 91 188 35 254 35 4 248 191 103 36 
143 240 108 257 137 25 259 212 196 88 205 264 160 295 55 30 45 150 116 208 100 5 85 227 131 70 269 164 253 188 3 273 162 28 56 203 227 154 294 10 9 100 173 153 24 63 4 132 213 123 43 159 247 283 130 167 10 139 170 175 153 229 10 257 122 99 266 105 56 244 42 295 12 161 289 264 23 232 156 33 63 241 32 107 43 61 197 78 296 153 223 108 221 56 126 149 71 275 156 161 
162 196 253 113 262 181 268 42 293 23 205 122 225 202 90 64 9 38 77 278 148 214 42 9 185 209 129 196 24 126 283 33 9 8 158 225 195 22 226 295 292 287 289 70 71 181 285 246 188 11 12 208 139 105 244 288 100 282 85 164 210 164 132 258 154 39 105 183 250 187 79 206 33 236 166 239 114 263 185 240 13 167 21 63 112 151 210 62 174 169 41 271 128 247 253 104 9 210 222 22 
208 25 171 24 27 211 203 107 110 43 126 168 76 226 176 89 220 153 19 83 44 126 124 159 51 145 264 147 77 204 21 236 156 126 18 106 100 247 287 239 218 197 272 256 192 0 29 152 187 132 82 174 2 267 80 18 230 106 248 131 19 97 62 231 259 297 28 274 40 240 156 155 74 245 191 65 165 198 248 5 112 44 13 93 163 38 168 129 218 52 252 167 218 193 57 104 252 287 149 53 
292 82 225 227 20 120 180 27 60 255 218 88 36 295 219 234 100 242 264 287 11 225 126 40 283 29 262 39 112 290 254 42 224 58 62 246 5 29 101 109 65 136 205 261 6 235 143 230 244 180 24 146 48 36 213 270 82 296 86 172 258 77 285 39 63 51 283 258 156 60 83 253 55 31 190 268 243 59 27 149 116 114 56 44 70 114 193 245 234 87 119 222 179 200 151 82 257 202 84 93 
99 46 123 29 167 62 206 76 210 240 278 195 96 35 216 206 96 230 242 61 187 248 298 134 243 220 257 76 248 182 281 136 274 298 179 250 224 45 131 2 8 161 68 175 251 224 141 276 251 200 172 277 115 29 12 36 21 176 109 197 33 287 135 259 94 136 13 296 79 187 62 218 180 218 169 266 173 131 253 218 202 252 291 226 107 270 131 76 62 220 177 157 67 181 156 217 179 29 179 118 
36 227 176 84 11 19 49 85 247 127 185 15 186 291 39 112 122 237 41 122 117 17 100 171 296 17 173 224 120 188 203 38 194 0 100 44 225 281 149 77 149 116 126 273 186 168 156 139 198 164 9 130 83 38 109 292 288 78 163 74 186 201 76 210 206 163 209 193 121 235 231 133 142 163 138 114 223 12 282 115 35 6 218 171 28 171 210 41 172 208 248 184 52 137 149 27 119 174 197 252 
236 222 200 208 15 123 174 115 257 61 254 52 126 84 102 242 95 144 166 176 64 248 238 226 31 243 248 189 201 85 67 125 117 296 89 161 47 52 199 271 91 137 142 97 50 181 276 223 232 2 45 257 39 197 19 56 182 7 188 292 14 270 79 200 153 219 260 289 275 31 160 68 234 268 284 235 249 269 236 82 164 296 111 50 230 51 201 81 166 65 89 39 140 107 1 189 235 271 46 124 
95 135 152 140 137 128 10 54 248 289 62 203 291 27 128 189 292 267 135 267 87 34 103 104 87 127 89 56 100 134 244 70 22 136 189 245 257 203 226 178 69 203 214 61 148 202 124 44 6 164 125 160 124 201 46 161 88 163 79 248 256 110 249 231 233 267 130 89 225 93 26 166 156 110 72 149 16 209 295 289 107 54 254 297 262 107 299 23 131 137 155 170 18 11 20 14 127 154 119 69 
214 136 12 16 177 59 228 147 114 216 201 100 92 13 60 33 124 263 44 238 95 203 185 146 210 87 219 0 293 188 148 232 36 22 147 294 222 72 222 287 71 232 103 291 113 142 58 178 79 297 94 57 285 141 185 16 98 8 105 169 146 82 125 116 178 14 127 137 74 56 15 289 151 280 223 213 9 140 80 58 66 45 229 70 228 26 156 211 151 17 170 173 223 218 106 107 33 25 280 85 
207 187 177 124 65 292 54 49 85 168 174 223 34 192 126 99 177 230 176 245 48 239 134 100 119 167 131 14 104 174 134 145 118 230 297 86 93 149 253 24 60 109 5 39 103 129 295 105 139 181 242 288 275 173 157 174 87 97 88 197 264 161 81 67 258 284 16 185 60 6 6 130 51 47 283 26 236 96 246 88 247 244 35 261 224 31 91 222 271 105 13 204 64 98 81 129 275 269 116 86 
262 131 103 263 161 158 137 262 201 10 254 279 292 2 281 172 264 137 24 141 202 282 227 202 225 6 58 52 271 74 3 140 102 5 163 154 155 15 111 105 144 198 190 284 287 275 290 48 103 260 8 99 273 213 228 245 246 220 268 292 4 278 128 121 193 283 137 204 17 17 298 137 146 200 232 141 272 204 89 7 220 47 263 264 31 144 238 7 196 85 167 105 258 53 54 283 187 137 79 22 
58 124 172 288 234 268 247 27 274 163 17 47 271 254 238 11 49 185 119 181 123 24 76 54 6 40 135 207 207 12 236 45 278 293 259 115 205 31 107 90 214 187 168 121 222 154 283 82 122 140 21 46 110 273 249 36 116 234 66 121 57 67 192 252 270 175 262 121 34 196 16 178 299 1 45 173 275 126 48 191 171 271 74 104 18 144 171 220 39 95 263 177 274 206 95 126 282 182 4 136 
231 248 142 111 166 299 104 127 206 130 111 219 8 240 260 205 178 262 95 76 155 143 254 111 242 77 125 282 153 55 291 102 184 218 153 144 271 64 281 198 100 103 22 86 32 234 38 223 167 230 236 44 138 63 83 278 48 273 194 41 80 293 42 188 123 114 213 2 129 241 264 52 184 92 55 79 236 2 188 116 32 228 77 102 109 94 214 291 21 65 14 195 83 28 57 78 213 56 258 49 
212 241 53 175 123 93 192 160 135 255 234 165 294 248 268 196 223 213 19 179 264 270 229 36 141 284 55 144 33 209 216 281 285 196 0 40 25 243 8 287 270 297 119 165 185 163 220 111 154 282 26 55 154 14 84 28 154 282 70 245 296 16 251 201 168 206 6 107 169 93 10 161 104 97 169 138 172 53 248 231 234 0 244 58 43 203 149 170 283 1 50 59 229 30 28 147 104 28 117 187 
244 3 44 82 126 81 24 286 268 176 130 148 20 52 91 43 154 121 169 232 144 18 61 16 126 217 237 193 162 285 230 45 177 146 13 21 279 7 70 234 288 6 177 54 92 292 76 117 188 62 249 20 76 236 280 37 195 87 76 184 2 289 62 270 273 40 57 20 168 227 148 62 193 258 65 44 21 199 188 177 16 0 127 243 80 187 239 90 13 64 67 100 171 85 239 296 40 248 280 89 
217 52 110 266 114 29 102 52 268 245 261 3 118 155 109 12 7 163 82 66 200 246 72 193 209 176 39 84 261 7 122 241 45 290 92 229 192 53 165 144 284 67 281 199 84 53 230 77 38 289 170 111 115 179 146 46 217 230 56 77 228 239 216 160 25 109 147 189 206 184 24 293 14 196 51 216 40 4 257 24 109 180 177 87 95 186 76 20 147 240 0 141 74 107 132 266 120 242 241 4 
245 86 220 74 57 220 218 32 54 60 196 206 47 212 297 43 211 268 256 107 278 29 162 158 103 251 103 51 23 12 56 115 37 162 289 101 170 295 284 105 203 83 110 183 37 226 268 19 80 236 169 135 279 113 14 101 162 292 162 70 177 239 58 53 217 164 236 84 69 2 196 84 203 283 67 115 18 289 116 103 157 82 203 40 77 172 280 126 204 193 275 224 87 172 129 68 94 24 163 144 
125 116 186 168 213 215 195 134 122 29 243 102 7 143 42 222 257 279 263 245 257 30 172 209 213 186 64 30 19 115 72 101 98 210 198 279 61 108 162 71 143 39 139 50 266 129 138 220 258 201 153 217 288 292 183 129 6 121 106 161 217 156 61 47 146 179 228 56 21 40 160 167 23 33 39 25 145 234 75 11 81 235 286 163 273 10 170 88 242 73 253 235 183 211 100 6 42 187 52 290 
138 98 153 294 266 162 163 32 297 162 165 7 246 140 12 252 129 60 227 229 187 39 280 49 226 224 284 109 57 286 98 198 199 215 233 296 69 131 143 258 45 260 260 88 168 0 100 138 12 299 116 97 30 106 179 250 158 48 44 25 213 129 274 176 198 169 129 153 184 110 31 81 290 20 205 174 16 263 130 165 153 26 160 40 186 291 158 76 30 15 210 22 194 59 104 243 167 147 131 280 
150 98 259 259 207 246 78 252 217 38 238 195 289 17 251 242 125 73 41 213 271 199 45 272 273 49 229 209 215 217 128 99 203 120 207 142 141 123 225 147 124 228 137 10 299 96 13 259 275 292 32 102 48 26 141 87 14 65 235 160 294 192 13 64 133 194 207 64 116 242 120 119 112 165 121 179 236 132 2 246 57 80 20 239 38 191 126 210 236 73 296 13 23 227 172 100 121 107 3 245 
259 175 77 100 82 10 240 158 91 268 206 101 79 270 243 104 120 275 124 226 152 129 62 196 67 290 127 238 138 32 291 95 106 275 234 90 222 82 184 187 1 297 45 250 8 149 150 96 87 132 127 251 229 283 139 229 129 162 165 144 246 7 48 172 102 201 233 292 147 165 299 294 138 54 171 30 237 174 114 105 134 197 92 209 296 217 9 183 222 266 237 216 33 267 32 158 263 25 113 147 
61 204 244 294 285 183 204 208 177 87 149 269 234 247 73 24 100 139 42 16 297 238 29 63 140 172 253 119 81 68 177 132 294 70 126 189 31 144 261 26 237 66 188 217 231 108 159 191 18 251 17 70 247 58 156 57 171 279 33 8 254 256 299 24 163 231 203 297 103 274 256 126 212 215 148 292 276 179 171 76 46 19 66 178 204 51 202 78 181 171 114 164 89 100 14 42 15 48 114 127 
242 52 275 89 255 264 24 164 230 208 191 77 139 34 5 56 211 256 247 6 187 260 183 49 164 281 90 5 247 212 247 106 155 38 228 163 178 39 163 283 192 152 9 199 78 53 194 107 281 254 239 224 260 287 211 273 167 233 195 168 186 7 74 180 63 5 197 200 80 95 95 291 271 282 3 186 230 155 213 157 201 36 90 53 133 286 184 37 28 263 29 256 178 145 211 283 290 232 292 256 
21 181 95 10 214 110 95 177 24 252 22 212 136 74 44 285 57 156 205 225 144 123 224 265 163 203 30 100 35 279 127 222 50 108 259 21 10 297 195 122 211 48 165 137 53 52 213 280 245 18 158 145 161 46 245 259 207 216 279 139 239 187 245 196 107 80 95 255 255 277 153 35 100 144 66 48 133 95 74 66 65 294 75 52 195 75 254 42 59 12 94 192 49 270 186 272 24 65 159 66 
52 269 80 273 254 235 265 81 155 178 33 10 276 199 40 60 2 163 80 249 266 288 288 3 286 291 25 286 219 192 159 256 178 230 256 156 298 109 155 23 248 49 232 249 195 106 149 231 13 208 252 57 61 127 59 139 45 255 36 212 107 284 251 150 52 166 25 243 280 219 38 51 44 5 77 156 229 53 18 186 232 224 264 142 7 246 189 85 163 80 126 21 54 190 139 60 31 260 263 32 
235 276 272 293 246 17 74 204 107 174 175 29 140 131 274 20 282 19 36 13 147 229 99 24 89 93 43 250 82 5 78 53 160 220 23 65 271 5 293 176 20 161 165 115 221 27 140 39 262 20 282 47 18 107 160 2 227 229 168 171 278 175 246 143 106 288 13 67 170 98 104 151 245 69 46 290 270 126 220 54 144 149 117 167 132 100 175 239 8 38 196 293 98 121 171 274 182 43 140 255 
140 3 10 248 254 46 163 116 120 152 137 155 16 96 219 168 252 206 181 255 202 281 29 106 231 36 162 254 87 109 58 168 248 72 110 56 38 72 109 78 46 103 79 168 157 287 47 3 287 233 178 5 158 185 81 119 105 162 53 94 82 207 98 35 39 170 74 267 81 220 154 12 129 93 266 290 168 105 204 108 180 100 35 251 227 202 154 163 123 250 217 107 279 284 208 104 61 40 65 141 
160 121 92 74 292 113 117 20 112 295 284 175 88 3 46 155 143 249 58 256 126 96 23 182 149 148 252 207 37 98 183 42 39 207 258 207 100 200 286 128 70 164 122 80 202 154 213 14 66 265 259 64 165 209 137 68 25 39 242 32 0 80 56 5 273 266 207 241 121 296 256 152 218 12 206 87 191 238 294 0 117 90 168 13 165 8 61 160 22 222 106 50 221 27 148 67 111 151 109 158 
234 132 212 1 187 271 272 43 99 22 123 284 104 24 13 109 289 157 62 249 53 56 56 290 13 294 55 168 57 10 251 59 124 173 0 155 33 130 40 89 141 82 259 208 258 160 170 149 178 165 167 98 153 98 152 132 127 14 170 152 70 13 265 267 150 237 169 262 169 176 143 277 37 206 93 282 36 53 30 180 176 251 246 208 279 163 234 40 260 229 151 299 2 234 135 92 245 115 31 106 
299 190 63 119 156 295 87 23 285 20 35 40 238 215 158 151 114 295 126 34 144 229 223 192 130 236 293 292 48 11 35 274 18 178 265 210 234 61 132 283 178 140 77 47 289 133 299 263 231 2 5 85 254 150 247 16 254 112 187 53 108 242 155 59 43 214 134 132 83 90 16 114 75 285 126 78 232 194 129 156 126 85 221 187 38 34 209 295 229 112 81 173 13 35 5 89 149 162 128 219 
53 20 63 107 227 91 71 193 8 97 176 273 154 139 115 118 221 271 199 121 172 90 87 272 258 94 291 160 237 180 297 228 207 294 261 91 246 119 248 240 232 119 32 200 60 288 8 143 199 65 171 290 254 86 234 60 79 104 23 40 31 58 31 167 79 36 98 30 266 228 9 86 97 251 153 187 79 217 67 245 275 26 279 234 36 107 164 163 153 92 107 232 210 112 112 295 74 283 158 256 
76 2 259 85 262 257 263 255 204 41 75 198 162 280 174 120 238 117 39 195 264 198 285 110 79 216 294 62 275 246 294 173 58 290 112 211 168 285 50 163 18 132 170 24 44 162 207 21 271 144 97 290 203 7 192 284 33 148 155 202 38 286 224 289 252 67 102 189 27 92 39 41 62 162 131 68 248 253 96 145 136 213 32 33 3 46 0 99 292 104 18 136 93 137 261 143 154 201 75 34 
222 77 212 83 168 128 90 94 238 44 256 4 256 207 214 131 4 259 213 138 234 14 287 204 41 113 258 52 215 125 233 112 82 56 191 294 223 158 94 254 291 107 235 77 48 102 101 278 49 62 31 223 25 136 54 166 29 242 125 196 15 98 119 41 170 286 226 242 240 170 41 216 255 255 213 82 183 142 128 252 194 20 90 240 121 53 19 101 275 226 12 195 187 240 160 295 131 2 235 271 
122 14 274 103 149 14 238 141 26 228 182 18 0 208 254 283 107 246 170 179 135 115 261 105 259 204 238 232 176 52 232 220 198 133 222 293 70 90 118 243 196 256 233 64 235 79 91 46 87 153 43 82 78 69 186 49 210 129 244 65 130 129 35 107 115 67 59 48 121 99 34 48 74 184 232 94 242 163 265 261 56 248 154 19 76 58 30 124 281 191 286 25 289 268 23 246 286 281 246 84 
279 68 292 20 92 230 143 199 70 206 273 298 271 59 35 150 176 100 233 262 71 154 224 298 220 153 76 190 74 238 55 171 64 69 169 226 177 45 118 193 211 160 241 259 7 77 239 150 67 90 271 163 165 215 162 254 236 276 38 131 168 259 11 96 163 286 106 67 177 2 253 138 60 224 234 154 233 258 292 289 44 201 183 31 111 129 24 186 288 110 152 192 84 30 184 170 44 280 41 183 
270 71 28 187 221 42 77 125 8 282 75 49 208 116 111 41 276 181 115 38 133 70 232 171 225 261 195 154 113 158 248 150 249 86 108 76 243 202 196 288 181 126 53 203 39 231 159 139 20 117 121 6 38 17 150 66 152 264 85 128 83 4 129 48 173 107 35 296 78 204 17 93 127 129 168 43 116 18 161 35 260 79 111 209 144 290 148 246 284 1 69 164 77 83 22 24 84 121 170 93 
217 29 263 227 276 55 214 12 99 166 190 82 4 135 138 217 94 73 299 83 198 74 114 245 152 34 130 132 54 44 190 161 97 165 189 13 181 33 34 44 53 2 78 32 183 116 100 120 181 162 175 53 194 207 174 49 147 209 252 258 8 156 285 153 157 10 285 44 56 117 152 21 118 3 261 208 54 178 182 127 229 130 281 31 27 118 212 102 204 240 222 127 266 94 197 137 246 114 170 284 
237 294 107 80 5 19 172 103 61 77 49 69 109 28 87 235 13 289 244 285 271 268 107 267 167 292 248 37 287 100 0 233 283 173 25 213 103 16 241 82 75 193 248 264 30 20 162 47 225 63 133 198 74 148 171 209 144 81 12 260 77 169 223 58 111 128 109 64 72 138 34 275 256 3 206 78 275 247 207 188 191 145 193 60 10 177 178 223 220 50 40 240 252 236 159 133 197 294 111 60 
111 203 113 118 289 179 73 169 169 196 156 217 298 198 51 181 149 230 156 275 108 217 36 55 91 125 224 200 172 136 271 254 32 77 108 85 118 119 240 79 175 95 143 160 23 18 151 219 7 131 1 142 11 129 219 10 111 140 34 4 24 109 105 215 216 239 46 182 206 149 251 137 234 189 99 147 165 25 254 19 268 144 174 200 258 95 291 292 139 194 2 92 166 65 13 265 287 42 286 23 
78 260 98 22 158 97 152 12 53 104 34 181 259 114 265 128 101 282 235 211 108 282 242 86 138 220 148 80 176 53 254 254 213 101 289 240 66 151 133 225 67 298 216 124 148 296 35 112 183 90 115 293 189 240 167 136 231 283 72 190 220 216 277 228 16 51 48 277 86 127 140 290 14 47 104 122 44 22 109 34 169 75 47 188 167 85 122 272 98 189 234 241 298 288 75 32 50 282 179 174 
220 214 96 285 222 220 91 165 295 141 173 119 282 162 228 230 94 176 181 84 115 238 31 106 95 135 272 124 200 62 106 127 241 179 297 257 148 112 211 266 56 208 153 127 39 230 236 39 233 85 290 37 181 223 273 237 106 272 24 30 242 88 29 148 100 299 267 185 136 147 186 157 60 55 167 118 143 156 32 225 52 97 55 130 252 231 258 110 196 120 115 15 143 83 105 172 119 129 299 158 
121 10 18 54 174 199 69 191 223 178 228 78 296 239 18 105 109 278 261 285 141 117 201 247 160 67 64 253 262 169 47 128 96 280 257 96 247 27 178 284 167 30 17 16 149 283 150 96 92 9 173 45 188 6 299 294 276 221 60 65 66 199 100 154 245 33 206 9 94 211 245 31 150 272 5 269 2 250 291 184 160 263 104 156 294 215 59 63 28 52 91 233 111 44 14 66 207 74 177 135 
276 64 288 77 172 94 118 258 188 299 176 13 2 240 77 240 122 45 298 132 247 264 239 104 248 103 142 194 182 98 137 239 93 45 54 98 194 214 195 22 11 6 11 167 125 36 264 270 273 11 65 11 186 154 34 180 38 56 170 39 223 165 68 37 284 290 59 41 96 144 223 223 118 55 263 165 98 140 221 73 194 73 238 17 189 117 58 243 112 228 216 205 178 195 97 0 165 79 183 292 
86 154 176 271 129 179 0 129 144 271 252 195 134 168 67 70 123 273 70 3 279 290 262 0 114 173 36 118 58 209 38 237 290 118 37 267 273 249 54 217 80 242 209 38 89 43 262 157 49 3 250 250 286 286 26 68 128 174 145 233 124 115 236 1 267 163 210 195 118 290 226 126 146 160 160 119 254 294 69 172 246 154 190 229 190 45 223 220 3 203 137 210 34 14 290 76 91 114 278 127 
207 29 278 288 201 293 89 114 137 158 263 209 191 262 297 7 219 202 32 9 248 27 34 97 198 232 138 25 98 90 43 223 221 110 75 2 270 141 264 279 88 18 220 65 111 227 65 234 144 73 167 119 227 242 9 30 232 175 257 150 149 139 52 226 120 253 46 42 160 129 133 262 256 2 16 244 31 14 34 48 73 151 239 142 231 268 122 96 129 163 24 285 92 169 238 269 130 127 117 182 
8 76 261 126 176 50 155 282 126 142 58 42 28 206 260 270 172 258 78 240 189 286 73 103 34 153 79 136 162 139 249 131 5 30 226 92 246 79 245 218 233 200 210 160 198 57 206 230 223 223 95 291 283 122 282 148 140 154 172 231 90 45 203 5 168 36 58 264 110 252 158 133 12 262 274 66 50 297 85 23 12 239 79 94 292 219 217 64 98 1 61 78 235 14 70 287 105 65 67 2 
253 42 262 40 146 6 222 275 90 232 5 86 122 107 148 52 35 75 52 66 86 212 175 188 24 121 205 31 11 181 115 214 267 68 261 221 244 168 39 261 30 245 39 20 198 290 204 120 77 96 86 208 43 173 188 290 258 90 234 127 42 281 277 67 79 26 123 196 201 142 223 46 27 164 193 4 240 280 130 205 49 169 254 76 27 96 226 36 244 57 276 36 44 52 244 210 266 24 216 223 
10 222 60 139 41 66 4 213 71 30 25 236 96 159 158 295 223 283 95 162 131 299 19 186 118 78 90 16 239 283 41 160 46 96 112 72 175 166 144 30 239 86 71 25 2 273 261 260 38 204 53 224 74 275 83 77 59 272 170 74 251 166 192 72 250 74 29 92 38 28 214 272 217 95 131 140 22 163 63 37 273 155 270 97 238 254 152 244 216 172 224 127 97 117 71 23 114 70 206 5 
281 161 48 227 133 158 285 201 189 30 228 124 147 290 236 47 59 15 146 229 264 149 4 274 46 121 172 49 289 88 54 97 161 284 116 219 6 241 229 147 106 116 116 27 109 231 118 220 248 282 113 170 269 196 282 130 5 13 125 90 283 290 35 145 141 25 181 175 49 3 271 239 122 275 291 284 130 289 136 253 258 295 269 16 152 7 206 164 192 233 257 153 98 74 292 245 162 297 174 25 
161 69 239 89 20 7 14 208 171 173 58 33 80 199 194 247 160 33 80 100 160 106 27 83 87 127 285 144 104 51 129 35 135 253 42 65 261 123 75 10 16 186 100 138 247 221 236 114 297 122 221 146 143 63 129 65 201 234 86 212 18 287 273 242 187 1 170 51 248 211 167 108 8 124 94 126 166 266 176 207 257 215 123 133 13 184 86 144 74 37 187 3 264 114 102 54 288 185 296 86 
255 203 15 220 247 147 156 15 18 48 220 116 125 151 71 175 45 89 190 179 270 147 260 158 80 86 44 10 2 239 77 96 95 48 41 203 291 276 114 71 58 297 50 34 144 27 62 74 60 247 97 161 142 293 126 205 71 138 123 92 151 62 147 159 194 201 35 49 186 226 148 282 184 149 72 261 212 1 238 119 186 37 259 149 298 109 255 292 256 79 67 182 12 7 64 240 248 262 115 254 
104 174 286 222 93 254 196 129 285 231 197 18 122 84 232 272 105 150 0 286 289 299 32 165 56 127 294 90 260 12 271 17 42 290 241 285 299 274 61 209 280 133 213 98 40 87 68 234 188 68 129 241 66 233 42 129 272 103 255 15 175 174 86 271 51 8 35 153 286 116 6 106 101 113 180 109 26 294 152 203 94 112 59 63 228 57 154 66 179 211 82 37 81 152 211 25 76 24 278 56 
77 265 173 200 75 249 273 49 33 97 202 18 164 157 156 213 251 264 86 171 219 285 290 38 33 158 132 17 117 224 128 83 73 116 229 135 55 272 148 7 192 133 299 25 193 171 270 271 122 53 27 42 20 91 277 175 299 285 196 291 65 262 123 205 178 9 78 127 152 279 44 91 104 113 228 266 266 187 164 68 166 140 62 213 139 288 90 71 188 204 19 197 237 182 86 252 71 97 188 64 
167 157 283 61 216 133 199 294 31 164 49 126 250 114 209 21 56 197 293 61 12 96 13 185 36 90 220 166 40 42 295 65 256 294 104 228 78 130 130 125 119 290 123 83 115 178 86 41 274 33 30 268 62 252 158 177 163 256 47 48 14 222 31 291 2 66 191 162 82 151 296 182 222 14 129 64 108 280 7 183 18 240 161 102 231 80 166 227 202 43 66 250 161 89 28 138 109 18 13 213 
261 56 8 59 294 46 27 281 54 113 22 161 107 222 30 25 158 192 14 295 131 108 65 176 56 174 50 270 42 185 288 222 123 186 112 82 68 293 293 133 113 12 278 225 150 48 262 153 284 153 144 15 153 38 240 54 116 85 262 122 289 96 181 49 179 255 215 116 47 120 51 174 56 193 55 61 247 177 31 256 129 198 65 217 194 181 75 227 97 278 258 32 125 9 108 37 254 26 25 297 
281 257 141 238 291 17 29 257 117 1 26 257 284 47 218 71 103 77 102 92 129 218 200 74 219 114 34 88 139 36 250 160 18 159 51 86 8 86 48 175 177 69 88 263 245 93 9 283 287 299 33 169 219 216 114 93 230 159 137 284 207 271 294 183 159 110 221 262 160 287 184 209 230 160 135 171 90 143 244 130 11 146 232 194 145 28 62 137 243 118 283 266 266 294 29 8 132 159 271 62 
50 245 49 293 204 283 73 61 228 49 25 155 162 143 244 59 160 219 298 22 262 197 278 158 199 178 27 248 184 145 202 137 116 166 283 261 85 4 20 169 182 8 58 208 21 44 127 207 223 168 116 135 18 296 120 171 198 105 156 55 59 137 200 193 70 133 58 86 183 21 110 14 145 259 178 175 56 135 158 135 3 63 203 33 200 241 115 171 28 277 84 149 255 197 99 184 137 110 282 107 
62 261 62 106 120 22 185 177 162 192 230 27 239 108 282 77 119 90 189 40 129 66 180 118 26 87 81 155 209 270 192 106 283 241 71 139 17 294 278 6 19 53 149 87 16 48 207 160 111 290 17 283 212 59 242 189 252 191 112 102 21 64 90 229 57 44 223 226 152 217 159 122 141 88 105 103 253 107 65 153 106 290 119 224 298 220 267 59 70 191 70 108 286 189 246 93 126 10 245 267 
114 278 91 289 289 293 269 18 283 251 72 155 250 229 235 107 114 257 24 160 239 97 189 143 251 19 262 186 83 80 53 17 71 74 138 10 122 154 196 262 142 98 148 73 119 39 117 127 229 127 171 228 281 280 112 261 141 40 104 232 182 216 39 182 158 151 96 86 17 193 56 285 173 3 109 48 178 153 237 201 19 224 106 135 1 73 299 239 187 83 38 227 35 149 115 120 288 60 94 293 
181 189 0 120 197 38 103 260 251 193 179 102 231 131 224 188 165 235 293 173 262 257 298 30 142 64 41 180 149 269 290 107 272 151 164 90 205 184 79 125 149 81 43 16 258 165 217 0 133 90 156 110 246 249 179 210 293 79 26 294 267 255 45 108 278 246 96 105 62 232 15 259 245 129 145 151 127 160 176 287 249 187 259 120 190 91 277 271 39 5 124 45 9 273 251 179 41 174 228 159 
143 223 292 117 162 112 254 41 147 195 295 33 283 236 195 57 222 160 19 153 86 114 212 143 217 92 33 206 258 259 144 134 97 35 287 124 57 34 12 96 225 259 197 158 134 179 234 262 112 43 203 96 231 143 111 278 108 54 45 179 255 222 272 296 275 98 210 8 101 195 220 190 18 287 2 53 52 252 197 263 165 272 20 147 161 219 291 27 269 17 77 23 148 146 124 265 42 284 171 1 
263 20 123 173 49 123 134 80 113 182 256 208 100 127 263 123 288 166 174 90 164 17 15 233 273 140 97 187 202 207 144 267 198 196 80 189 87 23 13 201 219 293 63 196 171 297 22 208 114 37 294 219 99 132 149 243 25 142 133 184 162 265 71 177 56 207 202 200 140 260 292 285 159 5 87 117 42 13 86 190 297 111 69 117 84 52 62 219 192 118 26 6 7 297 223 141 38 298 83 252 
87 209 221 199 16 31 110 41 286 91 279 129 189 296 233 110 3 148 106 2 283 232 14 251 128 120 72 265 10 39 62 115 21 299 217 153 127 14 66 265 79 152 21 153 263 197 36 240 117 101 296 264 134 2 159 108 258 29 90 30 288 201 230 107 1 264 32 189 223 222 169 233 8 131 33 225 51 177 141 40 26 234 150 53 100 50 231 80 137 200 44 19 151 141 161 37 0 118 147 285 
58 88 185 144 166 9 233 214 40 296 296 58 237 151 115 13 266 51 220 297 276 118 172 286 164 253 242 196 161 189 76 291 208 171 25 220 284 176 207 56 10 106 97 165 162 168 71 63 35 182 97 101 295 45 73 117 87 120 177 134 269 111 65 59 174 59 252 99 239 102 5 27 167 192 24 187 27 278 230 124 40 42 145 29 123 292 116 273 267 155 186 17 116 2 293 179 16 168 176 206 
78 35 109 102 32 97 201 62 225 284 73 252 0 263 170 229 64 144 263 82 44 233 269 62 101 90 3 241 217 175 192 153 90 265 102 231 196 126 40 23 127 171 174 175 128 234 55 9 89 299 47 276 179 22 247 245 264 209 109 43 214 51 40 239 203 298 296 60 129 277 165 186 75 198 78 289 256 210 200 293 219 132 232 291 96 154 250 290 55 145 82 279 274 65 112 118 256 281 38 178 
299 248 285 19 121 137 125 293 79 171 21 292 73 99 279 162 202 154 27 77 223 93 66 254 150 44 48 224 57 243 74 41 195 59 254 277 190 172 224 25 46 25 214 139 220 265 182 266 102 209 142 37 3 226 33 103 154 44 72 250 92 119 47 140 165 297 213 237 214 232 13 55 264 277 27 218 228 41 271 79 220 67 244 23 93 159 191 236 121 117 53 208 86 93 233 41 12 6 83 28 
132 56 134 28 230 226 125 265 176 15 168 17 271 5 59 207 69 56 208 63 243 176 45 62 38 93 176 206 197 258 66 163 125 96 153 255 67 232 214 240 153 288 35 264 163 226 201 45 252 57 124 129 141 60 117 95 222 92 148 172 239 226 216 77 80 249 176 218 120 216 259 218 282 103 226 103 161 98 161 185 30 47 107 254 119 274 21 245 282 173 58 211 83 5 132 93 58 153 106 103 
92 93 101 296 0 84 231 196 285 282 82 122 202 157 193 190 276 280 26 2 143 233 76 131 192 151 65 50 194 299 275 263 276 144 298 126 278 232 141 165 214 233 122 41 240 195 83 192 169 236 178 175 65 142 107 243 227 152 117 109 33 44 118 26 256 139 292 144 269 194 40 43 285 167 256 147 226 246 107 190 242 198 211 228 15 254 156 96 0 25 99 286 55 102 101 84 175 80 37 206 
292 126 16 93 289 64 104 129 178 109 166 110 66 244 140 244 38 201 257 275 18 109 243 113 119 124 255 201 30 194 7 187 280 296 53 89 279 297 74 166 56 93 57 85 101 152 224 193 117 285 180 298 41 277 261 110 190 243 276 112 144 174 221 285 201 253 3 265 294 101 218 153 129 84 111 219 100 293 245 129 177 64 255 257 159 260 149 284 171 102 28 222 298 171 83 182 166 188 282 66 
267 73 272 5 140 16 187 83 171 232 130 129 13 134 152 246 145 86 51 228 43 153 172 103 96 129 44 279 296 38 206 204 254 68 188 163 170 164 15 219 245 32 255 289 234 69 34 163 38 175 259 154 257 264 102 199 97 193 174 231 214 149 255 259 134 142 66 79 279 85 22 5 147 245 12 288 52 23 164 5 92 112 149 198 142 280 243 190 221 230 88 248 153 83 178 151 212 239 58 97 
126 278 231 90 56 123 209 32 118 163 8 12 59 8 78 176 165 20 287 259 145 172 218 92 188 276 217 167 247 204 29 212 20 19 236 126 45 211 70 207 28 198 125 288 144 136 152 127 67 220 27 59 133 43 12 177 200 142 253 132 124 272 57 142 4 101 192 133 242 216 167 186 16 83 43 9 211 162 28 45 264 93 117 47 244 232 103 169 76 179 63 7 54 75 275 153 131 254 123 266 
298 239 20 233 223 50 222 122 247 284 43 240 279 26 47 212 91 222 165 124 245 191 121 89 34 74 228 166 161 161 17 190 289 7 101 60 232 143 22 9 297 26 283 77 109 55 3 221 213 53 63 284 11 24 269 245 224 56 42 93 93 143 126 102 184 48 63 202 201 219 131 288 64 38 18 275 57 193 139 269 239 266 205 7 117 212 282 146 35 37 295 126 3 270 39 31 7 110 4 113 
190 13 41 148 5 234 299 172 136 31 242 59 289 60 288 175 212 91 63 131 39 262 114 12 72 121 70 52 205 210 146 231 8 234 109 112 207 57 225 158 229 37 160 196 6 295 114 254 155 279 122 145 266 2 138 52 24 288 240 236 83 223 51 253 263 8 285 146 107 176 14 47 229 260 112 56 222 96 113 265 279 174 58 132 33 25 25 170 218 208 98 258 173 117 237 223 42 201 226 144 
273 54 29 297 172 122 80 215 67 178 287 179 256 47 211 144 287 60 82 270 95 260 258 67 93 225 166 40 38 29 85 275 224 119 18 296 129 198 279 20 250 53 94 58 297 187 81 164 225 61 29 180 31 104 33 143 54 206 120 226 282 114 276 243 41 292 177 14 17 133 289 225 82 130 269 212 158 121 236 217 6 51 170 279 177 113 240 174 58 248 158 119 119 226 21 24 159 119 250 173 
87 153 22 80 124 144 100 142 0 293 8 28 112 139 193 69 257 266 22 80 262 99 160 76 128 81 167 57 239 47 265 251 272 265 91 146 31 223 223 200 59 87 165 259 116 67 30 268 140 191 190 120 17 172 249 213 230 201 161 60 200 145 98 42 7 249 238 247 13 192 85 158 74 104 104 6 13 238 101 49 98 161 254 91 96 70 71 257 25 160 85 115 115 115 209 262 101 134 240 247 
106 5 224 40 298 251 219 207 223 16 239 172 178 123 257 89 262 62 17 298 144 37 118 7 151 252 171 149 74 291 206 145 104 109 55 25 186 84 175 132 160 194 258 148 69 273 139 182 104 275 192 238 135 161 240 228 165 276 274 226 217 5 274 78 220 13 207 178 103 268 133 23 189 223 123 111 230 251 8 110 165 165 218 2 116 235 27 2 69 108 155 164 26 170 221 86 196 87 294 283 
121 146 119 90 137 288 247 211 134 274 236 144 50 16 168 134 208 75 55 92 34 59 239 228 178 160 184 277 264 298 13 144 251 74 127 14 154 295 192 253 188 137 27 230 183 177 194 134 82 277 100 63 289 1 292 34 117 59 166 131 112 270 108 253 146 153 247 278 12 218 136 265 45 49 253 282 183 119 132 81 108 78 202 119 285 7 136 214 98 197 38 96 83 60 40 153 133 294 237 4 
276 189 5 254 293 193 182 149 123 46 103 185 66 65 37 232 199 36 269 123 182 148 170 223 17 251 83 241 112 85 20 14 134 102 177 154 299 33 150 19 34 23 237 264 113 231 242 74 98 16 45 271 273 31 61 101 71 19 131 33 293 195 16 69 97 247 275 283 136 277 158 147 5 205 52 131 209 282 187 92 271 132 95 216 10 11 279 122 33 173 290 101 290 203 280 65 270 239 207 42 
47 246 4 95 83 280 246 150 89 204 177 68 134 99 299 207 145 295 87 146 74 44 150 1 191 101 98 34 144 59 261 91 189 203 122 157 5 165 101 200 262 229 249 284 126 25 289 144 267 71 187 72 27 228 249 140 93 21 257 279 4 146 108 6 153 224 6 166 299 167 244 155 247 195 101 29 8 82 77 246 244 3 42 266 215 118 9 116 236 248 173 274 190 268 170 50 44 130 290 89 
280 290 222 1 201 56 203 159 167 3 259 155 211 268 213 134 119 29 265 279 227 237 262 225 169 121 250 141 2 152 232 236 193 3 129 115 287 244 153 69 148 47 11 129 149 253 62 13 174 109 37 62 186 293 209 13 161 230 233 213 242 102 162 14 201 297 176 225 78 197 49 57 150 103 293 149 209 59 50 183 177 67 225 89 107 162 124 118 115 214 53 223 157 1 207 166 197 128 287 146 
54 41 290 21 266 122 113 79 20 61 1 23 280 69 145 199 220 239 56 159 199 154 191 214 142 48 158 141 292 180 2 248 34 203 136 230 111 12 263 74 282 283 44 183 22 50 297 157 1 193 86 58 76 124 115 116 2 255 141 191 259 98 113 85 146 64 119 160 26 249 184 272 270 57 133 13 240 167 129 144 163 274 188 5 163 130 206 175 148 78 11 103 225 121 60 298 92 275 163 50 
107 66 62 63 32 164 25 106 121 74 205 126 61 9 207 29 3 36 158 197 169 150 92 35 211 186 128 115 177 4 196 250 273 26 3 128 294 159 177 154 82 154 269 91 124 170 88 226 261 0 253 100 288 286 72 181 293 251 23 216 120 127 110 138 173 253 93 199 81 242 176 285 294 215 117 281 256 6 270 63 61 112 249 260 206 7 272 206 2 178 162 236 11 269 129 103 138 132 134 192 
136 262 173 162 18 198 226 55 164 48 92 46 218 88 192 39 67 183 142 74 99 151 249 229 210 29 277 165 297 242 112 179 33 41 190 159 41 66 222 128 1 232 264 145 269 170 41 151 282 261 135 225 63 117 233 33 226 20 242 16 165 27 125 251 24 50 210 142 8 283 47 133 158 278 189 73 9 68 67 230 276 230 203 131 167 184 180 245 135 64 113 83 51 87 292 153 138 34 249 156 
151 70 155 22 0 115 271 74 258 45 132 198 244 196 195 299 274 156 240 9 88 32 8 99 19 23 9 181 138 19 122 245 197 278 224 202 167 150 46 200 94 198 39 260 23 238 57 78 5 297 108 124 14 201 148 232 24 127 156 187 234 44 47 220 259 187 172 135 270 236 282 134 215 250 244 243 124 16 207 84 236 200 131 212 244 229 118 50 11 85 97 138 39 154 135 71 176 2 273 131 
297 268 183 134 245 153 151 297 32 135 123 101 234 189 207 75 287 87 201 197 251 279 176 228 175 12 67 180 281 126 210 155 245 90 145 290 69 20 212 152 207 42 83 252 59 242 243 110 190 187 44 49 37 88 121 231 138 186 153 140 226 155 155 95 146 286 268 67 159 189 195 229 12 197 65 63 129 105 267 25 10 289 133 85 120 48 40 244 32 292 70 211 290 282 156 23 243 257 84 61 
74 234 152 0 155 40 247 228 13 117 223 255 275 198 179 22 177 228 161 15 132 127 262 188 5 189 81 195 53 210 57 239 139 51 215 225 17 120 4 12 78 111 299 250 88 62 62 80 171 255 56 116 122 294 238 5 200 295 178 190 299 234 248 11 229 63 201 116 186 265 176 83 210 50 203 48 293 139 293 83 260 286 18 266 295 145 136 0 191 273 147 141 146 159 51 79 181 226 140 172 
58 113 39 113 189 154 91 174 243 135 218 223 257 103 281 42 51 141 197 242 85 261 0 64 198 299 28 124 50 220 78 178 167 18 129 73 248 243 35 272 294 1 180 295 132 20 3 173 93 21 162 211 279 158 33 131 234 274 169 126 57 90 177 6 24 239 86 45 251 298 187 142 114 62 119 233 181 45 218 272 138 237 266 83 228 256 91 234 206 250 268 200 205 39 83 80 179 84 114 107 
77 90 84 163 142 124 212 171 223 112 148 210 237 86 244 73 277 12 0 80 144 73 216 204 228 267 254 80 157 174 81 108 3 55 144 245 22 273 229 13 299 19 291 106 219 175 2 235 198 173 37 202 177 66 32 224 211 235 168 101 21 136 23 3 60 26 201 206 47 105 111 237 245 90 233 235 219 256 7 155 282 51 27 116 284 230 274 89 68 65 48 96 211 147 241 282 37 226 69 159 
41 23 62 186 116 111 5 90 14 194 23 226 181 155 144 258 11 76 29 227 67 208 169 202 209 57 233 271 145 275 150 100 175 215 87 7 160 264 291 287 288 195 186 76 137 48 210 20 182 264 217 206 135 109 153 108 32 132 133 199 189 22 22 44 125 109 152 121 150 124 151 126 28 50 23 68 279 94 232 109 158 94 222 193 257 74 271 61 243 216 103 266 165 142 15 29 41 282 95 212 
