72 196 240 280 153 17 98 137 262 180 132 214 117 15 299 78 191 293 152 30 110 252 111 241 289 174 73 267 54 258 143 42 43 117 288 168 185 116 190 3 143 67 135 146 274 123 51 189 284 48 276 94 286 58 282 200 109 185 212 187 96 78 35 174 60 12 293 122 296 271 233 228 83 228 185 165 139 73 140 256 179 30 41 256 12 57 191 130 120 125 99 248 131 197 291 287 31 155 133 170 
69 23 63 292 3 270 283 161 85 274 6 48 227 272 33 83 174 143 244 178 67 147 258 89 118 294 137 236 219 214 102 20 228 223 216 247 207 29 182 0 191 73 89 69 5 37 218 65 202 258 276 261 21 70 66 9 94 189 96 43 112 111 210 203 75 35 60 77 194 102 216 7 14 103 29 194 45 17 114 108 28 221 86 172 207 202 81 125 130 87 287 202 223 40 80 73 279 99 32 174 
53 248 67 158 114 166 31 137 238 1 120 73 165 129 244 165 45 84 277 273 279 99 168 242 220 216 287 132 186 104 94 97 64 19 133 285 226 17 97 276 164 100 252 208 261 257 81 100 6 83 144 8 260 81 222 262 31 252 85 237 252 13 147 7 30 164 296 36 95 117 196 64 264 258 6 113 39 25 161 247 59 195 20 176 170 137 37 200 238 287 249 263 137 134 56 240 43 226 50 46 
168 76 165 289 134 279 293 240 131 165 180 68 91 277 60 3 249 280 161 126 52 89 163 12 108 124 247 28 224 209 77 72 138 145 35 7 25 196 212 64 143 254 70 269 251 180 200 74 104 101 178 85 167 254 231 162 141 78 186 47 81 46 236 258 236 88 73 278 82 36 136 78 120 279 192 24 7 284 224 257 156 205 72 53 175 107 105 186 85 176 132 168 213 264 3 196 267 81 145 33 
272 152 194 194 149 41 172 9 122 298 267 208 164 271 256 114 190 235 186 272 232 71 212 72 9 51 38 138 111 45 146 237 88 263 294 180 88 215 135 206 80 156 247 135 293 227 176 284 213 51 188 164 9 98 84 107 84 23 181 15 187 80 140 230 278 113 260 220 241 89 209 61 158 25 295 197 250 209 145 18 7 229 180 22 25 65 75 225 7 29 256 53 24 124 222 116 49 274 133 285 
281 99 283 264 88 62 160 179 284 234 208 109 121 175 107 229 187 164 41 78 110 104 3 290 221 271 154 271 29 115 99 137 24 58 247 1 93 221 104 213 215 61 275 217 34 53 99 154 84 196 170 25 276 21 74 255 187 16 27 74 275 131 31 86 193 53 123 1 290 285 172 123 6 230 88 138 244 89 69 153 143 140 150 128 281 270 42 95 5 140 101 174 231 78 250 97 185 52 165 23 
182 130 228 13 93 58 289 8 107 5 146 166 230 185 69 49 94 114 225 144 232 197 1 292 64 77 23 154 235 136 227 169 66 161 149 278 186 172 220 262 4 185 73 289 118 233 48 121 271 102 124 56 163 21 49 145 203 107 101 96 192 195 28 5 226 245 25 67 134 112 84 110 207 203 205 201 289 99 101 116 195 48 124 272 139 292 166 164 164 76 186 248 171 100 84 136 141 274 233 144 
32 294 21 258 211 233 256 271 235 72 249 105 3 195 223 52 168 165 208 272 186 120 193 287 133 196 246 238 43 41 98 297 209 251 203 187 169 211 113 287 15 258 40 65 227 279 39 40 5 176 64 36 33 72 186 275 278 209 196 55 194 261 223 266 272 22 29 180 56 163 248 221 270 136 23 245 50 265 98 272 207 5 116 157 30 224 280 64 145 110 217 135 171 146 131 42 267 292 105 223 
109 279 285 269 39 198 12 291 252 111 218 299 109 209 18 39 121 262 237 292 251 12 121 29 117 105 28 7 114 192 262 106 183 278 160 142 211 149 21 55 34 8 90 294 120 91 284 190 209 36 236 113 15 110 188 122 293 37 265 191 43 262 37 86 27 41 25 242 278 104 93 127 288 69 262 149 151 131 100 217 23 57 238 273 134 208 131 74 122 274 46 47 219 22 292 159 249 206 16 87 
203 291 275 233 229 40 258 76 27 89 113 138 110 262 117 266 111 86 224 9 114 273 87 247 153 73 260 225 108 211 185 50 95 246 9 267 98 124 186 75 44 2 171 267 283 185 34 209 223 209 244 227 169 220 120 50 162 22 269 184 229 20 228 59 1 122 170 295 258 290 274 29 69 154 17 225 206 220 161 169 221 280 67 291 217 30 297 102 169 258 284 207 119 124 166 89 142 279 234 250 
298 65 258 212 183 299 233 68 266 59 190 72 30 115 134 107 103 44 114 97 4 243 231 235 215 43 57 110 145 287 241 35 161 173 130 246 201 47 162 287 47 248 126 24 182 79 83 177 238 168 19 24 271 59 72 180 108 193 218 136 15 200 195 196 284 230 126 76 16 113 80 148 51 105 255 222 16 143 256 214 183 233 240 151 151 226 97 90 115 19 78 176 227 113 104 239 27 285 2 33 
127 58 63 113 107 102 183 146 13 159 219 161 297 231 89 137 264 242 100 81 144 188 179 54 66 167 268 13 73 109 59 35 7 152 151 19 134 105 260 264 60 256 146 168 22 151 227 292 201 21 135 240 90 136 151 145 256 244 159 102 31 274 115 152 103 181 185 138 73 280 88 231 218 209 172 53 262 44 28 246 231 186 196 57 41 156 1 151 260 178 45 258 96 109 3 41 204 109 103 46 
227 187 218 257 22 2 29 5 178 54 286 116 261 138 34 26 279 70 20 254 287 9 227 272 261 205 208 278 270 39 110 218 50 240 82 132 217 168 52 48 254 186 139 38 140 288 5 276 169 29 282 291 280 256 203 170 1 182 160 95 36 159 211 272 158 293 159 173 83 81 107 110 197 207 213 3 23 260 61 239 242 146 78 254 28 51 38 14 89 257 41 272 147 129 72 190 24 85 83 280 
79 228 225 23 72 181 10 121 75 159 254 286 112 59 212 19 90 234 265 5 153 205 14 80 218 294 63 161 144 89 233 4 170 206 102 218 270 197 220 218 32 295 136 122 187 203 136 149 203 230 178 43 108 262 23 108 106 237 50 208 169 268 169 255 259 261 270 36 204 106 246 47 5 263 123 256 100 43 22 30 275 133 75 135 199 197 295 64 178 22 167 125 244 118 103 91 27 244 122 181 
77 124 104 8 279 64 63 266 139 102 54 60 221 290 215 223 289 101 8 112 239 194 277 42 36 59 28 257 293 23 184 33 286 56 298 57 81 280 204 100 19 232 32 32 265 22 126 217 271 130 189 0 33 71 179 161 238 208 150 289 250 43 117 36 179 272 76 102 108 170 227 212 140 281 41 221 205 227 131 234 256 68 242 95 115 220 35 148 166 144 62 71 134 191 213 73 235 39 238 138 
203 238 142 288 168 258 11 189 210 152 192 158 17 228 59 119 178 114 8 11 91 207 104 174 284 168 129 166 119 46 164 46 179 201 130 86 217 166 91 86 95 86 96 9 281 249 280 14 57 79 90 128 178 162 165 291 284 84 287 101 54 15 186 162 224 186 200 68 131 237 278 114 277 128 99 146 169 164 126 141 61 278 209 109 46 108 115 202 123 165 177 6 89 193 48 106 1 297 226 262 
43 264 182 259 83 258 25 263 289 203 231 47 137 224 257 4 175 265 208 103 233 79 53 243 163 60 147 186 110 151 186 206 208 102 165 65 247 200 58 22 8 24 84 66 78 71 90 131 67 290 78 114 181 136 1 243 69 185 125 293 164 211 19 267 243 67 105 26 178 23 87 124 251 247 154 152 11 22 100 47 148 26 179 239 280 162 108 9 62 135 7 244 15 181 296 252 284 36 60 189 
287 206 194 40 265 150 87 146 209 86 276 207 166 281 210 201 18 160 222 146 19 238 170 39 151 82 259 106 126 16 205 89 66 142 264 76 91 211 21 140 284 89 36 209 198 128 87 45 50 111 262 194 172 83 4 230 70 72 243 141 58 39 264 279 13 165 214 42 56 98 34 14 87 198 237 83 7 162 105 203 44 38 278 33 248 221 115 189 115 262 84 273 219 133 109 35 193 57 126 283 
149 209 192 36 79 25 64 230 83 143 150 23 209 145 49 75 196 164 258 111 196 37 18 21 246 91 195 248 289 78 145 215 46 70 173 289 291 31 67 54 135 291 281 45 257 148 191 171 19 253 104 242 1 59 13 175 63 96 92 100 15 230 188 126 214 5 107 114 232 283 164 63 137 291 78 188 111 40 248 10 50 155 239 80 60 171 69 61 17 261 156 57 131 31 298 168 181 292 105 3 
17 129 138 1 213 218 33 65 168 292 165 248 9 66 166 210 238 126 82 72 280 161 17 104 70 241 86 136 161 145 59 236 235 162 268 279 51 77 159 4 27 153 120 13 39 246 69 172 45 222 21 107 85 64 96 217 240 162 262 155 227 67 213 77 214 117 172 82 22 235 110 189 237 250 122 233 176 80 48 289 265 1 212 136 16 2 225 52 20 180 37 294 78 95 155 77 25 278 261 298 
226 252 263 88 278 123 47 7 213 283 51 143 122 219 252 29 152 100 152 89 231 54 183 250 200 220 29 210 77 169 79 15 288 120 242 224 277 120 268 208 66 164 10 28 211 106 70 28 262 177 210 227 36 93 140 298 237 34 87 30 157 231 238 93 120 156 284 39 98 6 191 72 142 294 5 97 72 140 292 43 170 117 277 19 136 280 116 177 162 121 169 218 22 279 114 259 193 71 143 27 
283 52 90 211 74 69 32 222 250 145 244 123 258 129 83 101 243 275 215 130 99 94 196 137 103 242 83 214 68 173 25 37 109 110 199 201 13 217 236 158 233 151 16 15 1 116 238 201 172 122 273 6 63 160 2 5 77 23 185 94 164 31 212 4 299 77 92 94 208 195 143 119 144 72 102 109 97 46 236 95 115 170 294 253 99 155 240 192 187 142 260 103 126 108 142 50 147 191 136 105 
227 218 263 199 20 164 221 95 267 212 220 246 69 250 178 227 102 76 143 287 290 291 248 49 117 196 230 81 21 275 131 191 197 62 254 215 0 193 97 198 122 137 113 8 242 238 62 183 229 214 193 102 114 247 54 11 30 248 207 26 298 190 112 76 2 168 158 71 69 273 249 150 299 105 57 183 113 219 276 215 91 257 124 233 226 293 144 3 45 278 91 65 93 146 177 288 184 71 229 290 
246 95 99 215 289 261 175 96 167 224 286 85 161 286 114 96 71 293 160 143 69 97 45 98 100 162 125 58 108 231 273 82 164 160 298 96 213 144 3 222 268 261 22 158 231 144 261 26 164 88 264 252 162 106 81 45 212 139 252 120 197 273 145 241 91 83 262 99 42 190 97 227 247 287 50 238 52 67 44 80 130 297 94 54 114 39 127 213 103 116 123 112 65 48 80 152 206 288 175 266 
77 95 125 93 148 233 296 128 168 124 223 266 268 16 80 76 298 291 95 195 121 217 96 207 80 236 232 283 262 111 254 110 6 84 107 289 188 7 122 274 77 173 42 148 15 158 156 248 85 83 209 271 50 106 32 249 39 177 0 222 182 201 77 179 76 8 75 239 155 134 187 150 200 237 25 74 219 206 217 236 165 129 214 141 49 296 27 150 94 244 268 245 267 185 293 256 156 15 182 151 
48 145 118 241 256 233 80 111 31 260 27 77 86 243 164 289 54 142 170 161 152 232 36 279 224 131 15 31 141 182 222 89 204 52 273 63 179 39 31 281 180 164 214 11 25 165 168 223 174 176 19 167 13 2 184 273 166 124 185 62 216 144 180 0 134 144 207 3 97 194 218 226 133 39 6 113 242 94 115 98 157 211 163 92 271 105 8 127 117 291 48 242 156 134 285 153 27 287 244 287 
31 35 161 7 131 116 163 297 124 294 107 295 58 170 159 228 3 25 289 265 204 68 81 135 162 10 147 4 106 164 72 209 57 188 196 3 25 276 209 145 152 221 166 246 10 21 194 171 216 238 221 191 195 176 191 176 190 162 264 161 72 28 11 266 74 147 180 84 4 6 68 74 193 227 226 235 180 77 119 252 4 249 281 0 3 206 17 135 87 238 242 52 69 17 182 190 106 96 75 136 
31 174 132 8 8 61 141 33 49 229 256 273 155 157 262 205 12 298 201 118 57 16 111 24 208 10 67 53 71 281 102 232 11 124 89 171 244 163 142 197 100 45 56 140 178 58 170 42 177 173 214 70 197 202 142 78 214 231 219 227 239 280 194 232 156 281 28 90 10 135 212 8 294 174 299 226 141 141 67 295 299 290 160 235 59 295 195 2 282 117 187 223 106 61 197 84 17 212 299 166 
106 43 117 292 231 106 104 43 235 221 187 172 118 225 107 65 287 92 73 136 17 183 285 18 125 22 177 152 55 265 291 64 51 178 136 1 118 280 17 206 177 246 56 264 77 62 59 143 79 216 234 8 94 253 195 296 107 57 113 191 69 97 121 222 157 297 233 73 267 109 121 65 270 257 177 53 232 66 148 127 262 19 13 298 66 100 63 77 222 285 201 238 100 143 140 248 98 247 152 30 
4 187 193 274 179 153 69 101 212 244 142 175 50 145 230 137 25 71 235 181 159 291 116 253 263 119 295 52 63 104 153 250 254 85 11 58 59 198 234 297 117 185 141 148 283 103 121 246 138 26 21 35 36 118 188 216 247 250 104 180 139 8 248 295 156 251 220 141 219 284 91 45 122 51 73 14 291 64 203 165 9 6 199 132 25 38 156 291 48 107 246 117 68 192 94 214 120 182 296 222 
231 164 272 36 112 52 238 204 191 89 142 286 288 258 76 240 257 252 248 129 201 2 0 15 114 51 65 74 130 181 280 167 50 185 193 16 143 44 29 60 66 272 219 120 128 10 96 291 253 218 200 236 118 99 112 298 134 274 250 169 43 133 146 110 261 24 86 183 46 90 176 120 145 299 235 169 292 102 231 257 25 131 4 2 285 267 293 258 176 179 258 237 227 32 135 160 71 184 264 254 
57 270 205 229 159 54 232 283 182 287 185 245 8 272 265 40 223 89 219 290 275 244 239 175 185 152 152 125 245 129 121 101 25 136 106 203 122 43 76 267 206 224 266 201 162 255 233 245 135 94 266 28 128 245 99 63 166 277 200 85 102 219 170 147 202 156 109 90 106 240 241 13 17 122 242 203 205 287 181 71 159 21 107 138 154 48 188 205 57 137 82 119 191 279 239 238 179 11 201 277 
76 177 125 32 39 232 117 168 42 204 26 52 143 118 16 129 94 119 244 120 219 206 236 49 147 88 237 168 293 121 5 157 188 48 266 122 103 18 159 51 76 3 266 145 40 117 98 272 15 181 81 250 255 71 161 293 196 226 286 122 83 20 11 186 285 75 126 1 282 120 137 274 256 43 255 230 246 123 25 49 42 255 33 289 106 61 125 112 123 166 264 236 298 122 138 164 240 9 144 38 
287 227 13 231 33 108 187 167 196 187 34 138 123 288 115 50 224 219 291 266 102 207 125 201 261 118 106 55 8 63 8 225 207 234 57 84 109 251 80 40 99 241 159 224 29 224 123 101 196 197 161 286 33 45 275 59 69 209 267 163 10 8 290 206 1 285 295 99 44 43 260 184 74 58 238 263 189 32 137 129 191 127 262 6 171 205 133 72 194 242 105 191 53 48 278 244 6 133 161 244 
123 292 209 288 142 257 233 211 90 178 85 240 44 186 227 264 229 170 139 157 243 109 36 184 234 44 240 121 130 145 181 93 222 262 18 264 70 70 182 295 177 257 111 228 268 129 46 33 247 20 240 250 37 114 44 186 77 286 196 275 220 229 85 20 40 114 199 72 263 206 248 213 49 222 207 238 250 289 84 57 48 131 42 171 167 170 9 213 129 164 246 227 36 242 164 171 166 72 144 60 
1 284 26 163 99 191 117 270 151 141 97 15 288 140 292 196 102 272 212 48 191 222 174 20 207 82 46 60 15 82 293 131 235 36 114 250 174 43 266 44 70 9 146 25 140 142 290 252 245 188 63 281 226 3 145 252 237 296 18 172 124 226 238 239 261 206 75 46 83 214 256 131 117 125 185 37 140 298 17 56 13 3 208 202 119 111 5 269 74 105 142 294 89 143 115 26 13 83 201 227 
222 209 112 156 173 70 107 44 143 95 103 176 194 76 257 72 177 110 119 41 0 143 237 284 161 233 248 85 164 198 120 104 278 155 239 131 296 299 1 202 198 13 293 164 83 279 20 123 69 161 100 290 78 89 127 104 184 293 6 263 201 296 256 162 296 176 55 156 114 112 286 175 40 64 151 96 48 297 71 55 283 51 6 288 6 268 65 115 291 46 75 198 10 0 1 53 211 25 98 215 
298 257 281 294 170 285 18 231 2 89 284 3 134 96 183 201 92 214 101 253 206 113 256 172 155 110 144 97 84 281 219 12 193 259 8 197 136 11 188 250 193 163 166 8 58 9 222 8 54 42 156 222 212 72 102 162 9 270 275 54 30 252 281 238 119 54 282 118 85 34 234 153 180 36 252 83 221 124 299 8 77 273 114 25 214 101 143 28 16 73 47 283 290 143 38 270 267 152 55 34 
182 79 217 260 296 71 184 237 172 148 137 290 60 181 124 8 240 168 229 182 27 286 249 218 96 249 153 240 237 115 275 288 86 261 208 79 213 8 29 21 190 38 142 62 204 145 200 49 45 71 122 156 203 221 131 25 235 98 6 164 170 146 121 230 113 160 194 133 142 67 23 222 141 120 101 216 124 57 92 165 205 236 104 5 111 39 247 9 256 210 93 146 214 194 212 242 269 117 81 204 
139 77 66 127 249 277 154 67 66 222 110 208 289 86 70 66 24 39 211 78 158 202 226 9 156 250 157 14 216 98 288 90 65 181 158 129 263 158 85 180 26 155 136 165 57 202 296 299 289 169 41 207 38 149 65 62 161 118 201 268 274 70 251 76 88 132 31 224 123 34 30 76 269 16 13 230 88 95 210 16 131 258 151 278 279 124 154 237 196 150 156 229 124 154 86 234 83 161 186 176 
192 9 206 192 235 77 216 265 159 269 220 117 78 273 23 5 122 125 285 214 6 239 30 196 266 172 261 123 167 176 281 21 154 47 279 91 271 55 123 299 197 160 50 117 133 62 136 45 34 151 99 197 243 156 232 35 259 103 192 157 232 33 281 162 91 41 298 116 66 10 41 236 159 61 8 58 240 22 34 18 172 287 118 273 230 85 136 248 19 224 43 262 204 97 115 76 1 110 227 166 
79 16 10 280 289 163 182 162 217 87 29 251 148 19 47 88 199 23 216 208 188 137 194 127 294 79 41 71 212 2 15 94 83 223 170 170 190 151 44 74 89 76 29 174 133 94 175 0 24 9 74 91 95 45 41 88 76 199 121 31 5 62 220 4 186 126 257 151 54 236 114 57 155 214 178 85 56 16 172 226 18 59 152 277 31 237 28 268 171 94 77 4 255 193 24 156 271 233 11 72 
198 258 161 165 89 11 216 285 200 158 256 265 236 206 184 245 106 35 284 281 74 139 267 77 259 295 50 26 162 197 132 146 298 189 71 32 203 246 283 282 278 247 230 75 203 21 172 116 256 158 115 153 150 58 82 176 37 197 209 145 60 13 57 196 17 258 209 283 286 51 20 48 221 75 141 94 126 292 119 147 10 14 83 137 74 219 242 291 236 118 127 167 269 90 152 13 44 156 160 294 
66 199 93 30 154 262 159 19 243 148 157 224 84 112 226 69 295 135 67 87 293 110 175 158 268 46 150 152 127 171 186 129 246 141 111 241 25 157 163 194 106 231 218 111 253 83 202 36 136 29 244 195 231 153 177 179 78 147 184 146 0 84 5 104 67 273 207 133 205 167 17 123 272 264 34 106 282 291 181 120 294 238 227 253 103 252 105 37 26 169 116 195 126 270 12 254 180 204 215 126 
291 233 33 190 105 240 201 175 194 293 185 11 205 173 31 99 17 242 11 66 13 298 212 131 255 269 151 268 210 253 237 80 234 250 275 102 244 241 51 192 2 239 285 62 280 162 141 242 204 188 67 180 151 100 166 30 196 177 49 290 20 184 240 19 247 14 151 120 234 50 176 27 277 212 197 141 204 5 103 194 120 245 89 248 219 287 172 131 248 59 84 116 151 106 251 6 229 245 89 157 
63 203 204 124 80 217 289 68 104 187 234 203 110 33 13 62 74 277 289 47 168 166 83 26 47 238 140 10 41 228 297 210 121 109 27 97 231 192 13 255 145 131 146 189 14 232 155 62 15 40 145 58 135 51 50 155 195 80 66 67 62 74 232 166 47 91 74 197 37 0 33 193 34 110 220 71 191 19 79 80 79 51 163 252 290 25 245 225 55 9 57 49 34 124 68 200 247 82 163 75 
131 34 97 199 20 70 198 274 226 297 2 227 145 203 133 281 24 260 272 178 65 211 77 100 186 208 226 99 102 260 256 120 272 148 169 173 222 141 158 294 195 98 150 76 198 159 146 68 26 24 20 75 162 89 82 131 140 224 47 12 103 251 71 160 73 157 129 239 238 263 42 159 296 115 205 147 297 35 122 111 72 82 191 227 65 284 100 260 240 132 245 203 246 187 98 255 73 138 170 201 
269 214 60 73 256 135 61 148 279 19 82 236 61 89 206 40 96 286 55 69 121 146 62 56 237 214 255 272 133 129 2 86 93 228 150 35 85 242 160 107 16 248 144 80 250 65 166 164 219 130 135 14 144 16 45 242 18 90 196 244 141 229 86 243 26 240 54 223 124 13 229 71 123 233 161 111 22 191 153 140 271 60 164 89 125 249 29 255 141 186 204 80 40 234 131 72 227 271 75 211 
100 287 143 109 189 103 249 236 182 274 237 128 164 201 231 121 3 150 96 69 35 47 63 149 62 265 291 125 61 16 85 12 166 264 24 241 245 56 93 65 293 118 128 8 117 120 86 73 278 14 213 49 64 200 189 34 168 41 108 210 100 115 220 277 65 273 247 275 292 10 239 144 208 288 28 48 223 30 251 114 171 201 224 278 135 113 62 214 6 138 237 19 159 53 280 24 198 104 164 271 
9 89 137 122 39 211 147 31 49 157 76 16 294 32 93 262 96 102 298 104 247 200 281 163 22 228 1 175 24 176 215 9 149 63 165 150 185 239 83 130 168 135 79 151 18 157 232 55 105 160 73 129 256 292 62 211 286 282 283 224 56 66 184 188 68 50 137 54 39 257 111 73 163 279 42 30 204 219 1 35 187 158 135 277 121 282 79 79 219 35 258 164 234 252 275 261 1 141 128 189 
152 240 191 4 187 282 247 135 267 55 244 64 81 81 160 208 285 88 52 207 228 250 222 62 21 33 36 68 152 77 149 118 261 228 267 155 140 15 173 112 252 267 85 259 197 51 224 154 116 268 81 86 266 71 108 253 138 109 36 69 271 105 110 6 197 121 295 109 121 90 136 18 123 250 132 87 151 47 136 278 7 201 46 130 20 118 110 172 228 5 89 75 43 121 18 153 217 48 283 276 
142 4 144 141 35 24 242 6 168 46 102 118 10 164 247 33 291 292 21 265 128 140 92 220 67 298 213 298 196 132 19 142 89 292 276 72 104 42 253 190 16 182 64 148 28 291 96 16 47 168 238 6 193 31 226 286 209 87 235 115 39 290 175 20 151 238 211 277 299 151 19 168 166 290 224 41 62 116 257 183 103 34 151 275 44 252 53 282 181 48 188 282 6 200 4 173 231 70 254 86 
16 155 178 88 199 58 124 244 99 135 275 289 276 127 154 126 285 109 51 264 264 157 276 144 44 141 76 55 99 293 214 168 206 59 48 186 234 282 262 239 252 199 208 248 61 222 2 110 279 102 146 75 186 299 203 121 130 110 8 200 135 226 231 195 146 258 31 281 100 235 244 212 157 292 33 222 191 43 150 218 250 57 48 17 242 237 102 197 295 173 69 265 196 229 245 43 204 244 177 283 
232 37 237 216 105 258 243 260 41 191 256 143 275 264 48 204 204 11 107 164 260 89 73 62 242 11 25 255 67 270 217 118 107 150 141 111 185 6 45 266 60 12 239 149 158 174 286 9 290 210 251 45 72 10 54 187 76 155 9 81 119 51 235 267 109 252 120 57 200 299 226 232 171 197 51 200 59 164 217 120 82 197 135 273 136 153 190 288 207 158 166 103 65 63 27 30 125 62 42 186 
186 69 128 197 35 247 180 67 192 209 115 17 208 48 153 12 244 224 47 236 250 294 197 210 33 42 205 294 256 245 67 97 197 4 2 58 192 244 42 55 136 9 99 127 105 184 271 266 147 298 168 252 266 217 36 125 178 89 97 33 173 76 127 195 147 25 219 167 85 11 53 141 53 160 205 204 212 236 115 170 21 4 181 112 50 290 117 10 209 163 283 173 21 279 282 120 172 144 33 256 
231 153 61 135 299 123 86 46 282 248 15 238 32 104 230 280 143 22 3 227 93 153 19 259 19 150 160 16 69 67 275 49 225 116 151 285 156 213 276 46 103 9 30 244 137 221 239 136 289 68 258 78 291 242 17 59 96 202 253 231 222 100 165 54 232 62 165 145 225 47 56 44 138 18 252 5 83 72 184 115 143 92 45 197 283 174 265 125 119 22 254 144 6 106 231 266 191 127 252 1 
269 231 26 171 260 219 273 5 240 200 121 7 297 171 294 156 176 57 272 128 129 46 253 213 53 110 125 266 119 93 21 279 237 239 267 8 280 136 249 32 204 13 90 218 289 192 164 169 134 24 224 61 242 251 240 156 57 266 275 254 135 254 50 173 208 167 9 192 19 170 204 9 228 211 143 209 56 223 115 11 11 270 295 168 213 28 69 102 63 224 262 54 136 250 149 12 12 173 298 177 
1 0 290 298 88 291 220 195 285 172 107 233 284 87 135 17 107 109 162 110 178 160 44 138 190 63 224 231 41 183 60 204 293 115 131 29 215 44 138 278 30 32 297 120 156 128 50 56 227 111 205 50 28 245 234 233 276 255 285 0 240 9 241 0 71 118 243 203 238 254 267 208 87 2 39 60 120 236 54 193 286 21 152 252 169 279 25 20 43 66 3 161 117 97 131 283 48 189 246 155 
168 270 256 262 129 27 126 44 227 223 217 15 100 143 286 25 42 222 23 99 182 46 282 87 299 185 140 151 16 184 24 27 278 267 106 232 68 229 210 202 115 157 222 235 64 157 23 41 83 99 154 190 126 125 161 294 271 208 291 225 102 44 94 93 199 213 263 298 287 246 112 264 284 103 297 17 242 224 147 180 115 93 256 33 147 42 242 98 144 195 88 13 211 12 102 234 16 209 193 60 
115 290 50 31 255 121 258 45 11 112 138 22 155 248 19 288 292 86 228 82 19 33 123 175 187 48 98 166 141 78 243 269 251 151 278 175 108 129 1 55 283 135 244 18 42 140 14 298 181 152 19 40 119 110 196 190 181 293 160 41 73 144 173 266 68 199 110 236 46 113 238 170 81 287 9 21 205 202 292 232 207 180 283 226 193 171 63 159 217 58 102 215 240 88 26 243 49 150 164 258 
262 80 29 167 34 207 181 155 131 165 223 74 142 126 17 37 249 90 24 203 164 171 67 211 91 21 132 112 115 226 187 120 7 170 82 142 177 43 68 148 101 154 58 196 25 87 19 273 214 137 63 91 226 73 230 127 98 147 66 105 30 233 94 139 90 84 25 279 255 56 46 96 247 288 197 157 273 38 18 233 209 44 80 286 218 243 37 125 25 202 84 173 29 86 163 235 243 49 98 46 
20 85 60 230 196 247 56 3 245 67 47 91 245 166 192 299 129 45 27 41 126 179 126 222 124 278 141 232 157 154 158 198 295 15 180 223 97 75 31 96 102 75 196 85 91 227 293 261 186 251 240 13 48 269 116 242 65 280 204 22 276 249 275 245 112 4 116 280 125 209 39 289 52 237 194 128 170 139 33 93 26 178 216 216 225 89 291 178 177 276 96 0 174 116 71 81 244 162 2 274 
77 112 6 86 38 9 34 268 35 247 106 131 124 57 127 225 18 285 105 293 295 126 125 99 76 295 184 87 39 272 280 220 240 281 77 210 81 24 107 20 126 222 90 35 66 193 41 189 42 99 159 273 189 103 99 87 37 52 232 266 284 299 152 101 263 34 80 275 140 261 168 74 270 196 279 181 273 5 30 92 205 199 274 188 7 290 159 4 298 85 181 140 140 114 152 132 246 257 224 7 
184 8 211 284 91 298 15 268 279 89 295 286 241 116 48 227 70 284 175 258 194 22 285 215 43 205 283 38 16 126 167 191 284 2 287 111 35 282 189 182 224 21 2 194 236 73 199 202 174 23 52 193 147 277 275 52 68 69 77 7 57 147 19 131 193 286 220 51 203 67 40 57 51 254 84 210 170 61 89 41 286 161 95 24 105 104 99 199 231 281 134 171 146 254 198 283 230 20 126 204 
90 230 294 186 217 151 142 96 148 89 36 60 151 126 106 268 141 74 152 188 257 193 118 89 279 211 46 290 28 236 125 137 278 245 254 144 13 156 38 285 29 139 134 130 284 260 250 213 151 60 216 75 110 5 93 235 15 172 250 213 155 19 69 60 275 179 40 129 76 90 202 213 98 79 29 172 10 81 232 183 154 229 286 99 129 194 155 207 131 291 78 104 190 24 74 179 14 97 56 191 
82 116 97 283 231 207 248 30 160 157 183 105 295 37 139 86 227 147 132 82 299 47 117 63 117 188 288 7 83 222 186 199 178 46 214 109 127 153 35 32 239 158 266 277 242 176 133 14 187 129 184 168 14 49 1 46 230 93 59 24 129 174 299 109 289 201 151 297 75 4 214 226 195 142 147 297 249 163 245 251 74 118 39 281 260 232 13 29 227 65 267 149 156 33 177 265 278 15 299 64 
90 145 161 147 147 4 189 270 71 273 231 151 152 236 154 168 46 160 285 239 116 8 93 72 158 108 217 227 250 199 114 262 109 287 232 185 19 25 52 0 210 82 200 217 64 251 19 150 140 225 34 257 10 5 111 215 153 102 103 146 16 274 188 79 28 234 99 78 85 24 232 298 231 255 270 208 226 274 292 83 165 216 54 119 232 48 235 7 217 247 64 155 297 110 109 270 98 58 18 91 
214 165 221 110 189 223 150 69 260 229 227 27 102 148 158 277 243 77 39 212 115 104 10 146 252 218 165 64 95 252 258 167 193 96 143 218 60 42 257 200 295 248 246 42 123 130 74 275 247 8 265 229 238 60 139 223 114 23 144 93 289 75 5 244 276 138 126 207 150 133 62 285 38 247 267 228 154 100 47 4 19 238 20 264 67 63 126 18 191 191 166 21 101 11 28 140 127 258 290 165 
81 39 180 27 99 283 244 152 86 92 167 113 244 171 175 55 106 194 162 42 266 4 247 288 282 77 44 296 251 169 92 152 37 104 81 52 62 224 228 255 93 202 279 234 113 125 272 79 218 256 125 64 160 54 40 298 133 244 51 272 260 293 286 295 27 165 212 170 120 184 3 9 176 248 172 155 259 30 46 184 188 49 202 172 136 76 59 94 189 152 199 16 5 132 25 192 182 285 173 146 
241 189 149 194 226 184 285 80 54 293 233 150 127 37 101 38 31 150 21 89 0 298 18 192 179 34 130 77 24 224 175 295 32 142 50 89 28 190 73 205 77 99 237 233 68 109 142 158 288 4 207 67 210 273 22 119 49 21 183 255 230 202 184 191 105 292 50 148 117 236 42 173 248 147 190 252 235 216 165 244 228 175 95 112 88 101 38 38 24 231 238 265 106 68 243 53 86 97 197 221 
226 292 11 85 264 9 92 68 211 239 186 163 107 109 31 280 294 63 178 141 15 12 173 221 144 33 12 160 232 264 203 133 74 89 248 293 157 173 43 209 168 217 109 200 92 37 62 162 207 269 34 40 215 186 174 165 196 170 104 173 118 106 44 280 174 52 37 269 6 204 39 207 35 254 218 263 223 228 159 155 204 94 150 267 252 27 252 18 237 110 241 44 18 185 97 21 126 164 146 36 
24 77 13 29 0 14 277 144 182 100 204 123 212 267 182 173 61 282 55 165 231 149 64 72 284 108 236 26 157 9 155 8 170 248 91 81 74 222 239 254 22 80 0 134 188 154 138 264 186 12 27 127 103 75 97 183 173 223 2 129 183 27 64 83 73 114 203 137 258 233 298 127 138 41 23 92 144 42 106 162 213 120 112 99 65 41 113 183 285 227 236 3 178 191 253 278 241 54 75 42 
144 259 35 281 299 266 45 104 147 216 158 248 167 190 54 175 56 58 30 269 259 159 8 192 72 264 50 97 17 288 233 76 182 45 79 153 84 19 238 116 89 122 214 117 47 150 161 57 237 134 122 221 276 103 224 40 221 75 267 31 254 85 167 123 79 230 208 71 207 272 138 206 191 202 111 55 59 205 173 43 59 70 139 275 155 256 19 62 138 210 133 158 79 188 71 270 165 278 148 42 
193 146 282 127 225 292 131 64 283 138 66 242 67 97 215 250 93 93 196 12 290 287 154 108 292 253 264 6 229 18 110 68 9 236 36 163 222 18 11 101 140 214 176 25 192 7 69 124 89 198 189 76 206 150 224 230 271 117 169 127 182 105 249 31 191 51 137 105 39 178 32 278 26 3 176 74 259 53 33 55 288 203 33 47 70 237 81 128 26 191 8 93 61 223 107 136 221 41 249 278 
188 188 292 223 276 228 136 235 216 181 286 224 106 249 192 85 189 250 51 26 217 31 100 72 25 217 175 239 184 8 273 215 104 30 141 20 267 246 258 193 202 270 94 299 234 123 98 21 96 185 236 99 205 273 129 0 291 293 221 52 43 192 71 46 151 14 206 236 214 103 76 68 277 53 136 199 201 258 47 57 114 264 194 176 94 166 247 180 134 154 201 2 132 247 73 39 178 212 267 164 
42 281 292 252 299 0 40 166 114 229 203 295 188 273 24 241 63 201 270 125 87 229 219 143 291 107 42 68 61 22 183 276 50 15 136 237 273 70 18 158 186 256 94 144 57 291 82 162 96 247 115 43 138 76 23 41 273 280 5 275 99 138 32 204 275 78 210 154 238 84 63 20 268 207 112 280 214 95 232 127 119 51 260 86 166 214 217 21 98 88 188 70 49 115 173 228 65 24 109 136 
284 292 13 188 221 159 286 82 279 220 226 112 266 141 154 270 108 55 218 291 65 265 286 3 158 38 214 183 71 253 129 287 191 140 129 246 280 299 6 268 227 162 196 44 41 53 109 50 227 112 188 14 279 222 287 191 131 149 211 91 121 239 65 179 68 200 151 165 186 163 129 24 159 81 190 240 61 172 170 151 272 252 276 272 183 16 183 121 28 159 136 126 284 172 279 256 79 138 200 6 
55 96 180 271 162 298 104 232 213 189 179 233 154 108 247 267 266 46 162 19 4 165 178 117 268 51 30 129 75 152 146 13 10 253 13 237 121 228 118 76 26 276 246 228 238 138 11 288 152 224 280 11 299 265 207 75 89 221 43 147 5 66 79 150 280 70 282 282 139 116 193 12 4 186 113 136 248 132 230 275 276 42 257 62 214 250 40 6 70 236 144 30 200 230 97 5 36 92 74 273 
145 296 39 67 154 110 254 92 31 174 114 23 278 101 145 204 209 4 50 192 39 66 86 166 257 26 122 46 123 278 240 12 259 38 49 222 97 24 108 273 91 70 89 182 39 116 96 209 63 144 183 242 37 187 129 179 223 262 85 132 192 128 166 169 124 270 0 177 88 276 47 120 225 130 262 150 251 243 295 148 117 41 141 84 140 258 157 264 107 240 202 240 272 127 235 53 108 46 46 252 
160 99 107 147 285 153 125 16 141 219 124 299 98 235 70 62 35 79 127 155 273 258 72 134 59 162 263 76 269 16 261 119 53 132 191 202 15 168 150 188 214 259 64 240 227 255 104 144 114 162 121 250 8 143 141 266 196 273 30 117 88 196 168 206 46 160 169 39 113 198 124 290 14 188 164 288 16 196 85 249 111 136 161 186 60 116 208 4 164 272 84 262 240 188 202 224 59 214 77 280 
206 127 285 237 224 76 203 295 232 178 47 182 200 232 161 7 267 92 181 71 50 56 105 197 86 98 185 206 21 234 77 50 108 135 21 130 104 273 60 16 200 250 197 135 129 234 71 220 218 79 88 12 19 260 37 279 181 53 152 204 100 108 270 245 291 31 298 254 287 106 113 245 35 222 195 156 187 298 74 107 68 285 241 155 270 201 156 4 203 14 287 290 171 1 120 97 153 150 201 215 
213 80 5 40 46 1 285 109 70 65 250 50 91 111 297 152 84 205 75 231 52 264 90 23 51 188 91 174 179 157 162 173 161 278 243 2 160 152 123 177 13 215 42 38 251 248 262 235 209 278 64 130 258 19 109 281 95 158 12 279 16 242 65 106 188 160 5 199 102 273 17 34 28 106 100 291 173 88 61 95 172 140 168 135 66 19 44 62 204 109 177 121 29 159 107 48 221 267 230 167 
115 283 123 270 0 112 299 236 137 248 67 142 137 181 192 287 186 5 139 283 82 151 248 212 113 92 166 248 197 281 90 81 268 70 77 230 53 48 15 271 14 207 198 134 277 279 174 94 182 40 226 216 272 40 215 0 50 15 40 114 291 1 289 118 289 79 168 177 155 143 224 258 197 273 60 124 240 82 52 168 42 185 82 284 194 10 104 133 212 134 271 70 88 164 199 195 193 149 230 97 
9 67 134 34 273 247 71 75 145 288 297 192 177 126 133 33 178 71 105 98 264 281 189 260 12 192 289 158 121 253 16 292 131 138 186 239 51 292 65 13 189 103 76 84 291 149 288 225 121 246 8 121 62 50 101 15 194 12 293 127 172 249 259 187 174 88 182 13 198 268 61 76 72 83 91 166 145 30 276 77 166 72 136 192 49 31 230 121 107 32 212 128 135 267 9 58 2 20 163 267 
171 128 22 125 5 186 241 95 223 275 299 93 295 192 273 44 30 207 254 180 198 241 147 19 289 159 132 201 114 286 298 250 218 51 198 176 168 226 294 166 164 218 83 61 228 298 275 172 164 191 92 49 52 2 228 97 3 139 206 100 254 150 89 247 178 281 152 61 54 154 146 77 237 223 167 292 266 291 126 118 0 54 84 107 64 223 252 194 241 217 29 22 108 121 206 143 180 23 264 68 
295 35 229 162 261 144 202 247 77 153 142 116 81 0 50 116 135 193 184 46 250 164 280 92 130 82 147 197 243 207 162 68 194 111 203 159 85 135 126 278 4 174 43 143 272 258 26 58 9 143 87 125 43 213 219 18 20 233 46 104 144 195 290 91 264 141 32 74 212 275 226 185 167 126 141 79 29 150 264 6 133 117 84 138 15 291 290 264 183 83 134 91 286 175 40 279 192 18 176 283 
71 273 202 224 260 56 220 172 131 266 32 80 131 204 141 298 59 186 185 142 130 150 74 127 258 98 57 100 71 24 228 100 114 64 270 3 212 288 125 206 215 250 178 256 169 3 213 122 286 215 44 155 51 169 164 16 111 240 27 108 137 46 178 144 248 112 262 117 34 262 234 168 108 13 103 66 48 58 192 91 237 156 291 93 71 213 199 94 118 41 127 274 61 84 51 230 274 209 226 147 
272 227 60 251 63 23 253 221 251 193 234 228 39 251 66 294 124 240 239 41 75 138 246 289 95 251 272 51 183 212 126 129 78 242 48 115 87 280 26 226 160 141 131 224 177 0 89 55 286 113 144 0 37 290 118 166 229 102 259 63 256 232 143 215 85 247 4 292 149 277 164 1 135 249 35 138 195 98 164 55 41 81 106 89 281 21 133 237 224 41 270 298 296 281 167 249 61 159 138 114 
137 169 33 290 245 106 34 3 292 269 12 96 175 94 49 190 210 120 225 186 87 245 224 119 0 232 279 122 149 237 157 152 266 136 139 153 130 215 180 151 261 233 31 132 123 259 229 228 117 130 180 84 291 5 4 295 155 116 272 115 66 157 32 148 72 258 144 169 105 156 93 218 249 171 6 168 19 149 171 126 117 27 297 189 27 225 264 67 270 262 84 229 271 268 137 276 21 108 87 175 
59 85 190 111 161 190 6 132 76 190 193 14 219 248 191 79 85 217 119 173 113 24 9 249 61 32 275 17 194 86 127 192 255 175 153 176 92 94 109 272 213 17 116 154 187 24 296 51 297 142 53 57 175 188 117 150 212 160 50 119 106 286 2 25 298 137 164 155 99 216 81 284 154 142 161 183 276 247 291 121 41 135 214 269 173 33 166 223 199 201 162 169 87 298 167 269 195 299 269 65 
158 79 269 223 137 58 142 37 267 5 72 160 226 145 46 59 110 64 59 15 146 53 279 56 197 141 94 103 235 298 18 126 68 239 133 262 132 200 181 292 227 47 51 158 110 231 265 249 19 152 215 159 146 23 169 173 49 296 235 62 141 249 53 25 189 212 84 225 23 148 225 255 185 216 256 25 157 197 147 293 152 57 4 39 67 299 96 214 19 133 290 63 247 80 288 256 39 43 16 92 
263 263 253 176 224 53 127 90 267 27 104 219 188 108 209 95 220 146 193 11 266 127 80 14 58 228 298 13 155 235 172 95 83 279 183 69 253 20 261 237 18 282 213 125 95 220 98 50 286 139 254 66 146 103 267 75 156 176 290 61 236 157 208 185 21 47 194 155 71 47 160 165 229 133 212 9 198 209 219 86 156 299 108 17 137 91 136 289 161 52 42 168 168 236 132 200 250 192 62 258 
203 194 117 168 290 296 78 9 181 51 204 265 127 292 120 38 5 142 252 258 205 96 193 5 31 228 32 266 192 188 99 269 193 40 137 284 66 236 284 163 151 251 66 4 39 228 112 107 78 4 125 132 18 225 283 146 194 185 281 192 203 82 49 218 212 33 206 110 232 224 268 280 273 272 99 143 135 231 282 204 237 90 152 16 215 2 48 69 249 20 197 9 183 103 152 171 257 113 298 26 
233 44 268 71 234 174 284 137 203 31 216 215 157 235 46 102 78 168 292 87 47 240 217 3 38 222 284 129 11 149 27 36 256 261 19 122 147 82 13 200 69 142 108 91 267 271 266 233 263 73 120 184 29 81 94 176 83 291 285 64 19 71 31 259 198 214 24 115 16 75 163 126 66 220 113 191 191 163 219 111 72 16 98 180 158 140 26 186 104 70 260 152 212 138 192 5 58 23 85 171 
132 134 92 32 37 31 119 72 4 130 199 82 106 102 227 99 59 176 63 142 198 236 247 104 183 135 244 32 281 153 169 218 147 261 74 190 264 57 113 66 179 156 45 187 148 253 8 32 243 41 71 207 264 104 115 2 112 12 134 289 283 211 140 48 71 294 63 20 167 153 49 273 207 153 113 282 283 132 171 276 147 184 164 0 114 206 201 128 138 176 26 76 87 149 98 93 265 92 1 201 
211 56 46 260 5 262 143 243 242 183 282 131 67 80 204 20 198 15 39 71 22 132 0 212 25 235 271 252 156 16 275 126 268 144 188 101 117 250 119 101 155 159 3 233 150 169 137 24 274 218 31 155 219 47 216 107 235 278 223 98 121 13 85 148 13 12 223 70 38 182 213 6 66 59 96 86 108 248 190 157 70 211 75 7 206 45 286 183 162 265 82 103 299 299 18 132 98 261 136 48 
192 213 9 260 192 159 55 65 174 80 275 144 195 239 269 224 182 150 202 189 29 229 76 179 252 283 144 37 285 273 105 214 92 31 275 220 157 15 174 15 36 217 180 268 160 153 44 39 8 111 240 57 158 12 30 170 228 131 10 2 203 275 111 122 42 16 127 162 288 60 12 120 242 211 17 199 87 285 64 290 200 107 225 107 253 240 2 27 41 10 116 22 95 35 235 126 101 109 98 13 
226 6 61 196 262 75 6 123 33 179 221 113 61 43 195 10 123 245 17 4 88 145 211 46 207 238 287 284 290 149 34 159 82 207 109 31 227 280 255 50 68 24 179 254 123 253 39 291 48 137 132 23 159 122 189 42 195 43 208 22 17 232 232 266 209 233 248 216 19 95 52 273 268 119 30 92 7 35 230 131 151 142 133 241 70 92 231 230 120 290 79 105 80 287 5 23 67 295 30 145 
219 215 266 271 281 141 198 206 125 45 186 91 197 160 278 89 225 163 297 86 254 228 271 0 138 33 79 270 255 49 143 148 222 132 83 50 129 13 75 85 44 101 77 294 189 37 118 133 87 208 168 101 236 20 259 213 37 154 268 270 113 232 107 26 256 98 204 192 79 235 285 117 193 117 54 7 72 131 204 7 240 258 98 256 287 270 249 114 50 227 27 5 26 123 6 82 35 226 182 7 
265 219 216 225 20 0 116 57 165 146 222 248 97 109 232 88 130 263 12 180 136 259 132 141 182 15 25 22 264 159 247 252 0 90 257 239 132 23 113 285 225 292 23 0 258 18 127 146 98 130 20 259 284 282 74 99 176 174 146 256 6 165 17 142 103 15 294 257 293 181 12 59 56 63 255 139 14 100 222 105 162 143 109 267 101 25 191 219 145 218 87 66 215 45 86 12 134 206 44 244 
