132 208 215 90 294 207 36 175 24 239 273 101 192 60 204 95 105 221 273 109 237 44 30 255 36 270 263 28 68 102 277 175 58 182 286 185 92 131 64 293 35 276 36 61 11 2 28 277 33 110 133 132 43 7 129 209 78 174 215 140 104 76 296 54 261 35 236 55 285 267 108 141 230 186 146 204 94 53 286 88 173 285 218 234 128 175 162 242 248 64 278 188 269 172 145 294 246 187 204 134 
284 236 34 277 221 189 105 158 42 267 148 43 244 260 42 225 208 155 199 282 253 103 178 164 255 14 7 95 104 114 246 47 178 233 207 231 43 134 91 241 131 208 252 59 248 210 272 73 6 199 135 229 294 123 86 175 89 238 70 225 188 25 34 105 158 102 192 204 292 27 202 23 112 15 296 24 82 76 184 68 155 275 102 146 258 212 21 118 175 25 282 291 238 287 288 138 261 32 252 28 
53 11 149 26 210 239 150 262 65 53 74 12 26 192 196 206 226 291 289 210 26 166 295 202 185 297 144 128 162 186 14 78 266 15 160 92 221 183 244 100 42 237 86 235 64 237 246 117 237 4 73 17 158 298 258 2 85 46 154 80 79 8 108 296 98 133 79 181 84 184 212 68 280 148 280 115 256 211 42 255 116 161 109 95 166 236 49 7 119 286 186 182 165 119 225 292 274 288 62 179 
279 232 17 200 204 271 265 185 163 189 213 232 83 196 245 122 147 4 85 68 223 197 256 110 218 254 292 115 237 265 153 85 259 290 23 165 98 117 163 96 184 127 151 299 181 108 149 24 177 174 10 175 224 88 229 160 246 57 67 17 196 239 108 54 152 271 122 203 165 259 83 258 197 93 113 109 75 58 33 282 202 163 169 82 75 98 87 47 156 116 73 18 142 218 199 195 25 294 277 157 
269 63 146 157 247 132 221 119 124 228 229 264 277 30 104 186 152 23 292 40 205 0 34 109 96 70 246 36 119 59 215 105 167 259 290 242 160 167 33 250 173 104 182 26 64 247 61 51 285 24 290 195 17 288 102 51 270 192 189 189 285 211 261 297 203 139 101 245 164 98 199 237 229 162 54 108 0 199 111 45 133 188 75 152 259 269 133 109 127 239 145 57 112 236 204 18 244 53 181 82 
98 74 109 43 153 41 254 101 228 213 97 235 210 299 57 239 271 213 112 81 292 299 116 225 164 240 136 24 51 215 84 192 139 149 14 135 133 5 111 123 165 293 157 130 121 234 198 271 139 167 25 271 148 185 119 2 112 31 277 239 108 0 41 233 239 30 266 218 44 82 163 172 202 227 198 206 193 232 169 250 280 120 221 221 200 72 87 146 32 168 252 190 54 213 267 15 125 226 212 36 
254 297 36 200 72 176 188 11 279 93 61 262 129 110 17 137 11 296 2 5 145 151 111 279 185 249 296 135 161 299 38 165 56 233 236 249 46 15 99 293 190 146 48 47 283 52 95 200 34 222 94 245 11 260 75 236 294 168 107 145 24 84 191 20 230 234 85 146 105 129 31 204 27 113 217 199 193 70 136 194 13 177 178 184 97 220 261 134 25 191 196 12 94 198 251 151 15 108 86 66 
237 181 252 67 13 249 40 33 173 237 153 203 115 49 246 64 8 234 187 112 181 0 143 230 158 32 130 12 44 124 126 178 69 179 230 207 197 63 269 248 15 0 25 51 101 119 177 7 228 182 35 216 55 274 140 273 81 58 141 28 201 246 107 234 234 243 229 88 219 265 72 229 52 119 195 93 18 266 165 61 212 124 220 24 166 182 63 238 130 124 26 91 233 228 48 6 211 6 13 74 
6 290 34 116 160 266 241 194 175 94 85 92 120 29 222 222 55 26 72 173 50 259 162 65 272 28 281 117 213 43 46 65 115 102 53 69 250 158 206 150 199 103 261 283 25 113 288 128 122 33 108 49 193 234 125 249 247 157 154 149 267 75 225 0 189 194 246 267 11 291 262 165 47 122 101 5 103 102 196 30 222 291 93 120 182 1 288 180 74 291 267 96 234 0 176 188 229 85 210 176 
38 235 285 75 30 274 225 151 5 2 257 258 35 121 100 96 249 21 57 130 92 267 32 179 21 64 161 105 194 191 259 178 200 208 279 220 217 12 174 65 224 228 147 239 266 134 50 106 36 33 238 275 166 52 46 134 174 187 170 167 33 189 286 282 209 141 184 79 36 78 166 11 291 109 10 136 243 202 77 162 88 189 69 95 52 239 219 84 42 3 297 122 22 282 72 12 112 39 68 265 
102 82 270 272 47 215 51 222 85 30 71 36 92 18 52 270 92 214 244 243 23 190 64 125 56 70 76 112 33 220 3 94 256 228 7 253 172 32 244 101 269 13 299 80 9 263 90 87 293 264 234 105 249 171 161 265 223 282 73 145 241 150 121 122 229 143 107 279 85 288 162 180 127 243 140 269 210 240 51 199 181 162 11 155 27 247 11 139 136 5 289 64 72 169 27 236 178 187 156 256 
250 90 9 105 82 141 132 96 169 182 135 166 173 118 149 229 174 65 134 105 199 123 263 5 273 195 215 298 82 280 116 84 36 90 22 90 150 118 222 177 270 295 273 148 208 62 138 251 178 81 182 31 136 249 51 28 265 262 55 2 278 270 5 177 251 16 3 52 36 254 138 44 170 70 131 276 23 61 84 28 270 32 207 155 297 222 293 173 7 78 9 149 26 234 81 173 46 145 254 247 
4 149 28 284 133 100 140 220 269 268 74 57 118 228 293 179 193 110 141 171 136 129 207 107 277 176 194 294 246 196 41 99 237 40 120 7 198 99 261 246 263 169 44 23 135 99 92 148 54 277 231 8 260 49 43 115 7 26 203 14 115 97 98 0 116 50 258 167 210 286 156 131 140 279 145 92 141 45 216 174 168 280 283 82 294 114 147 115 50 82 184 97 124 93 56 13 72 204 134 281 
157 161 286 251 229 171 147 152 59 249 149 137 185 106 29 254 95 246 278 85 159 63 129 157 85 170 110 107 266 248 24 281 197 101 243 285 82 148 265 181 190 135 104 257 270 68 221 64 194 211 295 6 217 54 14 97 187 295 94 18 246 65 53 119 133 129 20 51 274 142 99 173 106 275 159 153 22 240 124 107 96 20 256 198 62 134 195 4 258 241 267 218 119 156 27 66 139 178 7 167 
5 109 229 241 189 86 59 18 290 28 184 101 212 30 84 80 54 107 276 287 229 198 157 183 145 259 299 116 264 126 193 190 33 274 88 121 262 159 181 180 185 264 98 12 227 108 103 178 214 209 213 38 245 233 224 192 150 269 278 47 263 63 135 112 172 148 250 101 151 202 167 135 137 138 147 197 104 166 233 250 18 169 179 141 185 91 292 294 175 242 146 56 268 93 252 129 158 112 280 121 
61 64 159 251 238 108 89 296 240 160 194 29 265 146 288 95 210 158 53 277 159 231 209 30 149 90 231 272 56 200 123 208 67 140 232 131 269 190 270 172 179 295 175 215 80 256 245 253 80 37 132 25 23 283 250 139 284 16 26 179 285 214 101 276 254 202 290 117 134 258 281 39 100 150 190 144 210 216 299 292 134 105 215 34 22 238 268 173 257 106 152 84 54 182 291 91 113 135 104 83 
228 186 297 263 260 182 192 256 96 133 284 234 216 188 23 64 94 68 181 177 29 41 161 32 99 58 18 41 209 1 148 42 172 277 208 33 22 193 98 294 133 275 214 95 179 85 113 10 71 2 120 283 168 144 168 299 243 28 253 32 49 211 189 45 173 56 21 289 55 265 154 3 174 211 287 241 251 144 267 177 74 235 65 207 77 87 255 232 203 204 219 123 78 178 163 78 100 282 124 191 
38 126 110 67 31 64 49 290 95 90 138 133 251 252 212 285 272 118 1 217 50 24 54 93 52 236 38 163 12 239 153 186 288 10 44 38 171 22 63 116 256 290 243 222 69 104 5 108 11 162 55 240 49 194 109 275 62 160 46 25 123 107 28 8 65 35 70 272 218 270 5 45 46 160 133 283 225 167 140 285 219 226 291 126 219 173 188 121 113 234 287 260 70 159 185 143 68 61 262 60 
58 115 135 153 120 225 19 34 66 145 125 12 103 91 222 67 173 222 107 71 12 227 226 32 219 266 8 228 269 290 102 263 160 265 28 142 242 55 51 89 5 107 120 141 237 84 156 226 111 24 33 80 244 210 25 277 90 25 162 258 50 276 29 281 59 252 11 263 281 101 108 69 238 280 298 4 5 45 270 5 260 63 217 98 196 108 45 266 226 294 297 279 64 10 51 114 173 205 89 119 
249 252 102 30 88 153 49 192 0 90 170 138 169 247 288 51 69 51 51 240 96 228 242 189 10 33 208 34 214 247 283 235 29 50 277 231 135 176 278 215 222 148 29 298 13 45 27 160 98 217 233 111 191 172 14 74 286 164 40 148 19 63 201 91 114 74 9 102 253 131 142 131 174 26 188 129 121 92 262 229 64 294 285 91 296 240 171 104 236 295 251 34 148 231 159 115 35 157 274 173 
299 190 7 225 173 108 214 175 16 13 73 81 287 216 65 132 183 35 127 171 113 102 213 138 248 61 197 58 1 66 212 49 28 287 295 297 202 223 46 51 111 94 53 162 58 61 299 21 251 221 40 189 273 138 26 77 63 153 232 225 256 21 263 166 49 56 73 2 294 145 286 43 274 89 244 266 246 153 106 148 153 94 288 253 15 98 94 38 91 37 162 41 123 150 68 236 161 284 56 13 
80 297 269 173 32 6 172 46 226 190 110 271 100 11 194 14 175 90 118 279 254 7 241 80 162 94 129 66 90 296 114 27 5 104 59 166 169 119 175 170 11 122 230 123 264 256 34 209 71 267 128 290 96 283 295 38 110 204 83 106 248 135 58 222 85 144 91 182 94 62 47 262 261 36 188 268 3 3 260 298 253 128 26 136 90 43 110 1 243 276 35 174 109 113 120 266 111 204 263 284 
7 63 122 197 267 105 35 41 103 130 80 88 149 281 206 249 27 101 13 235 244 219 215 91 234 199 80 13 280 117 271 210 28 112 190 172 37 203 87 183 236 36 213 145 28 247 34 65 29 25 16 266 38 52 29 180 209 259 166 1 31 222 45 62 71 63 254 36 80 129 297 3 35 86 30 83 97 25 36 56 201 249 114 100 89 71 139 235 14 256 154 260 177 43 178 245 275 227 166 91 
216 280 143 279 156 202 148 207 41 191 10 229 109 199 249 65 268 153 111 86 149 75 104 100 201 212 66 139 298 13 226 225 136 242 242 291 178 239 68 105 248 234 247 198 13 98 248 115 155 285 276 235 104 134 292 54 168 206 201 255 128 24 118 116 141 38 274 261 106 42 174 189 117 121 239 77 24 263 251 113 171 199 30 116 262 12 242 141 109 48 208 111 206 56 206 154 102 240 184 39 
299 289 30 251 285 28 177 283 147 104 82 282 144 203 1 201 197 213 227 35 133 270 245 25 100 269 74 192 36 197 150 255 110 247 85 142 31 80 219 71 278 164 13 131 5 254 17 36 6 106 269 26 124 153 233 154 265 84 218 294 131 36 250 131 214 284 101 63 240 143 88 267 0 240 233 20 199 51 238 131 140 186 174 127 69 152 97 258 150 116 82 284 214 229 58 267 144 125 292 70 
140 64 4 29 125 266 244 97 141 239 188 4 247 45 192 2 33 235 24 97 227 242 62 34 122 93 84 65 223 225 116 171 30 164 288 222 187 129 299 229 20 5 159 205 197 268 261 71 19 115 97 70 123 32 171 171 66 23 266 28 232 0 287 94 150 49 226 46 275 149 267 169 168 285 107 223 212 234 231 269 40 283 106 115 26 188 63 145 295 23 46 127 143 227 28 186 217 62 203 105 
240 275 298 194 120 123 88 49 244 151 172 90 212 75 266 234 113 138 184 186 0 182 95 239 51 13 46 149 187 195 103 238 51 246 258 26 88 176 191 113 2 224 95 176 29 72 129 36 84 0 88 15 182 291 217 280 109 58 135 69 255 21 143 55 39 166 61 213 61 147 234 145 82 216 36 292 226 296 43 164 130 164 285 39 144 294 180 98 60 22 166 287 258 83 269 102 258 136 73 57 
295 180 139 178 139 119 139 222 273 122 88 36 200 6 26 184 235 275 288 276 237 230 159 30 108 177 299 96 16 211 272 8 125 68 20 120 185 289 68 1 155 95 280 266 201 164 18 228 75 131 141 8 32 101 186 212 120 172 175 121 218 115 256 240 192 14 163 275 126 207 167 55 191 277 231 244 262 144 247 272 191 5 39 216 160 280 167 99 222 251 79 232 188 197 232 111 176 130 50 87 
219 84 232 158 246 103 185 24 170 141 80 0 152 182 14 297 193 42 102 44 147 206 222 23 273 199 296 133 200 245 31 171 251 293 3 107 287 157 186 234 70 212 137 152 65 60 198 14 60 23 111 187 235 10 111 188 250 96 256 172 260 26 185 176 264 97 8 86 59 100 10 72 298 244 150 219 183 149 20 5 85 119 259 20 165 46 92 292 46 153 204 247 293 289 92 22 154 228 119 94 
146 71 134 69 113 285 135 179 193 5 274 72 75 223 60 23 226 74 104 103 150 132 244 261 175 94 263 65 146 38 29 125 239 187 96 196 196 243 256 298 228 291 125 293 99 290 79 259 45 102 187 125 110 88 68 207 225 114 276 265 220 48 40 217 38 74 206 126 190 255 293 225 59 51 298 74 185 232 197 49 227 279 249 165 157 141 212 261 268 164 174 117 247 37 74 199 248 142 298 199 
192 288 10 200 299 241 251 132 280 162 276 97 47 236 26 168 19 204 65 223 135 105 34 154 88 177 169 55 285 175 146 263 121 267 84 278 232 293 78 50 224 215 126 63 222 46 22 282 13 116 293 240 35 276 194 144 162 37 243 117 132 67 84 165 294 14 41 5 253 188 134 150 282 59 41 255 44 260 173 55 115 14 117 85 280 161 263 127 46 216 262 109 122 128 18 26 142 279 226 143 
195 182 42 286 10 55 99 140 244 274 216 43 288 192 270 83 57 256 45 143 271 2 180 102 187 109 47 199 230 74 96 277 101 273 292 287 151 190 87 135 295 32 149 134 89 180 102 140 62 66 44 271 130 151 28 93 170 243 3 174 6 69 57 243 284 43 271 281 142 284 49 76 208 151 73 187 262 62 111 88 264 78 33 225 171 244 286 194 87 1 254 15 213 34 67 197 136 247 163 68 
142 46 272 23 72 198 53 267 78 52 175 177 107 88 278 123 97 89 286 141 263 139 164 252 248 197 65 82 284 158 156 251 204 118 62 84 146 113 19 138 65 228 296 209 38 169 249 154 172 224 40 18 130 189 97 251 134 248 70 28 232 19 266 236 299 135 206 223 167 85 101 136 140 293 281 174 118 176 112 206 282 247 144 200 259 260 13 186 20 205 20 249 93 22 77 297 128 158 140 123 
275 45 129 201 179 248 194 214 143 105 1 206 104 253 74 212 195 39 244 227 274 215 66 82 151 171 269 15 47 113 117 21 221 105 229 40 181 252 275 289 284 65 147 288 141 130 190 102 157 227 282 286 91 287 276 82 165 283 27 170 235 151 3 173 94 218 296 166 203 93 51 217 189 43 146 214 183 295 168 170 74 66 19 209 155 288 266 91 68 13 161 13 261 188 47 187 57 50 122 27 
124 224 33 133 211 71 61 157 78 259 64 0 114 115 48 246 211 218 236 103 167 1 84 66 88 233 249 126 51 148 63 39 17 219 206 56 110 225 222 221 167 295 287 163 16 71 227 51 59 101 166 67 43 264 209 55 133 153 90 8 51 33 110 126 10 156 11 163 253 162 156 17 14 69 55 121 196 280 110 78 154 26 20 251 184 193 10 105 171 16 0 263 178 107 221 143 122 67 4 214 
185 45 255 291 206 79 278 184 180 65 55 20 177 240 279 275 253 28 33 216 171 215 57 184 191 281 16 220 61 47 153 57 85 55 179 257 120 149 170 17 193 294 48 140 67 87 1 147 251 286 116 87 253 237 155 11 159 280 181 19 28 256 178 159 210 279 84 168 59 29 105 271 10 147 7 36 121 272 99 194 157 94 201 88 100 98 40 71 22 170 169 173 183 278 16 273 60 17 63 180 
84 1 97 52 241 49 22 10 91 294 298 30 151 192 163 93 216 43 134 114 27 201 132 154 5 294 281 8 2 249 102 217 242 273 216 50 170 168 8 67 152 250 140 21 163 233 169 279 263 243 83 206 131 297 254 33 67 111 7 122 16 132 222 174 242 79 9 10 58 250 49 115 140 258 15 188 155 144 93 58 226 34 74 68 297 193 220 87 165 201 76 195 255 133 12 248 216 153 276 228 
36 157 261 266 113 40 129 270 99 33 138 14 84 209 279 40 294 105 208 265 217 229 186 61 211 0 222 76 51 254 29 188 82 256 124 32 152 171 172 261 276 52 172 198 2 259 22 250 33 89 268 145 38 86 248 238 51 290 206 192 127 235 131 62 273 264 186 0 32 228 47 171 142 98 95 268 139 68 207 177 267 286 246 15 94 260 225 68 116 238 178 272 214 79 29 69 100 240 59 255 
246 110 173 101 20 246 207 14 9 116 250 155 188 143 120 97 242 35 95 273 154 160 224 294 106 162 280 190 24 220 123 89 217 149 288 103 282 17 9 265 152 280 123 70 127 188 169 49 133 220 185 233 152 281 91 68 119 256 297 153 16 256 286 294 291 102 207 17 2 242 95 21 266 91 42 295 124 257 268 201 240 22 235 182 242 104 90 115 230 62 104 6 118 241 92 134 232 88 30 98 
98 161 98 81 100 18 207 21 228 135 95 115 94 106 105 3 225 145 171 219 102 175 241 21 14 246 18 276 38 155 141 228 258 298 78 87 37 115 67 30 59 249 189 228 48 203 267 267 181 297 245 136 28 15 33 217 297 223 134 122 154 211 104 101 15 118 100 209 74 40 252 152 281 240 290 143 113 165 45 299 225 30 256 194 288 103 150 172 67 33 150 78 22 229 299 6 272 164 54 60 
174 5 275 173 92 91 6 270 262 248 208 111 18 131 112 52 249 150 281 12 27 151 268 21 242 40 55 211 142 192 234 288 51 120 1 31 107 130 273 183 251 229 278 35 223 89 257 80 44 96 263 254 126 225 262 194 66 236 250 7 245 235 131 109 77 291 205 150 140 33 163 31 231 15 256 218 149 246 131 44 188 178 215 166 183 220 234 215 41 274 277 140 240 272 236 210 285 118 214 144 
16 217 144 98 111 43 263 65 107 153 174 149 26 191 36 167 95 211 186 134 35 1 181 104 96 191 271 148 163 259 38 176 166 145 253 136 222 75 129 269 255 170 259 270 89 227 212 234 229 114 285 140 177 298 84 84 252 60 259 283 222 240 200 129 62 226 120 168 285 105 39 204 18 6 124 121 38 7 174 228 294 230 267 25 283 35 28 216 25 60 120 279 131 208 143 276 86 146 282 56 
279 284 26 166 266 12 170 80 285 78 238 27 142 165 228 249 196 46 103 124 103 114 106 168 185 76 21 105 23 103 136 94 77 297 269 241 75 216 202 200 69 248 267 199 28 174 268 112 145 162 47 51 117 191 269 186 233 119 173 228 68 173 280 115 71 83 263 95 96 63 54 69 119 89 207 66 284 86 83 277 289 172 15 291 103 138 229 104 151 269 119 8 255 242 176 155 12 14 22 154 
186 268 60 175 154 234 121 98 148 147 69 85 41 295 175 62 106 79 266 199 102 58 263 194 260 244 186 85 77 91 73 56 277 131 119 281 87 42 18 25 34 44 54 76 136 243 146 65 178 18 64 283 142 243 189 190 232 155 272 215 197 173 260 265 171 61 162 249 117 70 92 125 26 109 266 26 71 25 298 187 10 236 103 4 220 143 66 20 95 129 261 223 129 116 207 299 119 277 87 113 
37 65 184 263 285 119 65 147 298 175 178 174 271 60 131 113 204 139 140 124 12 0 245 90 52 236 190 157 171 211 189 142 294 207 118 226 146 165 208 158 56 28 286 184 232 227 93 0 289 5 180 266 88 79 48 68 107 246 197 226 156 8 32 44 29 168 2 152 250 112 253 177 182 273 138 234 142 219 167 87 60 47 198 161 202 123 126 245 53 17 268 15 73 154 208 127 6 217 257 235 
113 138 190 194 299 32 163 156 189 30 63 103 192 129 27 10 39 299 203 176 211 86 59 20 67 284 45 70 212 249 221 284 158 101 105 134 252 220 239 74 268 132 23 212 218 178 41 237 259 219 267 59 57 248 138 21 17 139 267 222 92 20 148 167 82 268 24 192 116 113 95 160 147 275 257 182 162 146 206 182 97 139 270 88 22 227 226 117 248 245 266 235 181 183 204 100 120 120 29 102 
284 252 276 141 40 121 104 148 171 185 197 173 25 196 168 64 267 275 257 197 123 201 298 265 172 253 11 154 53 80 74 98 111 232 272 299 260 41 203 83 150 171 205 257 292 37 209 290 39 273 249 34 148 19 52 4 248 2 168 55 64 84 278 185 238 217 160 32 2 56 28 68 194 45 272 204 90 119 113 8 143 96 200 154 232 56 282 179 50 3 155 145 114 113 289 271 269 164 97 261 
128 93 214 276 155 207 257 32 78 244 29 92 74 80 260 137 229 247 209 156 10 250 239 257 35 258 223 100 27 188 222 193 146 260 297 230 79 83 264 150 161 262 203 123 189 258 191 185 299 204 286 33 15 206 34 107 102 123 228 288 61 169 290 54 269 110 281 145 296 299 81 17 251 297 153 49 96 220 275 80 173 88 163 251 78 88 35 30 96 256 252 18 142 80 207 222 117 137 66 276 
266 138 80 15 131 187 257 90 30 157 39 132 28 198 58 282 170 182 122 220 104 118 207 43 3 24 24 130 217 119 184 252 38 149 113 242 193 214 193 234 215 250 127 163 143 250 285 169 116 263 187 83 223 44 105 255 264 129 9 198 205 108 203 233 84 70 248 151 238 5 8 72 237 109 267 153 275 169 62 161 203 104 107 84 188 87 222 14 100 56 182 130 191 103 51 51 99 240 169 182 
238 133 41 1 33 141 266 36 120 126 0 207 204 3 108 39 112 137 102 248 215 19 42 85 288 12 261 274 272 20 144 195 8 245 38 186 202 179 150 295 281 269 115 61 218 122 63 248 211 36 86 192 102 273 72 109 91 155 59 173 178 204 153 2 69 237 238 92 30 50 227 233 267 259 183 244 170 85 128 170 176 268 216 215 277 287 201 264 194 201 42 57 254 11 229 34 48 282 217 294 
129 178 215 279 165 99 148 183 272 42 144 10 239 92 230 57 179 35 278 103 1 25 103 70 159 157 250 144 182 130 211 163 36 15 23 173 32 273 54 208 27 239 29 100 41 216 166 126 41 248 163 98 261 215 1 192 142 251 246 136 182 112 228 78 11 6 35 83 299 273 277 17 32 84 57 288 294 124 98 134 150 154 204 236 26 40 127 7 42 32 227 270 29 65 268 52 1 58 155 224 
43 276 189 211 38 111 210 6 53 80 60 65 19 206 94 199 87 243 239 202 192 232 55 90 51 11 171 137 51 7 68 234 107 229 66 298 222 118 158 178 279 257 122 202 184 155 107 13 113 180 192 267 12 12 105 59 243 245 70 17 56 218 40 135 48 28 12 18 284 129 84 43 208 243 151 66 172 77 137 231 79 288 9 96 13 27 0 62 146 207 99 151 241 82 121 272 262 214 232 282 
278 230 20 130 215 200 115 185 99 181 154 89 66 9 76 118 0 29 182 71 71 186 223 197 149 119 109 108 280 238 196 39 291 3 281 19 16 270 178 51 43 98 20 43 230 170 248 132 132 94 174 242 107 213 111 285 253 110 254 125 283 265 105 105 257 291 297 210 4 172 140 163 65 192 1 268 134 272 141 76 258 199 180 219 213 228 89 180 113 198 283 261 50 65 164 136 73 231 283 91 
7 175 229 287 192 20 23 130 182 29 207 20 22 275 20 266 126 120 123 286 12 155 207 70 10 28 104 156 126 222 31 133 132 17 9 61 202 33 185 7 187 0 30 173 187 223 98 230 286 188 276 174 126 146 256 294 190 217 124 25 261 224 53 65 292 289 208 26 231 243 175 272 65 53 58 183 209 62 298 184 144 108 139 154 88 98 205 198 231 141 90 38 9 125 109 31 38 256 154 258 
76 127 293 76 175 5 172 162 201 148 256 16 20 269 74 68 22 99 114 293 13 87 33 164 131 110 108 99 131 296 271 137 120 287 155 65 150 179 186 30 235 261 153 2 216 270 8 101 108 1 123 117 187 19 181 139 243 154 240 221 207 64 20 146 41 154 261 165 65 16 277 74 2 42 55 137 233 123 297 1 48 49 56 124 282 150 29 203 84 133 110 68 5 92 23 170 236 185 291 25 
101 130 26 51 191 230 43 71 186 116 197 291 41 114 185 55 65 231 7 64 282 180 43 234 241 29 38 201 100 238 277 145 78 147 107 125 142 21 182 206 57 186 100 297 37 133 99 38 145 30 138 1 294 258 73 129 141 262 151 231 74 124 263 281 259 75 166 24 54 176 14 163 42 176 158 9 113 200 200 221 237 191 218 63 164 123 58 18 230 159 20 20 237 155 277 5 112 128 273 184 
251 250 269 250 74 111 159 60 168 41 209 171 66 271 268 39 127 196 96 20 283 101 28 36 79 204 32 12 83 36 274 72 214 191 157 262 161 126 223 250 62 208 159 242 59 169 146 178 176 20 109 141 9 211 262 78 20 2 218 216 253 239 4 98 147 80 36 181 250 101 134 283 109 280 268 272 257 266 73 11 263 7 260 35 195 125 108 287 141 109 245 83 117 19 203 204 213 184 149 73 
298 260 145 163 279 133 169 258 204 248 205 129 191 158 0 115 131 123 113 135 6 18 35 234 237 274 74 103 265 275 220 27 200 40 102 69 204 103 11 243 51 53 63 31 228 72 295 145 153 66 229 170 106 144 262 40 53 143 123 10 278 177 284 15 161 256 22 278 37 154 157 129 259 261 29 118 127 273 156 277 267 90 236 135 226 231 81 163 146 147 149 47 53 51 35 233 92 132 254 42 
121 15 286 202 27 62 125 162 104 218 215 111 86 73 246 20 69 224 63 81 68 248 120 100 249 81 240 24 242 109 208 277 25 174 228 200 296 126 265 235 158 53 148 138 68 213 75 207 200 186 262 59 182 89 37 30 179 77 219 226 6 98 298 275 41 9 26 149 281 33 235 148 86 156 51 203 241 177 131 289 106 217 45 217 288 87 298 65 219 217 109 289 182 27 135 91 284 2 8 262 
271 209 246 15 203 67 100 267 41 17 294 158 232 73 196 27 264 244 0 37 228 168 192 218 275 237 263 190 27 288 282 102 30 24 281 286 186 85 20 279 110 226 273 45 246 175 51 180 155 167 207 214 95 194 1 8 103 75 221 68 69 4 40 291 257 61 86 146 135 70 49 10 135 111 242 184 239 38 90 190 224 176 148 167 131 188 252 5 50 269 87 161 163 109 286 63 201 213 240 87 
137 246 248 283 106 252 274 109 264 35 177 51 165 240 185 137 37 269 10 271 247 227 200 73 21 127 112 79 209 251 19 0 172 98 254 169 24 182 146 161 292 273 228 284 282 166 144 37 72 21 53 196 195 98 32 211 146 42 122 215 242 291 67 215 113 5 53 233 292 172 292 148 188 80 103 25 124 78 151 144 253 185 179 182 206 45 55 153 62 135 168 203 131 193 92 198 188 139 151 91 
191 6 254 150 7 252 15 65 107 9 232 45 120 200 30 53 95 277 173 45 223 245 155 258 17 298 202 182 80 137 298 75 276 181 299 14 162 178 158 182 26 170 141 59 236 266 68 91 286 8 23 172 234 208 65 222 279 89 238 275 102 162 164 140 76 172 262 94 288 73 5 6 82 217 172 177 89 8 67 23 13 273 103 53 294 89 236 213 106 63 70 285 118 238 164 195 190 263 245 44 
147 81 185 254 182 219 76 24 193 285 253 236 245 209 250 246 24 111 278 44 194 90 203 87 87 154 165 169 163 19 283 121 288 275 136 162 107 55 209 164 281 45 233 199 165 106 196 241 239 30 129 78 142 224 110 267 121 20 281 172 11 15 240 21 53 190 116 186 216 181 291 97 216 101 63 136 90 159 74 172 73 159 199 197 295 29 289 139 61 151 211 172 57 39 148 107 242 54 296 269 
102 33 238 290 279 292 15 59 283 212 46 101 122 41 286 271 268 11 46 192 103 48 199 159 33 19 71 281 142 24 95 9 5 60 38 284 281 154 141 95 246 18 78 64 71 280 101 290 122 56 243 149 198 209 241 235 145 36 269 113 134 19 51 220 268 17 271 56 84 215 245 229 119 244 97 235 260 277 240 28 184 64 250 172 259 129 181 198 2 241 174 76 190 51 151 103 44 45 253 16 
112 168 211 166 119 198 62 20 224 191 111 182 163 73 298 23 185 65 11 190 195 203 110 82 269 128 27 281 156 286 0 44 179 232 275 91 170 36 103 1 184 110 5 199 103 73 282 136 69 295 240 280 214 296 106 42 291 187 195 132 73 138 257 294 286 120 153 283 135 259 11 224 155 118 200 81 191 95 268 81 59 169 226 51 295 178 84 142 97 159 23 46 266 269 38 288 196 274 10 205 
119 211 210 206 74 296 84 118 256 284 215 30 262 191 242 77 179 149 137 32 223 137 91 109 152 230 152 16 226 32 292 36 1 246 92 170 205 147 63 215 229 159 251 61 174 96 177 184 282 19 22 169 156 140 63 151 151 13 212 104 87 226 165 181 66 234 77 206 131 208 258 36 255 20 4 84 85 244 201 249 59 246 57 245 245 184 52 296 226 90 24 185 209 46 139 260 74 154 289 140 
228 273 105 193 213 211 198 217 36 295 268 4 175 266 268 224 129 145 16 50 77 145 166 258 84 250 44 49 92 195 12 5 165 0 292 253 264 57 225 178 266 234 80 169 33 21 138 69 37 196 36 175 218 207 277 229 93 254 154 108 128 191 102 201 266 77 88 106 167 289 273 220 164 39 255 11 178 73 286 18 21 136 137 217 130 116 96 136 140 0 63 252 63 92 275 296 146 246 39 190 
263 20 167 170 285 221 27 60 261 290 98 5 24 225 93 10 208 286 229 156 20 194 246 183 221 122 116 265 242 221 283 298 164 40 225 90 199 81 146 154 243 118 25 143 114 120 62 107 46 251 179 69 186 239 126 287 129 247 207 250 186 202 230 77 253 219 36 10 270 285 75 262 24 115 279 40 117 72 182 179 52 282 150 23 81 28 109 237 60 154 265 197 129 55 82 261 91 169 53 31 
223 292 162 32 43 20 12 243 46 193 211 56 139 232 242 273 106 184 50 228 89 264 135 123 115 138 282 168 77 212 158 225 70 255 235 167 81 14 168 5 44 156 284 48 63 132 259 273 185 127 21 274 69 282 100 112 81 175 193 40 252 254 37 132 246 225 242 125 61 155 127 147 237 296 288 188 147 222 297 17 201 201 38 241 92 25 135 287 19 212 161 231 199 175 5 96 180 142 7 116 
12 250 269 123 181 277 193 228 163 22 292 198 190 283 73 114 257 253 154 174 208 63 77 190 139 33 177 296 187 282 142 101 269 280 202 30 21 223 250 8 153 133 173 48 53 108 43 101 5 268 32 167 125 163 49 148 68 166 267 217 244 142 71 32 45 139 71 127 257 255 123 151 66 94 170 270 74 105 78 294 147 224 44 199 65 181 5 291 289 121 222 243 83 85 103 209 87 34 282 252 
216 52 196 103 125 61 112 2 196 68 295 205 140 180 200 202 149 11 281 221 147 227 186 34 227 200 92 255 156 245 144 171 114 191 101 62 296 167 228 150 92 283 127 265 279 9 239 216 225 244 269 299 125 187 171 246 56 37 111 211 252 5 198 225 293 275 150 113 215 287 244 27 49 266 284 95 133 62 1 280 224 97 206 101 116 185 85 142 208 210 217 109 178 185 46 222 82 68 40 60 
195 245 86 213 220 292 263 99 245 67 190 107 242 16 146 259 251 13 4 23 76 127 176 261 183 37 62 242 4 66 281 26 256 74 144 291 77 32 77 101 132 232 42 10 296 276 90 156 139 80 36 189 15 186 110 235 86 290 213 132 169 190 102 157 125 285 12 215 251 221 117 81 286 142 230 270 294 277 91 30 23 101 21 80 199 21 218 55 16 51 170 13 49 123 244 15 235 234 77 43 
231 152 158 202 238 228 284 178 199 220 115 203 128 273 131 104 28 255 151 92 109 40 267 238 237 241 65 17 193 290 226 0 160 47 194 281 293 231 41 221 168 260 279 120 114 234 271 205 227 77 243 275 140 53 171 133 17 85 275 67 284 264 217 50 142 258 64 222 230 69 202 258 112 85 16 76 84 270 143 230 143 198 73 184 125 135 46 90 296 22 160 21 227 80 233 225 271 27 124 85 
138 8 161 54 136 144 105 89 179 245 153 232 150 262 241 87 89 169 292 243 75 280 194 54 255 142 94 228 297 164 278 278 276 124 219 41 168 144 41 261 150 65 163 99 141 74 23 204 296 56 5 258 73 252 232 64 104 95 184 65 260 68 182 97 81 235 205 255 191 225 206 214 222 52 179 19 70 264 151 174 185 271 249 241 275 253 74 265 185 266 19 78 161 172 36 193 293 43 182 200 
14 252 91 158 26 202 31 287 149 195 265 190 201 202 116 62 80 131 7 226 115 224 116 12 220 262 228 203 295 192 41 19 4 151 208 54 267 89 185 69 278 120 261 0 263 181 202 165 185 194 265 270 21 16 53 183 84 28 258 15 243 100 280 89 82 81 249 17 157 235 4 27 247 225 279 136 0 121 168 0 210 11 67 239 204 102 179 74 58 150 74 273 71 269 254 226 31 55 54 117 
251 139 152 34 275 185 280 250 112 209 168 214 294 181 241 127 167 86 206 43 201 103 277 4 112 110 223 82 20 87 279 140 242 178 289 262 32 40 98 13 174 145 63 294 74 129 139 116 295 285 179 144 166 123 45 126 249 280 43 277 12 116 132 263 197 171 243 254 51 59 126 87 166 42 74 29 169 242 122 240 108 158 240 106 28 142 111 5 232 46 270 203 260 242 101 178 193 186 242 156 
183 205 101 114 281 55 191 11 164 100 204 119 101 177 267 161 220 21 252 298 121 152 60 219 172 30 154 101 245 199 42 82 8 166 109 127 147 220 168 204 162 83 210 295 110 27 167 8 97 147 130 113 217 22 265 222 15 103 12 131 242 135 3 53 228 63 20 109 135 250 292 271 160 228 220 262 213 35 247 85 176 236 255 9 228 161 37 148 182 114 209 158 147 193 81 89 137 175 285 202 
190 36 146 149 210 34 95 2 259 273 113 130 61 233 286 104 101 12 264 165 152 241 163 20 233 86 264 250 15 110 235 60 32 46 84 75 255 129 5 277 275 93 272 156 147 76 30 164 92 235 95 180 266 62 104 110 112 169 41 295 239 5 156 28 84 261 121 158 295 170 244 112 222 92 92 107 219 100 45 142 167 267 44 103 19 213 18 7 167 78 198 25 273 291 179 238 14 240 141 9 
291 40 51 242 211 9 77 35 88 98 38 214 92 187 197 112 164 124 267 281 27 93 288 73 4 128 216 38 263 51 224 243 191 151 13 265 152 297 95 156 87 96 29 72 11 23 232 292 213 289 97 114 23 239 196 209 112 268 163 268 79 146 250 275 298 12 36 123 265 87 114 261 208 277 22 163 213 176 231 127 265 295 3 116 264 51 205 41 203 28 200 247 81 82 199 94 113 122 239 149 
248 219 134 75 34 222 237 221 53 65 236 272 81 27 97 41 197 77 30 147 98 219 287 188 202 30 83 124 120 77 58 163 198 213 255 194 133 38 142 64 232 14 161 21 76 292 39 6 179 241 21 105 88 246 0 188 177 275 246 25 66 205 208 237 62 2 105 82 106 61 21 133 190 296 249 0 191 298 168 38 138 116 25 0 11 175 31 292 215 175 97 193 83 123 259 162 185 93 284 74 
5 187 75 152 206 94 107 142 53 110 46 227 77 150 153 52 199 101 89 107 68 104 42 95 32 14 227 284 94 43 185 276 141 145 118 136 37 136 45 215 287 290 145 175 241 1 87 249 277 245 28 88 27 246 58 33 197 19 206 65 219 282 238 94 283 218 47 82 210 227 102 54 236 296 19 39 213 275 234 19 157 161 153 274 93 227 86 181 17 41 45 26 264 156 269 41 255 222 111 143 
294 185 118 205 37 112 109 267 254 255 106 289 10 92 289 262 1 89 260 280 25 280 108 271 242 253 36 29 208 202 36 189 1 41 197 174 250 17 131 19 127 170 79 93 65 114 134 200 135 284 122 109 72 128 103 255 173 3 233 10 146 293 136 181 46 0 243 178 222 151 125 82 273 222 126 233 73 96 246 24 249 38 239 118 107 242 227 124 16 56 83 3 170 231 269 194 185 180 193 65 
298 50 8 258 239 197 85 14 279 65 156 153 169 29 214 57 66 237 154 108 272 231 273 233 0 9 145 94 87 112 81 23 73 79 46 105 46 59 265 75 246 249 47 265 263 241 149 183 8 257 10 256 248 65 229 24 147 214 55 199 56 272 140 76 72 161 57 200 90 279 202 198 167 0 253 150 144 4 243 152 118 143 201 172 161 269 34 76 116 66 139 278 103 77 171 247 138 284 71 170 
38 9 133 229 58 99 257 57 292 128 196 28 103 194 85 80 166 235 144 53 230 241 221 91 85 294 72 1 144 297 202 169 235 13 228 153 154 121 87 253 266 100 272 39 163 38 132 87 60 164 243 123 10 48 136 46 194 263 241 138 182 275 149 95 228 64 121 158 187 7 55 292 262 217 235 220 120 36 64 159 179 270 115 261 27 154 142 106 165 173 40 26 71 222 19 142 78 17 278 200 
43 252 293 181 254 121 181 76 120 134 184 142 102 11 244 240 50 256 207 188 206 23 299 137 219 70 178 16 180 100 1 207 163 284 141 111 151 103 170 79 135 251 44 41 46 291 110 8 299 45 49 297 2 21 144 246 260 116 33 46 175 257 53 174 286 59 27 63 244 260 198 141 58 24 244 275 138 25 97 45 53 205 1 87 241 92 5 198 15 79 176 47 175 41 29 70 134 294 227 269 
23 70 90 174 177 59 236 154 11 137 118 271 217 284 215 66 254 299 137 109 267 44 283 89 299 152 131 231 223 132 197 216 256 156 204 61 31 151 16 40 204 299 183 237 86 127 187 0 146 122 268 163 118 22 110 258 76 64 182 229 294 282 46 110 220 82 265 56 88 93 68 115 298 228 106 204 9 201 134 203 96 149 118 148 64 253 229 63 105 35 146 208 143 274 260 173 263 97 30 81 
206 39 220 277 17 283 29 132 197 138 118 208 89 17 79 287 58 5 229 0 163 228 115 11 289 74 277 254 72 56 253 61 130 240 52 282 20 36 294 185 183 99 285 207 184 169 71 110 176 207 212 13 197 156 281 191 13 38 251 249 148 159 88 191 35 269 260 140 211 72 43 131 223 239 161 140 150 30 114 111 17 50 199 105 0 273 268 264 150 284 52 278 58 187 190 273 147 0 53 41 
67 50 118 105 232 206 92 267 227 267 96 91 42 87 223 98 299 182 101 86 257 126 130 276 115 31 142 173 54 64 257 35 272 110 190 148 278 245 37 171 130 228 101 121 262 196 270 294 167 260 66 181 53 208 119 105 38 159 230 196 233 257 282 120 250 205 98 273 295 295 267 86 48 137 246 207 50 255 137 158 116 265 20 212 79 228 234 271 252 19 237 250 84 168 282 17 167 29 112 121 
64 156 276 98 244 99 213 159 237 68 41 265 229 64 16 77 99 88 7 7 125 236 47 147 98 48 99 297 162 225 203 211 0 157 3 248 255 125 20 90 76 61 45 53 135 237 204 242 0 79 86 297 96 181 272 135 224 241 88 190 281 42 239 130 64 21 68 63 224 243 245 248 211 100 196 272 233 209 238 112 163 190 299 44 246 35 260 229 69 24 84 6 144 114 120 297 19 0 243 225 
4 158 2 253 209 168 188 196 264 183 168 195 191 200 226 138 198 157 291 118 62 127 277 10 49 12 146 41 279 138 80 164 287 217 69 161 62 218 268 247 275 271 176 234 277 89 59 189 281 119 9 226 290 217 34 90 25 292 117 122 280 80 247 1 272 212 60 163 187 157 192 242 23 2 144 43 272 161 42 226 162 69 58 281 66 251 207 250 86 151 30 140 224 93 196 244 232 252 82 221 
224 93 272 208 104 10 86 4 85 49 267 65 22 104 283 243 190 283 160 281 280 232 115 295 92 141 59 249 282 283 111 265 169 158 164 235 85 146 249 38 47 116 74 142 76 159 122 247 289 224 45 297 131 256 133 158 199 49 185 32 275 136 222 131 44 181 176 157 47 67 109 269 151 82 220 80 17 254 85 62 212 187 258 60 2 121 149 38 78 72 72 188 206 48 89 257 260 285 96 267 
173 215 46 220 241 100 11 220 77 182 42 29 298 238 279 23 265 5 53 79 156 259 66 270 80 5 151 218 187 155 228 277 288 269 200 289 120 249 201 90 127 118 103 21 248 47 172 222 33 264 139 261 215 216 29 218 4 102 212 189 250 70 28 83 223 226 183 174 153 169 160 274 116 146 134 285 281 138 82 16 158 96 197 236 95 217 207 224 231 112 177 19 0 170 97 36 255 56 35 12 
23 29 106 272 163 95 9 204 278 34 299 15 67 15 53 23 293 162 158 296 217 121 48 224 245 291 253 74 27 146 128 7 275 292 141 272 165 40 95 61 107 183 36 149 193 277 230 80 65 177 260 201 161 291 258 24 283 198 30 287 228 21 103 267 172 150 83 113 121 33 259 45 195 197 18 235 279 280 248 165 222 252 136 56 68 266 111 110 35 114 278 216 122 59 162 271 275 224 31 92 
176 171 103 16 58 81 51 177 106 206 27 243 201 70 225 65 85 265 172 140 16 27 295 60 140 107 10 32 96 93 165 89 278 197 158 66 141 38 257 131 197 278 254 45 93 144 53 152 165 116 39 12 28 86 27 69 163 165 284 271 142 233 49 4 286 63 88 27 208 228 43 204 281 233 83 109 251 13 123 193 35 31 110 23 231 66 240 209 270 6 82 137 242 148 295 57 97 201 25 166 
146 275 28 130 230 149 129 205 183 45 23 220 264 131 115 277 78 271 277 74 222 181 174 25 47 7 67 255 282 188 65 288 172 264 218 287 19 221 277 10 52 4 89 148 228 47 148 45 277 33 66 270 182 58 91 162 70 233 41 123 222 11 268 33 54 111 28 80 137 82 141 236 214 47 205 146 142 55 72 237 159 249 51 226 255 210 132 175 278 183 277 9 68 71 263 9 255 286 262 228 
139 14 202 231 250 93 240 238 162 11 178 163 217 38 155 289 89 24 127 33 96 40 83 213 281 210 240 100 191 195 168 177 94 12 140 147 164 291 276 168 153 48 260 172 262 85 56 65 103 132 207 72 39 148 183 19 129 250 260 285 139 1 246 153 241 144 104 39 15 47 110 27 287 246 277 216 67 101 42 172 290 10 32 232 80 247 18 298 87 27 280 53 267 165 176 38 161 127 0 196 
124 199 27 37 76 223 249 83 292 26 219 119 117 283 30 289 151 6 142 280 203 251 122 24 130 37 290 98 110 156 42 114 130 147 21 28 102 217 36 228 124 28 108 266 29 146 129 154 171 152 60 139 166 112 176 94 77 235 32 21 215 267 104 25 234 49 238 57 196 207 22 180 239 136 113 297 205 80 85 245 185 209 93 208 176 246 28 23 279 103 99 117 12 213 96 93 228 227 272 132 
56 81 63 203 171 141 186 175 138 104 190 212 196 298 108 6 100 63 132 143 65 44 133 44 14 253 256 57 123 165 101 280 291 276 279 97 77 295 264 90 255 22 168 144 129 262 24 71 251 57 207 89 223 226 160 152 169 295 258 191 192 37 215 19 16 71 87 166 271 179 61 248 297 10 239 32 167 213 143 125 281 163 4 234 192 241 22 3 268 156 9 137 230 85 192 179 251 59 37 182 
261 268 179 210 108 261 96 74 19 151 244 281 149 294 73 118 245 182 109 122 112 199 9 208 89 109 287 249 62 274 114 188 75 298 164 87 71 274 253 164 117 277 227 3 287 9 229 85 69 96 27 44 273 96 298 87 115 203 72 37 250 266 199 65 232 2 150 13 183 97 100 239 280 215 139 207 72 44 156 218 281 163 134 131 62 135 76 60 38 25 3 135 294 227 38 61 244 171 280 42 
107 55 119 235 289 19 42 165 116 116 198 167 120 191 265 297 67 213 143 149 218 58 152 158 112 91 13 28 212 161 217 212 252 215 228 60 279 139 183 96 274 215 35 218 151 81 171 71 149 269 267 148 36 19 235 72 28 112 234 22 196 253 239 249 133 225 277 57 279 50 155 282 43 147 279 196 25 97 26 241 12 260 180 51 32 110 156 63 211 14 15 2 243 258 73 298 39 146 248 40 
