50 164 101 59 2 120 269 103 34 218 161 123 179 247 128 30 241 238 111 188 208 127 109 208 220 107 276 177 213 17 246 72 43 47 1 161 280 283 117 54 12 135 3 208 288 82 119 291 182 66 241 172 203 167 9 129 66 218 65 129 273 46 275 228 274 101 295 257 76 294 296 91 185 61 209 69 169 136 111 53 272 80 149 18 213 176 133 104 101 198 57 281 94 245 45 146 246 282 143 27 
6 117 66 127 214 4 247 262 184 88 284 0 24 67 100 282 26 144 8 47 214 39 178 216 20 167 119 188 148 39 53 71 135 33 287 73 19 65 265 258 30 166 87 215 42 240 12 204 105 205 94 4 288 289 171 168 6 212 127 159 264 83 149 41 194 93 52 115 39 243 299 122 182 206 62 156 85 9 214 283 23 2 78 159 25 61 93 59 44 154 232 67 33 86 240 208 292 202 283 135 
210 31 193 103 286 293 23 177 106 277 91 33 191 192 254 70 221 262 146 230 271 251 194 219 219 153 212 34 13 34 70 126 22 48 279 99 230 118 44 7 181 8 237 88 130 42 277 192 161 93 287 209 95 66 173 297 75 43 170 61 244 47 3 80 120 10 137 98 279 221 139 178 209 263 197 205 64 64 67 120 57 248 20 76 64 80 61 279 81 112 135 22 150 45 68 57 147 25 28 110 
201 151 78 90 78 297 168 92 128 282 81 215 40 153 197 66 200 11 82 254 104 17 42 268 34 38 251 224 29 102 194 94 71 71 171 178 5 126 193 9 262 233 69 181 134 128 87 165 102 198 193 10 205 133 274 137 141 84 274 151 118 204 129 97 42 53 157 183 194 227 95 71 115 28 48 254 257 283 72 115 108 50 148 71 200 204 233 87 190 186 52 72 59 127 275 52 137 281 39 117 
140 239 284 47 243 260 106 205 79 264 86 241 295 157 36 32 96 67 202 96 6 257 37 32 220 292 122 279 89 220 223 224 296 262 251 189 9 295 256 12 228 39 43 123 282 222 278 91 257 85 245 226 225 224 209 74 192 186 108 217 170 142 80 188 37 24 100 5 82 119 48 153 161 238 9 28 229 89 192 250 40 18 109 261 250 155 184 80 156 85 291 296 127 265 242 61 200 218 55 223 
142 224 296 113 85 223 263 42 170 287 264 78 57 86 156 7 66 66 210 200 19 30 274 90 180 187 145 98 272 59 284 254 204 176 178 276 238 182 264 103 211 147 176 150 143 206 33 118 292 18 131 288 278 124 176 68 190 51 89 92 206 96 175 200 128 161 176 97 9 161 194 172 100 53 178 76 27 221 233 140 125 46 259 2 52 195 267 282 93 141 39 39 38 0 96 247 15 106 65 70 
116 274 244 93 262 230 85 170 24 136 98 99 268 135 38 66 154 135 130 204 296 90 125 71 199 243 31 100 69 148 156 153 199 124 290 97 256 180 276 150 179 250 21 112 30 11 212 46 252 297 233 158 84 173 212 88 142 189 112 219 105 70 59 115 253 280 56 138 88 54 101 166 224 27 242 150 198 281 222 9 137 196 224 255 180 179 128 261 178 195 156 115 112 68 13 188 235 268 82 186 
299 177 235 42 246 87 86 167 262 226 274 22 162 41 267 28 281 6 102 67 76 216 193 290 17 179 126 112 89 147 224 166 243 187 158 40 61 215 155 105 219 144 10 58 230 267 278 229 227 64 160 114 259 232 36 294 57 290 238 158 250 198 187 90 44 35 10 119 238 258 206 93 11 6 0 61 42 242 50 226 193 177 228 218 48 288 82 164 107 61 85 39 10 171 257 154 202 114 235 46 
173 156 76 47 186 32 250 43 117 190 229 47 35 143 164 263 279 55 41 228 52 0 239 135 123 137 203 41 187 230 41 190 285 10 115 299 127 282 262 151 36 236 208 231 247 108 26 268 151 265 239 193 84 292 36 62 194 0 77 125 150 102 100 223 15 119 61 40 99 1 38 138 102 227 264 179 126 27 37 90 284 147 287 129 266 168 45 76 122 57 148 60 177 155 53 252 167 71 261 176 
170 5 113 261 241 7 287 239 251 269 17 158 60 288 108 82 71 268 264 297 60 299 162 123 229 99 34 223 60 23 283 101 115 292 155 173 102 85 87 15 168 113 254 297 44 72 144 25 178 213 194 120 291 46 221 146 109 285 116 50 78 221 6 228 250 104 260 173 63 92 218 31 265 83 167 10 99 12 82 182 8 266 268 6 17 47 204 8 25 141 36 18 226 108 196 61 0 60 228 24 
188 24 186 94 175 148 110 132 275 14 262 197 188 203 116 223 298 145 138 183 31 244 92 15 32 153 32 215 229 61 123 225 200 174 78 170 166 86 167 202 244 81 204 197 87 213 100 139 287 44 173 289 281 245 154 297 251 90 274 236 144 282 273 49 44 257 130 105 117 92 152 129 75 274 12 236 213 159 50 226 92 209 100 239 107 208 53 192 60 14 2 178 54 43 274 36 128 121 29 136 
12 235 282 25 288 151 102 180 249 153 228 191 244 34 131 225 214 10 252 295 258 278 109 158 14 44 286 262 275 6 241 151 213 129 205 206 230 299 110 54 51 284 25 15 268 210 190 198 249 238 253 207 38 164 133 40 185 62 201 175 105 285 217 125 49 233 133 88 205 130 285 133 85 83 201 46 43 150 185 92 266 188 215 100 284 86 35 75 67 188 80 122 195 85 89 287 63 151 147 94 
207 89 25 115 152 94 48 168 242 236 172 129 90 72 2 78 299 84 87 73 135 286 177 125 45 235 137 286 201 200 57 281 253 43 79 178 67 210 253 101 93 39 259 282 23 79 274 217 15 56 178 256 137 237 18 38 178 86 94 88 51 207 241 77 122 61 144 128 248 161 242 204 147 27 198 215 209 72 223 196 186 200 178 37 131 128 289 222 207 22 70 281 110 44 273 246 176 165 130 183 
155 229 71 171 180 297 161 240 228 0 109 132 157 40 109 280 178 63 212 272 139 151 94 207 146 160 63 188 207 145 167 187 89 70 290 264 161 272 101 224 170 114 156 209 263 226 205 137 285 55 141 86 203 46 42 125 70 50 149 174 296 152 229 34 290 187 52 52 114 273 184 289 166 218 20 283 97 140 252 48 93 159 194 34 83 106 75 82 267 222 41 246 115 295 278 207 105 24 177 70 
118 178 196 41 186 188 57 46 10 58 249 200 225 147 190 285 158 127 267 79 92 125 274 210 291 213 121 269 227 241 181 92 282 29 67 241 211 217 56 226 240 46 180 106 271 164 77 283 129 230 108 136 246 122 120 147 145 6 82 145 115 275 49 228 34 66 83 33 256 104 203 186 87 238 40 130 63 68 39 72 119 66 172 224 100 21 15 40 252 139 265 107 42 205 27 292 193 115 170 52 
249 197 216 95 40 25 179 288 110 66 224 132 76 47 81 173 235 274 195 11 181 131 294 282 83 291 165 230 271 206 78 84 292 153 181 257 111 64 192 151 28 103 144 14 210 214 106 225 271 178 192 178 88 70 105 84 91 238 241 30 69 226 234 135 123 175 248 280 135 134 191 77 136 241 79 239 47 2 231 181 203 108 142 102 156 0 218 211 157 161 233 146 111 292 82 262 158 211 131 139 
141 79 136 140 231 215 109 263 43 207 28 161 132 185 9 11 189 98 101 252 151 152 188 4 48 79 181 213 18 254 16 84 212 39 272 137 49 77 142 182 275 53 144 101 233 203 157 105 252 31 38 279 206 184 213 234 121 159 177 151 134 271 146 129 257 247 89 252 232 20 22 256 179 261 149 229 91 208 151 284 165 132 229 84 208 108 286 98 257 201 257 30 8 14 237 195 76 30 60 253 
235 115 226 20 214 278 58 220 61 56 185 119 239 223 190 79 145 216 114 265 45 31 130 120 85 207 65 38 124 212 177 227 280 15 224 212 228 81 36 275 276 41 120 219 175 126 118 231 108 148 37 106 233 7 250 46 47 91 10 217 82 210 213 119 0 246 258 134 31 105 161 110 72 177 285 128 164 25 191 189 170 257 127 31 152 113 90 52 290 13 212 162 53 103 18 58 234 182 66 263 
152 182 198 197 196 220 138 194 59 58 275 261 207 202 24 146 198 96 102 102 210 202 215 171 265 199 234 190 195 274 254 78 214 140 155 292 232 200 237 233 164 35 244 271 34 260 96 68 88 28 190 247 81 29 59 13 172 299 243 15 138 187 256 97 27 200 297 74 210 31 173 264 278 252 28 131 211 14 115 81 262 113 39 193 150 246 252 260 16 34 247 159 192 92 142 2 195 45 162 172 
27 269 33 281 54 71 2 4 68 128 214 237 151 48 147 126 271 149 298 120 29 28 197 160 56 177 215 282 179 119 11 170 194 148 143 274 71 14 89 8 178 110 227 191 212 124 100 159 173 143 170 272 104 2 192 111 175 239 171 129 231 263 185 272 25 14 54 140 134 132 63 181 188 181 187 173 56 261 160 220 123 47 102 130 120 203 46 96 265 253 146 71 222 108 107 266 208 90 86 46 
266 270 115 11 115 236 227 109 88 76 277 160 165 257 199 112 151 207 290 179 117 171 36 172 121 86 112 163 8 181 59 94 220 35 149 112 58 119 209 268 168 176 14 181 285 82 162 271 90 51 104 116 227 193 205 31 47 286 58 25 129 298 289 190 103 27 285 147 283 19 99 250 115 265 146 173 37 73 90 166 27 201 16 78 269 128 149 121 217 26 180 134 14 33 292 176 80 10 27 263 
30 31 191 226 270 43 71 77 253 130 250 123 270 251 102 26 220 31 296 82 166 153 30 59 15 222 52 298 275 209 159 97 184 35 79 42 264 39 164 57 206 226 140 272 187 89 190 172 235 235 274 290 223 208 208 124 126 82 50 68 131 243 181 41 1 284 190 140 290 40 185 92 75 116 159 215 5 266 121 284 240 282 43 193 240 61 166 100 44 4 264 8 89 125 246 3 12 212 16 269 
227 63 274 20 214 132 166 218 36 158 153 246 35 130 60 138 192 175 268 52 12 192 107 172 208 298 216 210 22 298 281 81 12 187 187 227 216 282 259 57 89 105 191 97 97 79 115 214 112 179 30 161 208 63 60 250 5 166 172 80 142 63 77 196 208 284 264 222 15 291 265 274 28 144 260 63 174 172 34 210 223 255 180 161 56 44 61 36 291 125 247 247 57 209 192 237 100 222 94 133 
287 22 276 15 4 34 94 290 21 33 135 115 42 190 66 272 149 239 124 62 231 104 283 100 263 47 246 101 64 98 79 108 147 120 252 162 266 267 83 7 235 298 76 196 272 157 248 136 227 265 155 194 148 190 110 247 91 270 163 217 135 3 172 178 220 276 118 133 13 296 161 234 55 79 7 116 242 30 71 80 229 285 28 171 260 99 70 116 149 276 159 151 270 54 241 1 102 22 128 85 
206 32 46 142 258 33 250 110 72 140 293 83 76 3 150 264 32 75 57 122 86 247 154 275 16 33 3 247 296 270 39 173 60 119 173 288 263 232 188 183 5 283 24 214 23 40 293 50 230 291 178 130 158 243 264 227 14 214 192 177 114 177 239 63 184 26 21 185 195 218 137 11 109 116 18 125 103 255 124 277 174 15 157 64 28 231 174 117 291 237 222 39 10 46 249 249 110 183 92 195 
22 221 213 170 209 286 185 155 55 224 217 193 71 173 233 264 65 127 198 126 236 228 292 264 141 21 219 68 257 217 65 266 183 76 32 76 253 141 211 66 160 31 71 217 90 191 128 122 248 55 250 202 125 217 177 106 10 263 35 56 173 249 68 40 227 264 6 112 80 22 234 168 38 9 90 7 223 252 145 85 226 20 176 197 193 91 279 103 22 239 115 121 228 61 49 171 9 79 115 199 
255 195 209 194 216 97 70 185 217 169 272 255 295 204 90 167 65 199 137 216 228 129 41 7 147 96 132 69 90 92 3 93 198 259 268 264 31 116 180 216 244 184 210 82 118 34 67 3 224 52 79 221 246 62 160 125 17 127 29 196 41 284 82 190 120 103 131 82 122 64 182 163 1 200 241 7 36 215 118 102 11 154 281 185 208 5 87 28 44 152 297 69 139 85 128 150 221 149 198 108 
74 84 173 296 276 178 266 122 28 97 221 261 253 173 235 294 283 242 168 236 96 101 178 123 67 166 182 108 62 76 49 85 78 29 50 117 112 80 169 74 151 175 247 13 75 170 45 150 183 297 150 69 194 130 61 216 118 43 218 201 227 161 52 78 63 33 39 72 178 25 79 161 100 254 4 233 252 36 3 46 91 11 73 223 86 90 19 86 224 81 42 33 155 6 151 7 169 39 169 167 
66 129 174 233 208 85 0 292 157 56 277 226 200 99 117 57 175 225 106 298 92 115 60 148 243 278 42 208 107 35 65 151 159 233 88 299 22 64 203 201 146 73 91 122 41 190 290 172 158 11 24 100 299 133 278 258 14 270 6 205 129 122 118 275 229 144 227 47 123 31 285 41 138 63 46 249 287 187 264 104 18 149 27 192 268 32 62 211 181 204 33 141 265 211 151 193 241 226 221 124 
103 239 250 96 206 162 192 81 254 10 16 57 0 201 17 229 128 283 150 58 12 295 100 181 44 258 90 195 119 76 144 260 161 83 231 186 149 67 131 104 261 251 248 207 35 262 41 121 179 174 109 56 234 87 100 209 113 99 54 206 170 213 222 173 2 40 62 266 56 69 113 131 36 87 33 265 248 49 34 258 264 101 207 161 132 89 139 61 181 11 263 190 35 89 62 232 237 192 144 198 
206 88 268 90 217 101 276 245 55 44 178 57 167 41 8 137 245 232 175 193 243 53 273 15 37 216 252 197 123 109 242 276 36 273 78 132 177 157 275 265 59 190 268 18 77 14 212 211 241 280 11 180 93 194 0 80 161 67 232 244 151 263 218 101 74 167 173 159 135 96 236 146 156 224 84 292 94 150 147 121 10 21 102 288 67 213 128 227 282 77 286 268 126 76 38 241 3 6 196 293 
148 237 189 280 136 245 290 57 121 259 277 269 230 276 18 63 279 2 9 62 197 243 54 255 120 246 297 267 299 90 211 11 247 44 36 90 4 281 226 35 139 28 130 296 137 225 210 42 110 165 91 134 98 256 252 139 252 285 286 257 296 280 225 241 138 294 7 78 167 84 88 207 299 225 166 278 196 174 214 45 223 83 186 255 28 200 148 109 242 279 203 53 47 199 232 198 165 238 68 74 
211 275 16 273 230 27 46 263 123 293 178 183 15 147 178 44 60 291 126 276 256 130 3 72 103 96 139 184 217 44 146 115 188 229 203 184 32 289 292 298 261 281 70 250 261 98 244 91 253 170 283 270 299 13 246 198 234 282 70 121 122 253 37 141 71 287 87 282 112 111 97 104 42 95 102 28 75 182 194 218 260 208 1 37 282 121 256 218 200 165 298 50 111 287 169 227 256 47 157 189 
54 206 186 205 292 189 6 250 245 161 242 86 156 269 177 215 91 185 221 126 22 145 41 31 29 81 102 287 198 143 218 218 79 129 209 293 224 281 126 4 232 207 126 227 74 214 56 190 18 253 129 144 76 19 72 212 123 276 260 203 174 195 56 101 87 148 192 196 177 179 259 265 8 2 124 108 270 130 65 38 132 213 0 141 261 110 111 228 50 130 267 160 187 89 141 190 245 44 286 13 
145 54 47 27 248 108 175 99 59 33 15 21 141 202 22 81 70 70 191 133 142 210 215 14 230 107 24 189 34 8 142 146 16 6 184 168 69 132 18 6 245 236 264 118 224 167 279 268 250 148 230 297 234 160 25 221 186 156 236 121 238 140 46 65 199 63 144 157 162 259 27 6 258 242 223 232 105 264 288 242 106 151 94 185 6 173 219 212 228 5 163 99 148 257 149 47 230 182 17 14 
28 184 5 247 15 219 11 16 282 66 31 278 101 183 297 73 144 280 182 116 256 153 236 119 100 82 199 136 164 246 77 78 170 247 20 277 95 264 238 178 289 184 125 257 156 209 5 296 205 297 135 170 157 292 67 197 99 119 276 279 86 67 246 275 37 68 8 147 64 263 91 109 270 47 183 195 15 188 97 40 60 249 28 7 244 43 220 273 129 248 28 194 67 285 195 151 149 144 5 183 
146 171 174 27 146 121 119 244 145 8 100 143 278 203 79 206 120 288 139 34 141 66 35 167 4 37 207 39 65 182 175 175 90 233 271 194 172 292 211 160 238 18 60 130 78 107 71 142 278 138 152 157 68 208 9 91 284 51 156 291 22 3 18 284 204 191 54 199 217 187 70 66 43 261 236 117 46 22 283 294 37 98 135 206 177 59 158 90 152 285 89 79 195 138 198 178 47 12 272 182 
21 175 240 59 168 177 204 131 246 215 33 147 138 266 180 229 213 41 27 27 244 193 242 95 33 263 280 288 107 96 291 99 163 175 28 3 77 198 288 194 15 70 264 153 148 173 228 130 228 132 90 272 51 122 195 82 95 166 90 24 98 200 92 266 32 247 112 34 188 221 196 208 129 148 56 136 88 207 269 296 77 148 188 59 90 281 248 241 10 212 226 88 85 211 75 146 155 264 95 288 
284 69 248 166 7 151 185 288 6 85 8 5 61 247 262 193 168 272 45 220 150 112 278 161 195 246 53 124 237 208 253 40 63 259 284 80 6 130 95 172 73 254 34 283 119 239 282 18 150 297 19 27 294 154 76 291 278 279 120 208 86 246 22 68 154 169 157 146 93 146 162 186 150 54 113 147 131 276 186 146 23 116 244 250 94 207 174 226 106 148 222 154 253 215 206 218 40 241 69 47 
41 105 58 0 288 254 203 228 219 184 145 124 200 180 249 200 111 46 98 121 176 188 218 106 194 1 142 107 161 147 5 89 298 90 59 51 132 185 135 20 277 273 226 6 85 9 11 274 13 295 71 65 112 92 183 63 110 267 164 222 251 46 234 294 215 297 269 214 281 103 92 125 5 63 299 46 269 279 20 56 240 54 280 186 57 215 43 143 73 221 205 153 96 66 202 107 256 67 61 203 
192 29 176 240 148 248 263 269 104 163 250 50 174 172 47 80 48 241 73 16 94 84 133 126 276 291 11 56 91 283 269 96 113 210 34 245 122 206 282 3 199 28 191 44 138 273 291 147 12 83 193 139 262 119 81 139 228 105 72 224 293 210 31 14 183 290 62 40 250 256 224 211 86 238 249 281 62 255 232 23 98 180 75 155 237 102 143 22 247 117 16 49 249 54 81 241 299 5 40 213 
264 163 17 263 252 213 211 59 282 268 118 11 182 0 275 30 286 222 217 43 250 99 89 185 180 69 85 37 44 56 196 103 70 237 57 193 14 242 12 192 244 203 201 156 195 139 93 210 85 42 134 212 181 213 218 41 21 18 77 161 299 102 74 135 177 33 240 10 40 36 38 181 297 296 262 202 125 222 149 168 151 206 17 99 203 157 179 13 174 146 155 11 295 264 102 125 276 16 126 158 
57 204 192 118 271 64 83 165 221 236 11 92 40 203 64 54 73 18 264 216 219 236 282 85 193 260 120 237 157 196 208 248 53 149 22 74 262 130 177 128 119 194 227 258 215 0 298 55 106 181 149 120 209 156 290 188 140 1 253 259 56 64 244 166 169 267 260 115 46 167 188 149 178 238 129 62 17 141 11 287 7 289 122 111 40 283 71 192 177 192 7 26 14 152 191 230 205 50 54 119 
102 189 65 50 187 238 234 51 21 14 259 73 136 282 223 230 79 136 120 241 168 203 171 200 79 273 106 161 84 255 37 55 18 258 46 92 17 126 236 30 48 156 98 35 280 28 40 73 267 83 231 178 100 93 250 191 210 282 211 155 87 229 251 211 291 246 145 207 237 128 49 219 89 110 184 135 147 224 209 88 19 100 296 188 250 190 262 32 200 215 28 272 222 81 125 226 157 135 269 95 
203 266 31 94 49 269 237 270 7 61 219 6 260 44 5 223 253 43 213 7 256 17 8 243 279 49 271 198 291 187 221 191 62 24 296 215 32 100 9 240 113 23 168 85 54 250 215 3 238 299 50 187 255 247 170 74 217 235 114 269 246 9 179 72 87 176 67 29 53 15 252 49 152 291 142 27 204 294 82 188 20 102 208 297 148 173 200 231 142 299 28 276 45 18 214 79 5 296 119 205 
69 74 251 68 257 208 71 129 254 69 295 5 72 284 5 82 196 143 181 227 123 263 239 103 21 277 294 57 269 19 178 231 43 246 220 111 63 42 241 203 58 42 4 20 294 282 104 204 299 182 161 269 51 245 217 225 145 294 23 293 22 274 47 147 44 146 108 152 20 194 46 148 141 126 30 99 273 183 185 79 228 193 56 7 175 57 20 268 98 86 236 102 265 48 250 245 283 266 32 44 
172 187 0 186 6 111 26 179 22 112 212 181 268 125 46 259 34 105 151 10 168 51 236 175 89 261 55 141 245 243 235 239 156 277 298 119 222 135 206 4 44 216 161 264 70 37 43 279 125 59 130 84 214 132 88 5 143 193 50 166 90 260 64 56 196 213 152 208 8 146 288 81 0 39 196 106 167 33 291 189 235 182 225 10 173 146 57 52 299 185 3 141 217 109 129 125 39 106 53 65 
18 66 87 291 41 185 57 101 226 97 70 182 209 231 87 92 152 27 207 216 20 272 198 138 231 63 209 104 62 160 111 289 248 1 283 119 8 55 204 66 292 190 221 257 15 93 50 190 268 282 102 165 27 119 168 17 247 273 143 226 260 275 185 98 35 234 155 83 0 244 277 204 116 15 18 212 180 116 197 279 112 167 7 2 263 217 95 189 186 63 241 259 222 116 147 62 155 290 149 7 
175 9 269 5 155 124 38 17 184 140 25 260 49 47 12 104 197 86 244 188 111 109 10 107 192 270 154 174 27 8 208 249 210 264 114 175 109 214 18 245 205 138 280 217 83 233 147 179 88 142 60 164 123 260 122 177 5 122 208 146 76 104 76 140 211 259 102 11 217 188 64 172 105 173 291 254 157 113 170 111 185 62 73 290 165 147 81 114 289 250 66 106 201 70 129 211 242 166 203 261 
292 266 182 42 104 142 38 195 127 88 39 16 95 117 161 158 122 143 159 67 93 32 260 173 175 15 108 231 150 219 103 125 289 277 39 138 151 263 114 183 118 69 12 213 16 71 250 211 118 198 157 181 293 0 79 285 146 22 83 104 248 284 136 226 269 296 138 213 113 154 193 83 166 244 111 260 101 120 50 15 52 79 245 47 252 52 21 164 133 220 63 141 236 153 52 106 67 7 49 88 
119 27 236 79 111 150 59 283 32 21 152 120 161 123 288 288 127 46 136 87 232 247 184 152 237 8 18 223 60 243 203 153 285 184 216 239 167 197 8 179 241 290 28 63 292 20 155 95 130 38 154 50 45 157 219 51 131 235 214 226 196 11 68 36 18 231 156 187 125 80 46 279 191 237 169 136 234 33 276 65 64 106 93 204 49 46 66 123 291 273 204 15 34 163 72 103 187 260 159 166 
215 296 157 289 31 4 181 215 178 170 149 30 157 96 212 151 27 120 231 188 81 63 68 109 71 67 115 20 11 29 83 238 105 95 125 211 169 258 115 263 93 20 104 94 26 244 58 13 36 101 76 106 120 168 102 218 278 132 157 125 171 156 95 153 276 200 202 22 4 164 143 130 23 114 235 61 215 248 93 99 175 53 239 201 117 16 14 164 36 277 162 192 38 188 115 12 44 84 168 202 
124 244 150 254 183 264 172 6 287 270 92 273 82 82 215 4 107 27 232 296 96 71 222 229 241 66 143 139 136 25 271 31 110 53 2 88 61 122 73 142 135 165 47 214 169 178 35 16 183 154 132 14 87 188 66 286 264 161 163 73 185 185 192 29 198 268 248 43 190 257 165 217 238 18 234 292 257 4 161 273 193 72 2 34 41 54 148 110 150 201 7 112 131 100 9 115 283 135 288 49 
74 13 272 47 233 71 41 129 106 5 224 47 244 189 19 231 269 133 29 88 164 114 23 134 221 152 67 182 250 189 271 120 125 112 18 156 15 267 108 298 219 68 284 82 64 106 1 162 83 71 230 77 65 153 107 176 275 103 211 122 107 62 191 294 161 56 191 99 274 239 23 95 169 193 65 289 242 86 190 207 208 258 141 1 66 33 139 226 26 57 15 3 121 147 262 121 177 56 247 6 
279 249 191 200 271 124 195 185 58 117 168 30 108 130 48 123 38 299 147 155 74 132 221 289 248 299 10 113 239 137 206 71 136 156 194 180 18 18 230 23 211 20 241 51 86 297 74 109 46 153 76 293 262 154 236 283 37 166 81 164 287 65 52 163 101 144 37 157 138 74 262 120 230 74 259 138 87 285 266 193 74 297 16 86 75 99 99 95 224 129 297 21 39 90 141 218 21 162 105 269 
70 5 144 7 163 255 156 150 63 98 214 80 133 159 277 135 204 149 116 199 72 223 4 119 48 136 154 143 237 249 192 145 190 233 166 43 17 32 79 132 273 246 165 114 155 293 181 92 14 234 158 76 34 16 289 111 145 237 73 147 176 45 52 129 120 96 13 191 224 136 296 148 249 223 235 203 101 285 238 296 212 229 293 173 153 272 260 105 231 11 216 43 127 279 280 188 249 38 206 88 
73 259 119 214 268 0 272 63 287 179 66 277 43 151 157 80 162 212 237 229 153 114 261 281 66 146 187 244 148 149 27 270 176 157 44 134 42 58 224 9 49 149 239 277 163 31 18 283 120 223 224 194 129 84 58 45 228 298 39 99 154 35 130 45 136 211 251 263 26 155 235 98 85 97 208 29 131 245 176 275 8 50 141 101 115 271 181 225 6 252 111 14 86 176 162 288 214 264 264 146 
85 166 85 86 118 54 241 253 116 177 295 52 66 168 56 70 280 235 12 180 47 118 63 201 162 194 170 117 261 157 95 247 186 236 50 233 222 9 58 189 293 128 208 278 57 245 253 241 64 246 26 237 292 103 71 59 146 31 4 10 118 53 136 246 6 95 275 103 201 217 291 93 179 73 77 89 34 245 32 106 46 22 130 29 272 172 159 238 43 66 143 24 253 16 27 47 265 114 266 227 
80 290 288 76 265 264 31 188 240 61 110 77 147 290 102 88 40 155 35 244 261 260 131 147 85 202 225 105 286 177 164 143 143 272 49 271 248 138 299 284 280 248 149 285 130 91 281 221 43 107 19 2 219 16 212 38 30 28 268 230 1 213 210 189 197 0 186 230 132 34 7 222 209 118 263 283 232 8 139 170 282 12 251 56 110 186 130 27 125 173 146 16 184 261 74 10 39 273 95 289 
64 144 281 47 112 16 14 11 193 69 80 41 185 151 283 138 297 262 193 180 66 277 225 144 180 173 62 81 25 184 221 40 228 133 79 246 197 213 180 193 100 182 77 119 67 199 88 95 89 285 277 198 205 277 95 249 180 78 277 88 266 19 158 158 285 280 59 238 59 9 87 5 241 0 296 252 69 89 112 1 166 106 86 53 48 36 186 153 173 51 254 13 98 64 47 276 271 241 144 178 
154 297 45 46 149 118 174 28 58 19 93 178 247 18 161 221 266 110 152 130 66 144 27 45 250 231 217 142 257 17 154 127 260 0 113 202 264 45 11 234 287 215 145 3 128 95 172 45 81 55 92 41 233 153 231 44 170 222 270 260 228 87 76 49 246 234 62 75 297 67 208 268 203 297 234 140 146 91 288 275 273 284 118 134 90 55 130 170 69 107 0 254 272 75 232 44 275 12 250 190 
37 82 295 288 143 111 6 4 209 34 82 61 83 141 230 241 263 237 56 187 176 114 42 299 252 17 73 211 193 208 48 54 44 166 70 195 35 35 159 165 0 130 84 56 239 28 71 50 113 96 73 62 50 1 19 225 272 294 215 159 244 89 244 69 284 137 163 25 162 140 172 145 112 169 232 119 228 279 240 100 282 243 209 132 168 18 33 14 77 129 11 97 225 152 206 81 68 65 136 249 
101 59 137 253 109 79 288 44 127 253 278 52 14 230 128 173 37 12 71 135 251 127 207 135 260 187 254 95 46 158 83 277 83 251 265 285 94 170 254 193 203 206 246 119 129 225 154 193 82 60 65 244 253 34 84 289 228 181 121 299 7 202 298 19 233 272 182 56 15 228 25 168 181 255 284 298 254 73 84 240 291 29 67 180 84 245 58 277 65 214 189 69 114 167 40 192 62 207 95 236 
293 52 265 3 45 143 284 244 121 193 72 129 271 83 209 241 284 129 6 221 201 295 159 69 240 296 33 80 11 298 128 243 20 87 34 238 134 279 55 296 275 189 143 114 123 150 103 141 132 4 38 179 217 195 112 246 128 46 201 3 139 187 254 254 163 152 60 51 176 261 15 77 232 270 190 117 2 115 149 81 184 229 68 177 260 10 274 37 199 184 132 252 235 110 59 29 267 247 271 252 
161 219 269 200 211 127 232 131 25 61 91 281 269 8 202 148 160 37 162 262 280 254 250 57 239 26 180 84 279 184 191 127 266 45 74 165 277 260 156 283 63 97 258 216 291 226 282 23 173 227 1 97 236 48 139 144 118 95 105 150 156 284 44 90 62 89 61 188 269 218 184 75 277 229 60 80 25 78 150 8 148 64 270 102 143 235 219 150 33 201 235 117 94 50 222 134 70 33 217 40 
64 124 266 205 186 123 190 287 88 236 244 141 57 93 124 160 248 162 110 242 227 225 52 123 132 259 277 46 13 85 176 46 213 78 156 282 103 175 289 102 39 52 103 135 295 185 109 204 276 217 297 30 277 110 158 97 114 133 134 92 61 79 153 19 9 265 101 10 28 271 48 213 143 55 131 166 279 208 180 254 286 41 258 88 142 192 31 83 193 143 211 166 278 81 280 253 20 40 53 237 
84 297 206 59 139 52 164 54 188 191 209 186 251 245 147 297 111 68 173 48 229 34 294 205 89 218 236 232 153 207 24 243 288 133 153 2 240 196 70 82 55 157 52 60 14 257 106 5 296 65 127 214 253 132 101 213 38 43 151 62 52 182 262 43 179 49 24 284 134 150 185 140 240 222 245 120 260 246 53 32 128 71 156 83 142 203 150 30 28 139 204 97 79 258 147 294 186 83 74 174 
48 154 73 86 54 102 176 69 249 95 98 66 267 134 238 216 244 198 155 0 20 282 124 115 123 238 223 152 165 198 137 188 219 164 202 217 105 70 145 124 244 264 251 298 231 67 32 225 178 174 166 2 166 244 17 46 291 107 235 177 191 219 0 234 18 277 200 65 22 229 136 193 121 58 291 158 189 73 14 41 8 169 30 121 4 26 276 171 25 123 257 233 68 197 227 104 66 168 68 61 
61 176 117 68 94 160 126 244 276 121 276 150 39 99 227 209 5 155 9 25 209 60 166 251 121 180 234 73 118 293 232 215 97 169 137 228 216 30 295 256 78 270 22 290 147 154 0 22 255 187 272 134 236 170 35 68 34 212 253 274 239 117 253 97 199 30 90 139 50 277 76 100 139 112 144 18 283 176 195 188 135 207 6 4 38 243 170 93 146 62 64 259 132 183 160 288 26 107 293 251 
266 283 4 183 228 163 278 246 40 144 187 134 116 294 29 296 154 157 245 131 90 229 196 132 179 248 243 100 127 74 107 205 4 11 19 148 141 172 113 106 149 123 121 93 58 88 247 94 97 228 262 129 85 173 27 17 29 42 296 84 178 273 142 125 117 34 26 144 125 210 15 45 83 15 35 201 83 126 42 166 122 186 259 70 12 115 150 57 244 147 74 194 6 168 260 222 129 238 191 87 
89 114 105 205 58 206 2 62 65 135 120 31 290 205 139 5 107 174 242 117 192 218 100 52 136 117 236 294 171 154 19 29 64 246 216 172 25 60 262 152 4 43 228 199 68 36 233 55 129 291 261 13 80 256 32 87 43 14 293 291 16 54 274 129 207 68 230 291 80 280 187 183 257 35 98 296 201 280 143 12 262 140 181 249 57 140 21 127 132 74 41 118 43 227 225 45 61 32 113 26 
260 18 14 234 7 126 113 203 105 108 236 172 284 23 24 13 279 26 87 272 262 142 135 231 273 268 70 207 99 284 180 224 241 106 9 58 92 192 71 120 103 276 176 162 188 99 264 216 241 86 282 157 118 125 179 110 65 89 139 80 180 2 158 91 238 17 10 143 105 201 283 34 160 249 259 88 137 129 20 88 115 197 90 224 39 23 293 114 124 43 162 68 58 89 61 281 244 138 183 77 
136 90 77 119 247 201 281 216 4 128 127 75 178 154 295 11 26 268 281 297 221 61 1 42 138 14 48 203 123 233 294 223 261 50 33 101 45 190 138 23 132 244 275 182 250 58 213 299 67 117 95 225 42 255 51 244 54 168 99 253 46 42 274 143 216 270 8 193 5 180 223 117 179 118 27 297 254 24 257 204 41 89 135 291 176 278 71 52 230 107 2 178 193 222 87 171 256 33 44 27 
56 14 262 246 65 121 103 95 259 144 241 41 253 197 118 34 53 165 155 115 14 215 101 116 17 137 96 276 297 283 266 291 229 16 248 225 232 281 199 38 137 90 110 168 230 51 42 120 145 92 126 17 240 69 84 85 246 229 263 166 148 160 114 220 169 118 70 7 245 158 131 140 202 111 277 107 157 122 288 127 263 183 140 214 207 44 59 262 47 20 183 148 205 233 77 243 224 201 218 116 
262 141 164 2 277 34 216 255 41 39 253 229 228 239 289 193 165 241 78 175 29 177 248 136 155 29 257 236 149 52 250 244 99 245 108 212 256 263 173 40 219 264 215 276 32 239 125 219 259 155 13 204 207 145 282 12 275 40 212 67 241 75 216 219 92 210 292 177 276 251 286 197 210 52 4 45 274 140 104 120 20 178 117 148 6 10 45 29 36 251 272 184 271 147 38 141 72 45 292 159 
180 257 265 196 232 183 194 163 130 9 210 64 140 126 24 197 222 110 94 207 263 109 59 127 184 227 35 177 23 81 37 136 285 121 81 211 186 137 79 80 150 94 64 55 169 84 52 257 158 21 115 238 171 122 172 219 0 251 258 100 190 47 65 177 82 27 173 119 170 19 134 162 151 87 12 165 76 23 131 53 94 234 265 85 137 59 227 273 142 131 57 50 273 197 2 234 272 40 279 164 
104 297 15 130 236 257 175 69 260 115 247 133 115 17 297 177 225 118 287 217 210 96 215 139 231 49 54 115 158 132 234 166 127 165 262 24 102 151 66 248 107 25 26 96 13 182 61 219 22 294 102 203 181 145 212 82 13 150 143 43 21 221 274 40 244 113 62 272 32 29 167 118 125 12 118 96 23 222 179 77 208 204 99 35 67 63 228 129 290 105 240 167 81 273 67 44 79 92 253 285 
108 128 56 199 87 264 118 71 118 40 265 27 253 134 226 0 91 209 11 266 59 17 97 151 101 295 145 104 211 51 223 232 54 31 279 111 81 229 234 146 114 48 37 47 250 91 7 243 214 19 105 86 75 150 281 115 114 39 9 81 280 260 38 166 39 130 14 113 290 252 261 69 298 7 142 15 286 216 286 28 239 77 187 13 115 193 214 63 295 106 253 107 283 294 215 224 103 98 172 234 
123 72 9 235 134 251 127 84 199 207 256 71 279 44 167 46 283 32 227 223 229 103 142 149 108 278 122 269 157 249 61 106 107 122 169 66 91 167 106 38 157 226 223 72 182 291 18 51 234 18 36 202 39 119 240 81 298 174 175 44 26 182 221 29 199 297 245 296 181 176 58 1 249 265 112 22 7 102 17 162 89 124 106 201 90 284 108 209 22 101 203 48 169 66 227 275 111 53 230 154 
219 120 91 165 155 270 160 263 54 74 34 188 51 188 215 72 17 12 4 10 140 175 152 66 155 119 85 51 210 42 58 48 234 46 17 93 46 92 121 21 60 178 111 237 121 41 128 151 269 123 222 200 231 5 188 38 64 272 199 135 156 177 250 78 289 251 144 251 151 200 201 181 109 266 182 253 218 43 221 262 198 115 21 295 271 162 185 88 175 298 7 141 35 297 178 91 157 105 280 241 
153 299 82 242 185 235 53 219 223 19 23 248 63 270 56 82 225 246 237 128 216 79 210 218 52 6 291 229 54 227 197 200 297 186 102 94 250 24 159 189 3 280 108 42 65 175 117 18 45 86 23 253 116 49 244 185 173 201 91 78 299 210 136 3 50 185 144 243 7 121 299 49 55 274 69 292 179 267 295 95 146 201 162 185 83 16 177 136 186 41 160 283 88 64 67 32 1 82 171 250 
198 255 75 56 127 74 247 70 186 289 74 45 129 111 100 58 196 131 42 93 139 210 228 240 222 4 159 297 166 59 133 63 171 169 154 274 62 211 297 64 10 233 142 200 153 192 56 97 40 126 269 190 67 25 13 32 145 262 217 251 16 59 29 182 87 115 132 98 225 149 158 150 114 136 183 128 271 121 70 177 78 9 56 121 130 229 142 229 140 147 7 82 279 51 35 295 142 225 5 98 
271 113 84 291 166 240 49 36 222 129 262 32 211 201 101 58 81 158 26 121 64 142 231 46 145 202 215 273 7 144 5 76 281 186 78 36 47 44 156 65 239 49 68 176 115 169 198 39 28 113 195 181 217 11 120 139 287 172 45 9 263 91 192 273 159 148 60 221 41 177 120 95 78 36 40 178 237 189 142 206 270 21 124 273 102 67 205 220 144 149 185 220 93 99 127 233 0 8 262 202 
207 293 121 74 150 10 278 130 270 281 292 173 32 202 173 212 199 93 220 94 270 18 12 99 94 146 136 235 120 68 136 118 110 115 207 154 228 51 266 172 241 114 142 150 25 208 182 0 29 121 24 261 49 122 248 105 66 286 76 29 264 127 46 267 125 147 91 254 71 4 169 68 159 299 183 226 22 284 207 23 252 63 149 129 122 133 198 5 184 123 40 1 232 274 108 63 65 106 47 35 
232 36 201 65 231 157 203 120 151 137 56 226 35 40 219 6 217 88 255 294 129 163 150 8 179 67 218 239 254 119 57 289 186 147 60 200 114 291 294 290 131 100 149 233 55 51 162 239 89 114 221 17 24 168 128 42 154 285 188 183 219 58 159 48 298 130 256 161 99 177 8 262 38 103 223 28 259 141 238 209 83 36 282 38 233 38 228 231 28 272 114 270 29 72 99 212 60 72 19 24 
119 207 33 69 5 105 64 242 4 97 235 236 202 204 208 41 94 83 4 74 30 201 173 162 195 24 279 84 219 289 223 281 250 218 257 111 192 55 73 165 222 255 13 108 3 68 17 233 285 197 7 41 48 171 155 69 66 218 277 5 11 262 230 215 207 21 97 256 78 203 35 235 148 27 25 49 105 67 8 136 22 247 288 202 257 142 206 60 169 75 28 152 202 258 147 59 111 209 35 111 
236 288 248 13 62 2 193 22 81 106 232 296 2 282 265 98 57 71 180 155 169 121 236 70 273 281 230 201 225 216 124 254 230 250 262 279 49 183 270 225 63 248 19 42 221 93 121 209 10 141 151 94 269 99 273 142 39 60 118 149 154 192 177 263 279 217 140 264 37 114 109 292 238 253 84 125 122 184 168 46 225 232 173 168 286 294 239 23 130 81 201 263 273 29 8 87 59 286 161 258 
289 256 28 92 87 42 23 283 17 136 122 131 81 85 152 158 72 168 34 64 238 67 250 23 203 29 299 246 107 141 155 63 150 144 245 269 45 129 112 271 132 75 195 14 72 267 207 28 154 232 94 262 180 195 49 128 268 10 192 127 47 100 165 172 132 190 106 130 73 293 215 0 124 39 31 120 218 74 74 266 101 171 15 109 60 207 34 31 35 132 201 292 62 5 219 33 58 223 97 157 
22 71 72 31 168 80 43 109 64 299 169 276 156 215 229 173 241 70 190 172 8 65 201 99 25 31 57 41 156 210 297 200 101 297 212 248 170 21 237 144 177 92 292 150 68 110 1 286 11 184 115 43 237 127 236 81 299 175 139 218 131 135 150 112 109 66 205 254 182 70 122 227 187 172 227 231 28 108 125 155 148 74 158 123 175 77 178 74 241 168 37 166 227 190 236 249 67 66 208 71 
197 111 275 124 7 76 138 120 33 175 162 185 117 159 52 14 53 292 135 214 26 230 207 110 27 148 267 270 159 218 130 173 147 237 266 176 212 78 105 133 86 121 141 56 181 255 207 30 37 19 247 8 227 181 121 130 24 124 151 273 284 97 121 89 271 23 69 27 199 9 56 210 36 70 284 116 54 39 189 44 71 254 86 1 0 2 231 54 117 47 264 120 275 79 155 35 82 221 54 153 
191 229 204 39 135 52 153 113 244 14 172 16 40 5 20 42 164 296 210 233 79 188 114 16 115 33 214 247 67 292 123 237 298 127 75 131 274 281 171 202 280 80 18 89 68 125 285 44 192 203 204 73 290 263 73 165 213 54 268 108 55 11 247 33 224 286 246 283 122 181 126 241 18 66 169 129 286 241 85 130 183 184 251 196 5 4 81 75 104 2 267 32 181 30 225 259 262 114 242 147 
186 50 273 220 37 259 251 18 166 297 20 23 294 298 165 211 16 116 43 125 145 130 109 41 154 213 27 176 132 188 101 91 83 2 2 104 238 43 103 29 90 146 123 114 0 233 212 250 264 50 193 96 216 85 245 152 126 169 48 243 5 207 149 271 269 96 96 60 16 231 81 18 8 51 224 168 142 70 106 260 221 270 104 273 156 43 103 265 284 285 156 226 150 31 257 99 171 165 75 122 
120 130 157 161 16 89 189 249 280 116 177 47 238 85 9 241 230 108 295 231 61 94 279 159 154 21 212 2 261 56 91 264 126 40 151 189 15 146 280 161 97 279 136 197 240 46 75 259 253 81 285 128 96 3 281 12 30 192 184 129 284 29 192 27 265 257 167 20 48 88 127 8 70 56 143 255 159 217 133 90 206 153 149 78 234 0 290 91 117 92 24 184 292 20 226 123 293 174 21 188 
264 26 57 233 130 42 177 181 98 175 117 125 56 213 247 130 94 185 167 240 8 29 168 55 276 242 278 36 255 242 249 50 219 281 129 13 102 25 28 158 237 139 58 169 60 211 187 216 137 35 170 141 223 172 232 249 237 90 258 82 291 10 35 182 144 152 137 132 97 21 39 188 97 141 116 190 201 193 162 288 230 241 224 209 137 152 48 96 114 68 179 248 92 152 76 279 212 251 272 106 
256 111 266 57 106 257 154 128 220 199 74 17 250 67 122 163 83 130 264 210 88 57 86 127 279 238 286 58 98 35 90 23 38 98 82 242 195 144 234 59 145 60 16 64 177 226 150 92 52 57 176 192 183 252 189 47 259 268 62 88 223 202 79 107 132 287 273 203 277 33 215 194 99 108 257 73 202 109 234 124 257 249 32 30 90 157 298 104 165 32 217 287 115 203 131 253 178 104 276 156 
231 37 289 51 59 31 51 76 186 216 192 19 37 282 25 31 150 57 19 66 89 288 45 200 5 155 62 290 211 175 179 132 82 243 13 180 192 250 168 125 36 260 246 176 221 97 233 157 2 279 262 136 110 84 56 154 269 32 60 86 188 152 83 253 26 251 145 69 95 211 23 224 229 132 47 164 96 25 13 18 98 63 98 56 133 98 209 131 188 177 46 245 256 281 70 125 102 141 238 80 
47 289 119 96 48 68 246 288 72 94 110 119 232 194 199 0 253 68 12 129 18 50 298 238 224 72 142 277 18 38 216 272 125 153 170 154 122 49 193 290 282 193 79 276 66 67 136 49 23 229 88 5 22 288 37 111 51 161 145 153 131 41 132 76 25 169 143 94 51 97 71 78 184 273 127 65 240 22 211 118 86 242 11 99 269 70 44 206 94 46 213 20 165 198 136 193 138 96 250 0 
274 255 28 38 162 214 176 9 135 47 127 261 243 130 236 171 139 256 65 76 261 153 189 264 219 166 182 27 41 87 87 276 272 32 244 116 287 221 197 189 271 203 84 200 185 213 99 0 15 251 114 173 187 138 268 291 102 148 20 154 237 125 66 77 200 158 31 69 156 97 241 105 275 33 151 261 261 235 120 219 289 102 70 116 164 115 264 294 230 92 132 249 87 286 215 148 155 68 70 22 
225 38 46 41 247 258 290 138 43 5 67 185 94 37 144 167 10 62 0 185 222 223 33 126 110 110 42 217 172 115 267 96 201 168 95 137 201 72 266 263 194 226 292 132 70 261 78 52 262 250 88 127 142 44 102 3 79 62 7 168 296 189 167 226 188 8 188 185 183 190 243 238 167 195 260 56 32 257 283 4 19 48 252 74 227 71 289 197 162 205 51 137 211 132 246 110 279 205 41 160 
17 261 186 1 41 170 221 235 133 153 99 23 67 114 296 64 121 264 69 0 146 28 96 211 208 292 45 186 158 68 118 263 68 187 185 162 117 206 4 267 68 53 234 148 186 43 212 254 7 28 122 203 79 281 215 268 151 199 102 124 96 100 267 278 107 211 270 127 286 116 158 73 142 78 92 53 145 48 236 56 78 78 56 4 298 10 29 134 49 59 23 101 26 201 49 77 79 89 131 80 
