258 254 49 131 8 94 84 43 91 36 97 46 187 74 232 184 150 104 125 61 114 292 193 152 93 259 127 236 23 179 165 140 42 148 235 92 118 123 156 297 20 208 265 294 165 282 91 237 114 27 61 160 254 98 21 245 262 209 21 114 65 222 13 141 88 161 119 123 111 87 207 147 4 190 177 261 227 25 183 83 108 41 43 157 49 235 105 112 7 220 0 136 286 191 287 202 47 26 161 259 
122 232 34 63 56 133 0 0 51 230 257 231 63 142 243 35 7 37 139 63 104 225 59 10 253 150 149 89 132 138 41 297 132 245 295 286 216 117 188 211 54 97 227 123 103 187 177 263 43 148 85 36 184 151 138 200 136 208 133 260 242 250 283 81 60 226 19 224 75 151 276 18 298 43 42 143 42 231 81 197 81 286 138 13 4 86 65 86 115 52 134 153 102 13 32 211 67 184 66 292 
153 170 112 160 47 227 214 9 181 219 272 181 219 121 22 272 111 182 280 103 11 246 284 34 64 139 174 175 89 142 61 240 59 38 196 35 141 254 292 75 282 294 80 142 26 264 160 98 278 248 7 40 252 267 243 211 263 232 286 108 97 169 26 86 261 215 44 189 63 70 250 235 65 92 254 98 217 36 178 14 265 127 50 238 237 138 139 26 99 29 257 4 275 239 154 55 14 122 16 223 
165 37 233 79 70 213 123 15 242 40 31 110 23 152 133 58 275 23 132 194 25 257 121 9 80 46 98 3 199 6 129 193 44 163 118 208 32 82 33 250 229 52 7 212 296 118 224 115 81 34 46 94 153 140 268 20 176 90 181 262 223 179 273 38 204 226 180 253 71 154 278 211 43 164 127 53 153 117 44 208 48 28 241 279 186 99 100 88 130 149 186 195 179 78 161 20 52 92 290 52 
104 145 68 157 128 213 209 265 150 33 59 292 236 204 237 5 281 45 167 287 91 117 135 272 255 102 186 185 109 200 190 79 35 67 265 206 63 10 106 252 202 183 122 140 152 206 226 95 158 254 4 271 243 93 79 263 94 48 122 234 30 299 251 211 27 257 240 56 172 148 234 85 214 6 98 212 172 295 229 215 288 263 290 153 177 194 266 145 64 34 127 119 148 220 209 160 97 119 17 96 
217 61 46 110 50 206 202 156 150 270 64 191 135 134 95 297 161 143 280 194 223 82 39 248 202 3 36 142 56 143 203 134 235 131 252 205 228 148 197 36 11 44 185 260 24 230 230 119 268 144 268 57 284 235 148 244 105 101 200 276 5 123 220 94 5 86 70 87 127 159 297 139 90 7 10 126 267 168 291 23 114 213 45 188 90 2 125 257 213 176 233 220 235 10 71 191 209 160 110 140 
281 291 165 38 124 65 289 297 99 166 90 132 86 275 256 205 134 250 254 17 17 171 271 296 127 149 276 159 107 171 254 119 83 196 76 157 0 29 136 81 81 299 187 224 213 201 246 165 275 207 106 177 54 39 278 269 289 114 72 184 32 279 44 286 248 83 292 244 4 260 37 161 64 176 226 93 66 276 291 96 219 202 99 208 199 178 18 203 48 244 205 271 92 154 26 299 117 223 88 163 
64 261 3 118 189 191 232 223 154 158 3 93 70 218 32 204 37 263 256 65 193 132 112 280 266 114 39 159 285 53 88 97 185 180 214 172 24 178 279 16 229 154 23 158 154 3 153 207 87 150 286 29 299 108 73 22 175 218 159 98 41 232 0 87 243 278 213 215 256 157 156 295 214 281 189 125 220 133 162 51 18 136 37 101 271 155 53 298 114 243 194 156 296 216 145 58 257 26 82 71 
33 279 236 267 109 33 210 35 10 145 72 186 134 0 70 58 232 89 66 293 20 268 148 72 287 125 61 251 120 72 260 203 293 256 273 61 156 117 59 296 220 238 109 48 78 30 7 16 199 255 6 177 69 293 193 91 274 104 201 33 127 112 60 176 197 96 105 261 164 85 39 88 6 172 22 131 170 259 78 90 80 256 251 143 212 254 233 294 272 292 169 55 255 51 52 126 264 35 82 299 
24 65 117 158 147 236 35 209 71 66 270 70 70 292 63 102 205 8 204 131 258 61 18 252 284 108 77 257 135 34 174 130 162 66 199 192 211 45 261 216 49 239 274 42 25 56 116 152 181 14 75 186 127 240 110 281 233 276 7 281 113 89 264 196 46 208 152 212 259 43 154 266 12 15 144 203 91 39 268 243 212 216 212 253 36 220 167 254 130 29 182 6 252 14 15 191 121 53 176 243 
243 71 124 196 106 36 235 13 69 157 194 280 145 167 48 190 264 289 83 99 81 21 171 179 36 195 113 228 34 43 203 144 102 196 126 229 258 65 199 8 54 254 182 187 165 130 84 226 16 296 40 200 291 212 76 21 70 139 53 274 247 33 197 49 105 46 99 175 126 299 88 287 96 239 204 140 136 181 46 193 284 248 269 292 147 44 199 184 182 251 215 19 285 20 222 224 71 78 297 296 
250 220 54 92 235 179 148 102 189 141 268 195 287 217 181 132 102 71 38 160 159 30 159 166 190 247 74 107 149 211 123 209 76 87 213 297 104 71 214 58 68 9 144 36 134 136 170 28 227 57 163 108 78 268 97 74 174 102 249 236 174 225 29 82 185 69 45 115 59 206 258 177 222 61 168 159 124 232 79 144 256 108 69 26 206 21 89 160 225 285 239 223 243 61 82 103 271 48 234 94 
279 68 244 181 43 154 167 41 246 293 200 160 69 214 156 180 104 6 276 220 66 205 72 282 208 21 200 15 102 50 161 17 100 105 256 278 158 119 1 98 147 171 209 143 155 106 283 7 152 102 16 41 1 253 273 228 208 204 282 280 218 279 0 242 252 162 227 234 208 268 25 282 200 275 94 18 138 229 248 279 89 214 114 129 3 61 196 148 180 235 9 244 198 217 1 291 152 106 3 295 
236 58 165 13 232 148 263 58 289 34 178 239 147 8 295 174 256 42 103 63 279 68 243 176 230 158 170 193 43 169 182 198 295 187 76 115 128 123 168 156 113 189 233 101 180 282 61 257 215 51 244 169 254 250 265 64 279 42 85 112 55 212 142 163 280 38 114 115 100 294 282 95 129 206 5 211 65 28 266 110 177 124 209 158 208 261 35 147 45 83 20 279 48 90 245 266 56 164 232 210 
47 156 255 42 158 106 250 290 205 60 12 181 213 42 284 129 138 70 98 155 39 11 217 136 35 51 233 3 299 171 248 36 226 190 256 116 0 224 161 194 126 196 285 77 268 92 123 19 163 212 244 66 46 266 115 253 288 40 0 117 288 102 15 61 252 46 70 158 22 273 256 79 244 275 183 124 225 46 9 133 160 279 19 249 21 198 17 139 234 296 253 282 48 249 249 124 98 199 295 96 
136 239 160 140 268 134 224 296 113 117 258 77 197 228 177 288 133 37 29 10 94 19 183 80 74 185 35 271 159 85 181 274 32 128 158 43 193 272 171 58 64 95 86 263 165 78 124 291 285 122 286 82 211 138 128 288 271 221 287 12 56 37 91 128 263 152 236 22 45 13 72 94 285 255 9 273 13 105 50 17 226 142 192 39 18 75 11 297 114 249 19 264 201 177 4 273 236 101 280 14 
65 246 191 207 256 174 139 257 180 118 93 80 108 224 179 136 107 17 136 257 56 110 277 279 25 164 50 186 152 45 204 226 227 285 204 223 203 214 156 68 263 152 72 210 158 144 247 234 225 209 55 198 189 83 275 112 256 179 272 223 198 232 94 36 123 209 139 148 84 246 72 199 282 35 255 160 81 254 265 261 80 93 136 9 12 28 156 257 44 64 30 132 60 52 297 290 205 155 172 147 
3 50 163 7 216 28 226 69 216 255 91 49 133 236 132 294 166 286 163 140 158 294 100 9 266 279 292 106 11 57 163 36 237 91 273 259 265 113 153 195 80 122 94 165 272 138 173 13 30 272 138 226 201 102 274 173 221 92 193 2 12 142 53 183 5 72 211 217 222 109 284 184 164 107 266 115 208 156 8 246 192 46 224 51 223 215 56 297 237 52 47 34 62 34 296 211 296 178 115 87 
139 221 251 102 233 111 72 273 10 245 37 224 282 148 93 118 236 89 38 238 129 230 262 164 74 50 65 229 46 267 227 207 287 123 134 263 291 145 234 184 101 86 5 32 2 263 185 237 145 76 156 5 90 210 282 186 219 269 17 65 258 217 285 86 231 110 161 239 117 129 50 128 34 21 142 210 128 254 4 50 142 157 30 233 19 84 183 266 57 99 218 167 213 44 227 103 94 78 244 156 
195 164 7 289 113 24 258 282 177 194 54 170 242 103 165 237 57 193 5 6 78 9 190 171 98 10 155 176 153 248 212 156 254 229 64 86 69 158 280 92 109 34 271 49 122 118 11 252 216 88 188 211 88 94 200 197 42 125 139 219 180 3 271 105 262 212 11 44 59 252 215 171 151 70 92 107 45 267 1 139 51 130 73 156 87 146 63 220 180 72 46 189 166 87 83 185 58 250 103 155 
226 129 193 104 280 246 47 0 100 241 20 106 190 25 162 87 132 254 181 33 221 84 144 246 295 273 218 165 159 86 192 151 7 5 149 95 139 47 5 119 34 124 31 149 234 59 92 82 7 229 201 252 181 0 297 114 45 28 102 268 121 12 134 64 161 93 43 68 117 104 31 297 184 269 281 52 63 164 200 262 15 15 287 109 151 276 5 61 145 248 138 140 39 296 77 62 73 164 243 267 
173 125 287 298 42 247 268 150 124 110 20 147 284 16 219 192 164 76 96 286 186 190 181 139 17 187 9 216 150 122 105 288 44 67 139 90 95 266 71 132 42 219 186 61 4 265 89 140 55 177 134 158 246 5 101 18 100 40 278 39 257 263 265 46 170 93 181 281 83 191 81 142 281 255 297 164 216 189 245 78 105 266 247 121 65 5 117 177 40 296 132 39 218 144 75 146 234 247 7 278 
8 249 212 208 248 160 284 219 155 209 243 190 233 76 295 115 68 35 229 272 196 265 187 68 212 216 167 244 160 250 112 226 155 228 87 146 287 20 113 127 47 275 195 204 0 117 6 256 242 29 121 279 201 177 123 142 108 164 93 16 45 136 220 173 11 212 214 255 219 2 11 224 40 66 90 276 242 212 137 291 197 17 225 57 295 168 185 16 101 226 18 57 61 84 223 71 42 146 117 24 
172 115 142 150 107 219 34 9 30 262 178 10 30 227 221 223 193 253 251 47 144 40 156 17 20 215 276 8 144 37 69 298 145 14 198 213 112 104 216 297 80 177 119 99 268 78 209 77 247 260 99 31 244 206 136 162 272 31 105 207 270 54 256 166 283 299 107 160 42 284 141 250 285 248 250 251 288 118 165 275 122 293 135 64 234 214 239 17 280 43 162 130 32 223 115 147 165 278 293 40 
10 147 195 201 273 143 257 61 265 291 186 157 254 37 105 282 206 222 223 54 110 276 69 107 93 270 34 272 116 12 216 105 115 114 16 201 47 106 194 231 261 170 214 282 118 118 111 152 239 178 134 136 234 264 43 171 245 215 114 128 168 164 296 143 254 96 219 188 220 166 247 259 260 86 42 31 167 79 31 84 237 92 231 177 138 121 72 25 38 4 137 156 88 215 57 214 106 137 271 252 
144 55 99 218 207 67 279 72 56 101 168 252 297 138 253 79 7 139 204 43 110 211 105 216 156 219 188 77 280 5 22 138 78 187 202 84 238 138 15 57 186 250 258 69 271 115 294 27 40 121 124 35 189 176 96 188 225 114 207 298 76 133 271 278 86 56 236 133 40 46 224 94 228 197 205 186 271 52 157 197 70 79 146 115 196 93 12 40 155 112 268 211 213 280 98 20 213 97 185 81 
66 39 293 106 163 163 177 57 259 40 298 49 80 109 184 228 242 224 296 87 45 71 21 53 171 299 231 136 103 27 93 243 19 158 193 243 279 43 142 168 66 195 121 194 152 12 152 297 196 157 11 38 236 293 284 100 156 105 250 81 47 68 8 76 164 2 278 235 67 213 100 12 202 165 78 202 10 39 28 9 214 6 35 85 176 194 239 259 289 210 115 233 6 163 242 100 288 203 283 67 
200 125 83 185 7 291 5 123 55 282 91 223 15 49 27 140 288 296 168 248 261 250 2 154 83 225 171 179 168 217 24 178 49 80 223 151 215 8 118 166 95 113 148 1 236 25 163 135 132 173 286 245 142 62 3 192 23 216 171 41 140 233 37 62 167 285 249 14 207 249 154 55 41 149 245 241 176 203 167 253 13 204 37 75 100 105 127 185 42 139 51 285 131 162 270 61 9 228 55 109 
297 168 23 201 250 217 21 276 256 274 279 236 243 186 1 190 292 236 228 56 267 14 85 149 222 117 287 77 8 274 6 145 253 24 58 206 49 258 116 145 120 130 123 238 105 286 122 85 30 237 79 144 126 2 79 271 220 165 168 56 99 202 159 34 35 162 208 288 275 255 70 258 271 55 235 40 24 156 8 90 85 258 201 46 297 142 71 227 290 206 277 238 64 232 108 288 190 260 131 116 
204 236 55 121 69 262 236 69 199 24 103 67 86 103 32 210 289 286 67 263 255 232 91 81 288 233 179 259 26 221 209 18 19 177 207 19 64 58 96 147 171 95 215 289 84 74 22 204 293 31 169 294 92 68 268 95 229 280 127 34 40 245 232 137 144 195 162 32 229 179 264 208 20 152 48 292 256 269 42 283 134 216 147 139 104 93 22 78 291 165 108 3 156 160 278 271 112 121 189 116 
299 22 177 209 133 160 210 252 69 179 71 221 251 61 100 151 121 287 75 212 13 189 145 292 149 23 270 138 63 296 122 158 291 246 249 194 170 222 238 112 112 125 47 12 282 262 64 258 188 123 169 34 212 231 92 130 56 50 184 175 240 38 226 20 256 103 146 227 236 226 202 21 169 54 81 137 147 264 203 252 151 200 258 299 76 147 268 284 172 151 240 6 200 213 34 64 228 110 183 24 
7 132 71 100 175 74 105 196 35 19 249 265 142 214 216 53 68 273 125 92 46 168 177 175 135 65 76 123 135 274 19 152 298 285 214 31 95 58 63 108 278 257 198 264 48 90 130 90 292 158 47 156 85 236 49 45 147 12 250 233 262 135 104 136 202 268 198 274 248 268 19 183 179 256 146 286 250 279 235 259 193 225 150 153 290 284 28 65 11 220 250 197 117 90 229 52 183 213 86 23 
179 203 117 11 87 71 289 39 52 193 85 196 123 111 118 263 49 2 228 240 77 201 270 93 67 133 6 160 112 228 180 240 87 280 281 105 154 266 255 267 149 208 47 157 5 231 132 66 73 213 286 224 202 41 205 131 101 123 27 44 101 2 143 226 65 85 255 233 238 86 100 214 25 193 37 282 276 77 170 14 203 26 218 293 249 174 147 60 166 5 64 3 39 167 202 85 28 29 163 46 
142 154 253 131 257 79 255 34 208 221 245 162 62 119 188 145 91 11 152 132 267 161 9 195 218 129 223 289 17 16 278 50 108 103 136 39 45 259 81 194 279 244 102 267 39 263 113 26 3 277 212 67 0 230 134 58 241 146 197 82 60 151 254 71 117 43 39 258 144 152 79 62 148 41 19 125 73 254 219 273 174 103 215 88 148 13 27 157 49 217 284 139 280 193 197 286 292 268 116 16 
71 74 130 62 9 16 270 132 133 21 188 43 63 69 217 24 255 204 92 135 189 87 144 114 54 266 125 127 98 9 25 109 229 269 192 298 231 154 229 56 175 251 146 105 203 131 170 207 222 297 282 230 154 210 2 257 285 191 44 14 2 247 80 133 247 242 210 265 57 182 274 32 278 60 139 26 70 194 262 1 141 244 231 260 208 120 112 289 230 247 268 182 153 273 139 91 13 92 45 12 
172 172 8 170 114 225 290 84 143 69 277 10 91 155 188 298 118 265 163 201 276 274 267 125 66 255 117 56 70 79 3 3 299 144 35 44 81 85 174 49 215 48 32 210 113 276 222 40 232 100 11 259 160 245 188 185 2 242 98 168 282 228 10 26 239 27 294 35 260 108 117 239 277 100 177 72 3 43 180 198 267 93 77 289 150 155 163 59 229 25 198 171 147 122 204 121 263 160 255 291 
234 22 290 163 138 208 61 213 280 18 125 72 219 224 211 228 65 64 240 199 286 40 197 80 6 105 207 279 52 164 153 99 265 16 113 180 37 129 197 281 20 231 39 113 51 218 67 12 54 260 247 108 185 235 275 281 206 54 290 282 126 234 188 248 45 177 26 4 263 1 199 196 60 133 49 194 8 210 159 217 116 224 64 8 220 139 180 92 205 168 273 160 44 146 129 231 291 18 113 169 
240 106 113 178 92 277 266 275 234 148 205 286 48 235 183 177 48 155 156 170 91 43 191 266 111 252 238 274 207 178 210 60 299 71 82 186 231 202 216 268 20 24 88 265 1 298 248 44 76 132 247 243 77 239 162 71 134 185 280 277 224 161 69 117 248 101 49 17 50 84 210 105 194 243 51 72 48 44 51 93 46 96 230 175 131 209 53 37 230 220 187 210 94 163 54 200 137 47 224 67 
280 56 204 37 161 53 276 92 288 69 132 24 174 189 211 129 112 232 112 138 222 146 20 175 131 77 282 121 115 201 82 172 142 176 138 202 97 12 142 149 114 229 184 60 221 159 31 78 168 285 271 276 175 93 141 182 101 90 183 11 249 204 195 236 248 107 168 126 253 194 193 135 270 9 141 10 119 69 67 294 109 39 243 165 92 7 76 141 196 250 239 23 105 106 171 66 133 294 67 218 
222 114 105 145 27 88 61 71 39 190 85 285 96 158 90 45 55 176 251 264 133 2 108 261 227 6 46 140 57 119 285 277 135 233 186 180 214 106 78 20 162 77 227 131 188 102 257 206 81 98 92 205 51 81 172 85 132 273 24 72 37 157 127 153 133 289 244 8 282 232 246 164 7 223 296 279 195 160 272 258 64 287 21 215 215 87 221 171 12 261 109 11 281 108 178 216 296 69 120 133 
176 29 299 254 139 38 291 251 53 15 112 67 272 166 196 285 181 149 101 218 298 33 202 145 220 105 104 191 111 66 52 199 59 121 55 265 257 106 82 165 55 111 131 47 12 268 204 176 92 22 35 111 94 297 69 197 243 71 23 54 206 154 177 149 192 64 145 58 138 125 4 46 221 221 207 35 33 240 101 16 285 290 162 219 150 74 111 192 29 226 197 101 18 84 200 65 155 203 285 181 
166 169 153 190 190 112 295 22 191 238 3 205 87 198 240 299 116 227 161 195 215 187 276 116 123 252 155 297 19 250 271 166 296 93 261 128 95 80 266 50 49 299 98 146 15 252 172 230 88 232 13 104 197 29 55 134 204 103 112 66 281 239 183 69 29 262 160 294 191 214 142 149 243 269 102 77 109 155 214 275 199 278 1 187 190 288 213 144 118 52 237 64 60 272 249 293 100 18 178 190 
27 201 158 100 54 207 267 176 136 268 34 281 260 228 284 18 71 132 12 290 165 231 64 150 33 8 13 35 190 116 143 193 38 53 2 207 230 182 73 52 16 217 252 21 121 58 57 271 71 22 59 232 80 217 55 89 235 235 135 39 218 189 283 243 253 78 137 58 66 244 68 20 298 153 1 283 235 61 214 192 15 278 250 154 179 160 176 246 91 170 223 5 113 247 123 155 156 213 85 161 
27 116 1 2 18 292 263 143 168 232 246 127 150 218 289 55 147 231 258 259 116 292 169 185 206 245 89 47 158 89 141 211 52 70 114 216 203 275 3 196 92 51 113 97 45 20 68 93 112 135 193 233 52 274 246 18 6 251 138 169 224 31 122 89 226 191 220 188 138 173 106 92 118 174 203 121 31 291 159 6 209 62 109 11 292 14 40 30 65 10 95 78 45 58 290 63 233 102 232 244 
266 82 130 233 299 102 240 57 293 231 218 291 11 79 234 39 226 10 92 299 2 45 278 134 202 254 158 189 104 111 120 17 120 299 124 240 95 114 144 167 7 5 214 127 269 95 160 199 198 154 55 190 182 24 277 165 266 195 54 39 208 135 298 38 256 175 149 189 105 99 3 212 272 168 165 284 40 100 275 144 211 128 96 286 76 28 79 202 166 54 155 8 88 133 37 213 221 162 248 271 
37 28 237 128 281 73 240 212 52 229 139 194 258 214 134 129 161 112 235 183 90 162 87 9 61 13 208 48 288 69 244 140 141 13 30 151 181 34 292 120 112 259 41 176 155 88 103 41 225 280 63 110 213 247 92 42 286 260 53 252 184 203 83 258 70 210 167 188 245 93 183 168 228 248 299 84 141 116 286 232 23 144 14 260 235 34 160 127 128 268 207 73 130 296 252 182 90 260 30 81 
36 54 131 4 89 131 202 16 116 200 79 68 191 233 136 77 49 170 65 72 158 80 274 27 101 213 159 184 269 174 100 76 239 247 266 224 87 120 135 5 201 31 197 29 202 14 277 40 271 3 93 100 125 145 190 165 198 141 124 160 219 144 126 190 66 266 134 283 89 240 184 191 176 130 102 289 272 36 85 3 72 106 218 61 249 197 87 77 112 32 151 121 91 243 254 207 52 230 230 54 
68 94 131 46 244 112 41 70 120 126 72 116 17 213 191 217 89 243 265 289 192 66 160 101 209 218 162 250 54 24 66 261 140 162 127 282 298 121 275 50 211 88 182 40 126 291 48 89 182 268 224 62 10 52 287 54 74 297 197 213 23 59 134 284 292 137 151 178 257 161 10 255 280 70 227 199 242 93 273 48 103 38 97 128 297 25 80 285 94 85 99 54 132 103 10 55 220 190 121 51 
194 233 239 269 4 169 216 224 169 41 66 120 269 295 210 222 138 182 175 286 180 265 211 74 76 260 18 57 297 101 80 53 277 100 138 230 103 88 23 49 164 182 43 115 135 295 160 150 144 181 21 4 21 229 175 273 180 291 166 32 31 198 240 76 61 14 164 225 64 11 89 176 279 193 68 167 134 168 176 218 152 144 112 105 280 53 98 23 251 251 174 134 273 186 245 244 126 264 19 129 
255 235 123 210 253 276 289 58 269 92 284 271 53 119 97 139 158 254 120 263 262 193 182 76 16 180 207 120 277 193 60 71 249 131 27 95 251 266 34 260 21 123 178 289 96 148 5 279 267 27 277 39 105 96 110 121 59 109 66 237 142 109 56 267 294 151 107 75 28 152 47 163 242 127 248 223 189 69 146 117 54 113 173 97 163 32 95 255 175 244 162 64 72 181 194 217 141 192 166 133 
229 292 225 113 291 250 184 27 295 150 82 28 79 162 113 54 209 273 51 112 144 69 171 170 244 204 73 176 287 193 271 255 190 1 106 72 137 80 277 291 202 217 120 14 39 241 63 29 110 80 83 85 53 148 197 66 126 38 179 286 200 42 292 95 106 23 252 290 219 119 114 108 123 192 20 257 142 87 24 116 255 180 172 218 298 286 145 131 73 236 243 173 23 136 196 210 26 267 169 4 
222 113 217 274 26 126 153 294 99 290 97 37 255 193 117 71 180 234 85 76 33 213 212 18 4 82 147 295 93 64 279 269 166 285 5 57 207 232 277 49 163 145 112 89 215 200 29 96 111 224 219 22 79 9 252 89 236 268 177 184 3 242 288 131 214 4 62 156 212 281 131 134 197 96 166 172 295 44 142 28 6 29 81 21 107 164 142 5 15 158 50 7 150 262 218 16 238 153 8 181 
220 177 67 144 34 264 292 22 178 261 167 156 22 36 141 233 204 275 110 240 48 229 162 170 244 138 4 141 215 52 191 270 93 80 121 228 250 212 49 111 176 19 195 256 159 241 161 81 79 205 0 220 112 236 41 79 121 21 98 210 197 209 228 72 255 51 13 159 228 120 200 146 19 11 72 192 288 221 143 299 299 7 105 158 194 144 147 179 246 148 268 275 243 169 297 67 152 241 143 123 
125 8 3 41 264 160 157 176 153 263 282 185 125 232 99 286 223 163 73 81 35 157 130 148 286 159 215 38 221 131 228 164 36 9 53 142 194 183 290 111 243 31 42 76 5 24 175 91 231 251 245 271 131 47 184 220 33 151 158 111 88 27 198 212 202 203 38 33 43 23 295 19 86 201 51 212 278 255 237 79 25 40 252 99 34 75 110 276 265 26 7 272 209 4 202 281 66 276 18 172 
7 288 144 74 281 130 1 68 140 294 10 240 158 8 219 90 202 95 172 148 270 211 136 86 156 291 237 41 281 30 113 182 107 178 94 105 237 117 256 90 180 104 196 287 249 13 0 168 80 57 250 124 175 278 123 249 128 82 281 78 74 112 79 122 119 90 43 123 37 139 204 228 210 273 217 252 62 23 249 297 75 137 5 280 253 212 175 161 217 296 164 168 46 179 168 189 174 115 148 66 
238 51 205 67 97 90 239 187 271 116 121 140 249 206 47 275 211 40 299 25 136 185 92 41 137 65 36 19 65 205 278 284 136 189 147 227 202 66 116 28 150 50 99 166 122 64 101 22 201 134 169 182 157 293 27 275 294 116 299 148 7 241 79 154 2 129 222 236 41 109 215 234 19 129 237 216 103 39 12 189 181 147 88 276 75 57 144 40 242 160 242 47 205 30 221 0 280 132 83 221 
221 56 16 114 71 31 182 196 260 20 166 128 17 6 296 19 111 81 99 22 176 163 79 294 154 276 18 138 291 161 148 12 206 105 18 168 206 150 186 82 184 258 173 15 145 187 261 295 172 23 132 262 233 275 195 235 143 44 0 32 195 100 38 279 253 183 203 112 31 21 261 192 192 265 252 5 82 174 151 188 127 209 263 219 256 88 203 119 148 261 214 133 255 138 6 223 74 275 234 281 
294 261 123 240 55 81 142 248 280 0 234 21 199 290 196 43 166 204 182 166 104 79 187 218 116 246 266 187 172 299 87 201 117 28 216 284 270 275 197 174 134 136 278 187 205 11 219 64 219 209 11 63 235 283 33 43 58 236 236 81 140 30 90 14 193 261 252 78 24 211 84 204 44 239 179 82 17 214 100 103 282 127 68 236 126 16 243 120 68 101 263 151 129 141 188 49 29 109 275 114 
130 11 55 273 256 103 137 2 298 202 287 232 95 296 296 247 249 150 93 217 210 80 195 183 116 98 103 190 267 298 130 26 188 97 210 243 216 74 248 50 201 72 284 11 172 134 70 261 68 217 275 149 121 185 211 27 65 63 144 137 291 203 155 45 125 148 129 224 116 240 109 264 37 182 3 220 34 136 0 46 69 182 293 190 45 144 157 39 267 260 235 249 258 104 259 74 22 209 180 282 
253 64 178 118 175 119 77 254 144 107 125 105 199 32 139 262 165 262 276 249 266 103 13 131 4 66 83 18 122 46 7 267 98 158 253 57 206 299 84 102 136 30 217 248 128 120 49 78 74 122 12 15 236 274 268 116 164 128 129 121 154 229 274 283 264 210 188 129 147 99 122 236 254 69 148 49 281 124 12 269 271 253 41 239 102 113 102 281 155 74 239 94 241 150 294 88 171 21 145 82 
206 22 133 112 15 64 54 25 73 119 162 85 297 258 36 155 287 154 165 197 28 101 80 87 128 164 289 192 78 101 15 71 278 200 279 242 211 268 240 92 148 6 184 196 96 221 203 268 296 263 263 51 48 148 87 218 51 119 141 93 186 41 49 21 219 298 35 257 73 76 72 70 104 151 47 259 259 106 115 153 200 164 211 50 146 103 130 9 137 227 136 41 170 42 41 157 175 167 224 274 
205 197 219 215 26 177 97 18 10 86 276 56 285 175 272 123 235 62 40 149 270 261 220 105 111 82 210 140 247 159 156 266 89 249 46 86 33 4 136 69 190 212 91 191 35 246 164 82 263 2 185 269 159 288 211 140 233 220 208 73 230 254 186 154 110 198 119 280 23 149 42 196 271 280 262 175 123 252 118 263 21 174 229 132 236 4 51 160 31 57 87 191 106 157 150 185 231 120 168 29 
60 18 281 134 4 199 123 196 9 230 10 286 6 111 168 237 88 165 59 291 141 40 231 33 51 3 72 186 118 201 223 37 293 286 196 172 282 288 140 278 148 47 272 254 25 56 98 225 232 24 238 82 144 61 224 272 230 157 220 140 47 75 214 108 66 50 247 86 1 11 215 49 249 195 12 264 155 297 215 200 136 261 74 137 24 124 282 24 31 174 178 52 235 18 99 17 210 4 46 272 
0 77 211 104 47 262 190 228 83 198 79 6 263 282 2 276 72 142 217 69 1 42 114 178 238 184 8 277 250 71 185 178 91 173 159 276 167 201 183 78 270 272 251 291 261 25 238 175 289 42 146 191 144 5 113 126 219 107 32 268 297 200 136 171 95 31 289 205 293 287 113 134 283 174 53 270 11 253 14 129 14 28 11 145 222 276 37 259 119 98 295 242 124 170 159 109 140 259 28 227 
28 28 21 299 163 204 110 265 9 227 278 87 96 49 225 56 117 190 103 159 145 214 189 287 227 153 90 30 225 282 172 186 205 157 96 103 94 107 179 294 14 197 94 181 123 0 33 184 273 211 240 228 254 254 134 94 257 85 253 131 127 32 213 61 143 105 208 20 131 106 182 254 239 249 107 235 290 285 142 229 223 268 126 87 138 198 186 257 290 295 16 123 161 83 111 201 254 161 11 151 
271 237 241 136 92 259 179 121 66 153 227 123 290 12 123 180 28 70 65 138 228 274 68 244 216 61 254 26 108 143 107 179 217 145 207 178 263 98 119 166 194 135 162 1 187 263 41 99 68 239 191 274 92 206 207 244 92 233 135 156 63 33 214 178 282 21 99 42 111 98 156 51 226 235 54 41 22 230 6 259 139 284 116 164 101 108 218 100 156 243 108 283 235 38 167 102 49 101 271 5 
42 287 228 144 120 106 274 49 54 152 193 61 129 129 257 18 156 251 102 136 88 216 262 3 33 295 45 65 147 66 70 139 125 22 261 29 206 275 192 106 204 61 258 193 69 179 228 178 192 275 6 0 41 19 282 111 188 35 50 129 108 7 280 256 251 85 161 182 292 250 147 127 147 190 140 95 96 281 115 158 291 77 293 192 107 164 222 12 290 150 93 78 71 128 81 236 69 59 150 226 
291 183 171 234 284 57 229 195 286 259 128 204 197 216 45 195 153 280 131 174 280 29 206 250 253 9 21 230 18 213 199 11 55 107 232 81 75 53 228 204 258 254 49 236 215 280 289 18 220 298 130 205 132 186 65 167 73 79 12 159 63 285 60 99 247 193 98 293 99 151 289 224 36 245 124 12 269 86 236 153 56 2 166 216 106 31 298 139 296 209 66 215 155 170 68 243 67 98 101 266 
228 297 249 141 21 92 295 22 106 277 80 144 15 217 54 21 286 72 181 96 289 180 159 222 275 293 177 283 293 217 238 132 295 158 90 28 21 204 109 228 35 157 296 291 96 78 108 234 46 172 107 87 165 18 204 112 23 9 50 242 207 294 139 227 52 66 13 209 247 92 238 28 51 294 8 177 233 169 207 244 253 95 82 247 208 233 239 116 158 62 71 233 165 49 233 218 42 78 298 31 
88 88 157 91 111 217 56 76 139 83 263 107 297 229 263 134 41 205 105 72 296 128 172 89 164 283 149 18 34 149 146 228 139 297 208 252 91 49 64 278 229 190 288 14 23 59 191 154 196 64 111 86 179 248 66 192 111 271 145 235 55 259 267 214 37 101 162 21 262 75 269 60 96 9 190 63 202 264 16 136 82 16 159 199 104 117 47 46 183 69 283 17 286 221 159 66 257 199 259 8 
148 205 57 53 239 297 113 184 230 184 12 64 43 213 23 190 226 164 28 145 168 78 285 148 35 102 132 72 84 128 268 294 202 49 165 11 131 264 29 282 93 288 229 270 102 249 38 209 191 7 69 196 257 141 277 47 165 238 280 143 242 210 191 195 264 275 278 32 287 157 146 193 33 207 269 177 252 202 271 74 167 0 147 198 187 50 182 8 233 90 77 281 262 140 297 131 297 113 62 277 
61 240 37 93 282 265 83 91 29 287 128 206 283 219 84 200 29 269 120 253 14 245 49 232 217 258 54 125 226 157 167 122 146 154 204 293 65 115 2 142 176 205 204 97 55 202 126 106 68 215 78 147 281 87 171 269 186 21 27 39 263 259 91 163 212 182 52 274 298 72 208 7 41 163 35 43 158 251 23 71 92 43 10 89 157 197 131 16 190 156 182 167 143 265 84 184 3 120 218 89 
84 12 32 90 249 113 49 272 57 130 85 273 264 90 35 249 63 46 133 17 188 139 17 42 94 21 105 152 34 245 168 224 219 271 86 242 0 256 146 219 143 225 263 74 88 67 237 233 270 2 65 99 217 227 94 232 169 131 1 124 230 276 236 35 193 50 66 105 261 98 54 289 61 158 29 155 141 234 133 183 179 129 263 84 185 51 275 76 176 225 234 244 223 141 157 52 11 208 48 237 
249 297 201 122 82 240 67 288 243 227 237 208 78 284 79 2 75 119 122 252 46 165 279 172 183 85 258 269 12 102 92 251 115 285 215 94 167 180 76 293 85 95 198 27 146 154 281 14 276 288 161 2 136 174 196 24 293 27 41 287 286 78 174 147 20 205 289 253 236 281 178 78 268 297 228 91 156 52 217 259 119 225 19 275 161 269 57 235 3 299 33 210 81 18 51 244 64 13 113 46 
196 107 0 238 63 70 40 19 99 120 188 203 8 106 52 55 126 161 122 227 274 146 262 278 38 194 129 148 122 241 13 162 216 50 95 122 87 96 112 5 228 296 40 92 125 287 184 166 90 22 295 106 41 286 24 199 253 205 298 217 242 238 43 158 83 131 221 298 228 69 222 75 86 212 2 264 152 105 3 95 143 20 164 1 213 122 11 252 113 83 60 96 250 23 61 255 214 65 27 86 
13 297 244 25 38 258 123 37 149 3 233 271 222 252 134 127 273 295 47 187 99 48 104 185 207 0 185 120 180 97 141 94 246 26 88 225 176 292 94 87 117 6 294 59 133 277 155 218 42 131 192 22 10 289 299 100 284 182 105 16 142 261 72 49 37 186 292 278 211 262 94 212 132 249 170 156 296 143 96 92 151 61 102 78 139 184 196 281 258 92 4 178 56 195 114 164 135 16 298 155 
183 178 113 22 141 12 82 269 162 235 110 258 205 165 65 182 205 244 26 15 84 198 233 79 261 91 209 207 267 69 177 169 53 282 162 255 33 51 144 237 236 292 59 276 184 268 238 28 13 234 75 151 252 16 210 159 61 271 211 130 231 40 265 32 109 5 128 29 71 7 109 35 13 118 161 26 103 101 3 14 63 56 106 17 62 171 50 230 181 253 98 41 231 201 234 260 27 276 21 285 
24 123 90 76 14 46 246 240 191 149 18 173 174 1 99 297 256 266 269 171 201 217 20 231 16 241 116 4 205 286 92 250 171 127 201 76 283 199 160 237 247 230 97 277 194 58 86 262 147 182 79 204 97 201 251 114 106 286 15 189 38 219 181 238 297 256 224 255 155 1 166 190 12 86 158 234 261 74 275 134 57 114 60 179 227 175 78 88 128 183 95 240 104 255 72 115 194 93 201 1 
87 33 240 59 201 128 51 88 264 125 162 123 150 30 224 153 150 102 1 274 250 213 156 151 111 135 201 2 261 262 114 105 30 105 110 288 203 49 58 250 126 119 291 94 162 282 248 222 8 175 204 8 282 78 30 286 289 194 21 203 170 272 2 64 89 192 116 277 246 20 258 205 285 221 18 27 0 163 206 114 137 77 255 49 173 285 46 151 223 165 194 46 270 69 277 274 163 123 118 209 
101 121 299 173 241 126 20 58 152 112 275 196 262 156 170 142 214 22 166 80 160 170 5 175 249 152 278 39 5 164 288 126 13 81 24 142 151 223 151 178 175 13 64 237 67 156 45 188 235 90 251 83 165 99 18 189 35 22 47 95 226 2 250 114 97 203 211 208 295 130 116 60 1 27 275 277 259 214 28 201 8 64 30 70 133 232 46 173 162 33 23 250 131 290 240 254 14 71 139 30 
244 161 40 201 169 261 118 192 35 161 115 285 78 0 93 254 146 80 183 67 277 280 10 79 144 38 178 209 195 77 281 141 91 188 289 215 28 267 127 294 119 58 218 102 165 299 234 54 44 146 143 295 194 4 145 99 184 56 37 265 181 30 211 145 91 213 17 270 229 174 40 131 185 259 262 191 296 204 208 24 24 265 17 169 105 55 198 294 24 180 31 56 283 245 70 246 217 266 159 188 
69 221 60 122 240 14 125 19 72 271 238 18 174 262 248 152 76 131 70 48 295 104 61 275 126 18 30 252 72 274 230 175 215 64 286 88 110 135 165 167 232 37 214 165 241 195 162 62 244 108 61 284 186 190 12 230 202 190 227 174 245 54 264 228 144 264 20 189 212 92 120 239 93 212 55 293 126 280 198 237 24 137 40 32 44 290 215 53 14 212 202 162 84 289 276 91 172 32 161 217 
21 23 16 158 111 123 81 38 56 127 112 233 33 250 69 118 138 18 249 292 139 113 153 198 28 255 62 168 90 152 73 3 202 20 91 102 149 103 44 31 248 246 176 296 70 87 82 75 164 284 280 82 192 235 218 171 206 221 70 243 162 224 52 185 178 141 231 265 243 166 28 250 209 104 278 253 265 273 205 7 105 259 251 148 166 164 195 37 37 121 160 23 294 57 30 129 30 172 207 196 
206 271 217 165 240 230 18 223 130 71 136 17 70 176 21 130 224 264 218 91 266 82 108 1 231 6 299 144 193 192 171 131 22 287 159 25 29 82 84 7 46 57 202 183 58 262 104 260 239 177 286 263 260 57 110 157 60 172 188 74 96 210 191 26 282 96 103 78 287 46 276 297 237 87 230 115 125 73 191 150 91 57 227 219 112 232 6 259 7 261 255 130 259 161 115 89 155 256 27 107 
187 270 10 33 34 62 178 162 153 158 122 235 131 235 172 296 269 50 289 123 172 299 125 198 289 209 143 247 180 275 244 102 156 161 51 178 74 225 5 208 212 227 21 73 188 24 83 66 172 151 261 156 132 54 259 296 287 214 91 217 238 31 267 185 11 91 81 82 168 33 235 40 198 291 160 2 29 75 87 272 217 136 15 216 3 100 275 213 108 197 87 131 217 186 170 221 195 224 29 79 
205 185 88 184 296 215 128 219 263 88 44 296 159 200 188 149 72 131 99 9 237 105 11 113 80 80 131 170 241 53 108 158 109 129 288 166 282 29 27 135 73 175 146 116 43 235 198 220 172 47 81 112 41 115 192 35 127 295 124 235 173 101 144 27 15 121 187 183 123 56 110 220 180 193 85 53 36 226 283 181 170 158 279 21 253 233 40 156 272 125 23 118 138 248 183 82 95 162 205 103 
212 16 246 60 83 41 50 195 267 220 226 267 147 126 276 206 256 125 112 293 228 146 235 61 272 275 116 234 66 267 263 230 260 90 285 28 219 32 95 2 183 57 94 271 54 118 55 69 295 51 253 78 158 172 163 105 141 217 50 20 184 61 39 36 76 85 93 120 268 288 9 65 93 174 37 6 84 183 2 187 138 101 17 131 256 269 213 98 194 78 11 128 44 178 254 96 55 173 252 80 
245 11 281 185 61 170 186 66 137 276 0 4 276 93 214 124 30 108 220 256 110 50 170 230 151 168 189 291 282 183 160 108 147 149 93 163 110 37 221 167 52 137 61 67 58 207 163 252 293 278 120 98 123 226 83 86 49 155 190 37 105 210 96 123 237 124 299 0 185 295 106 251 46 247 133 162 155 113 135 93 133 6 113 46 21 257 54 211 120 277 271 86 87 6 119 298 160 142 281 275 
121 261 185 236 138 296 128 207 232 81 184 45 9 200 267 26 221 188 167 271 159 284 78 194 124 123 179 293 59 15 57 295 15 10 186 36 125 226 126 27 77 142 113 229 157 216 179 199 131 194 258 152 32 36 221 252 130 170 99 20 195 33 42 7 182 283 217 277 110 185 104 182 65 121 270 49 155 151 115 165 278 243 79 227 244 35 111 221 178 187 55 175 60 138 179 28 299 178 138 244 
138 132 136 167 0 1 291 264 48 280 36 191 114 67 131 288 10 67 24 101 267 4 71 245 25 41 186 278 29 158 190 4 124 275 31 52 207 266 56 251 31 159 274 83 89 159 24 282 151 259 132 260 51 187 155 136 267 139 206 281 265 76 295 83 129 62 298 271 138 224 165 211 98 153 22 79 133 270 227 207 294 252 11 234 6 123 27 138 205 67 183 229 251 154 226 219 249 90 275 129 
296 12 30 226 89 137 274 228 274 284 253 281 212 261 33 198 269 164 195 60 196 241 93 149 226 267 204 9 259 98 236 238 82 129 15 32 249 3 56 6 93 178 128 9 244 150 2 98 268 223 144 69 139 125 12 43 119 259 199 201 272 238 183 174 15 268 197 191 298 16 59 100 97 87 166 251 111 291 122 244 18 275 76 15 243 88 48 45 213 163 129 131 175 271 154 220 44 183 170 178 
127 87 106 164 19 279 157 182 101 37 29 89 259 21 276 268 151 117 273 59 153 210 96 150 29 108 284 130 269 92 76 156 73 240 287 52 179 147 15 104 113 119 291 284 193 123 113 185 88 273 28 263 170 192 218 4 270 197 72 22 285 207 241 242 43 176 93 125 188 182 195 131 288 278 76 23 206 43 1 110 14 194 115 0 157 61 226 83 141 238 156 289 208 298 271 272 118 74 208 47 
83 0 237 168 201 64 85 228 278 233 274 271 264 234 239 17 62 298 68 104 122 140 99 259 48 67 256 237 289 158 52 150 91 45 196 207 77 179 80 64 146 7 142 220 147 189 69 67 188 14 276 131 142 222 165 295 2 109 70 247 217 96 45 138 129 226 114 56 175 31 227 263 269 275 139 292 82 33 39 270 132 146 194 219 29 249 186 135 261 281 264 264 74 37 203 14 237 11 110 46 
96 38 256 261 169 208 276 108 158 20 251 50 281 125 186 10 54 232 190 45 70 202 9 69 271 104 110 55 114 294 152 95 116 202 29 230 183 39 45 180 6 146 236 166 112 279 260 226 266 23 73 34 168 252 223 198 193 2 282 73 116 101 193 69 150 198 105 177 13 295 258 168 167 53 225 84 124 196 244 84 148 90 228 246 281 72 209 75 131 9 299 84 124 251 167 61 122 115 79 84 
83 164 239 188 153 263 184 2 246 293 46 48 229 142 81 292 261 197 115 208 86 55 209 171 6 224 255 278 198 220 45 229 205 30 264 7 15 139 108 257 189 81 158 137 9 270 157 126 154 27 141 156 65 276 257 256 25 97 293 118 111 89 58 196 217 206 21 15 182 194 25 189 131 133 185 257 31 106 249 230 221 118 35 168 181 155 253 65 298 173 226 127 112 147 110 211 182 263 218 86 
189 247 131 241 165 183 149 234 207 63 43 161 156 27 225 48 158 284 43 23 1 248 116 43 183 260 21 61 118 138 75 281 277 298 150 259 213 61 156 245 130 296 297 279 239 233 60 180 55 3 101 130 232 19 245 220 152 275 283 173 101 90 296 79 161 23 110 289 87 191 224 90 164 241 297 180 42 148 166 108 76 61 269 18 50 105 139 298 184 213 112 280 33 47 234 18 166 15 99 120 
254 255 291 53 177 211 265 195 160 177 120 255 299 20 22 258 269 222 76 7 191 280 64 114 3 57 55 148 187 105 209 140 243 71 71 206 247 29 84 126 113 119 83 138 273 255 163 223 126 15 246 294 216 219 224 279 94 205 212 78 197 74 129 273 170 79 2 272 261 231 105 111 78 235 61 57 257 47 234 157 16 23 159 26 51 90 174 246 43 298 270 200 40 208 245 46 206 181 299 228 
245 198 114 59 55 247 280 264 48 62 270 72 92 46 206 192 194 162 131 129 181 4 211 162 235 213 78 93 251 75 290 206 263 157 226 13 3 41 278 199 221 271 175 252 165 113 191 164 111 50 44 270 194 256 33 96 275 1 81 280 262 188 159 290 292 108 221 155 103 260 45 221 154 295 117 149 268 247 270 137 82 178 27 86 194 181 247 221 259 194 272 244 115 141 102 215 112 67 47 103 
262 181 84 112 135 29 296 18 24 32 147 57 192 87 26 97 214 131 217 178 228 98 269 260 149 149 95 107 178 95 216 243 77 235 214 134 26 149 248 252 218 16 274 158 164 288 220 58 246 58 286 23 65 193 18 238 189 288 166 40 219 63 72 233 167 222 105 176 292 175 169 247 54 172 119 125 167 245 220 95 241 103 48 104 291 169 237 192 154 30 259 179 38 120 96 265 77 131 8 174 
212 272 191 67 195 71 34 98 241 27 136 234 4 141 278 53 70 132 173 72 253 44 98 204 212 292 226 205 211 149 23 219 267 115 111 280 162 141 219 237 297 85 243 108 266 237 100 285 169 297 170 164 218 189 59 87 125 285 39 284 292 24 98 192 216 92 191 157 198 43 123 54 92 247 17 85 248 54 122 10 1 189 276 156 204 21 231 147 136 119 44 105 5 264 233 158 121 104 60 75 
