72 192 132 149 126 264 75 129 23 129 177 279 295 280 246 154 269 205 199 204 265 135 63 161 294 216 127 290 266 81 220 227 167 266 275 113 132 89 97 277 45 231 192 208 51 75 30 263 200 132 196 287 5 193 54 267 112 191 125 179 149 110 73 35 63 131 292 12 181 130 86 175 18 82 19 210 168 265 258 112 136 218 32 191 252 15 64 20 186 148 75 235 1 193 19 256 149 244 272 233 
128 203 87 260 22 95 190 279 177 81 259 147 78 283 133 50 101 74 132 156 228 142 65 83 5 171 1 181 241 223 285 51 273 237 202 136 3 268 185 268 150 135 62 74 53 7 216 246 89 53 264 18 5 158 168 267 286 159 65 208 6 14 88 263 190 271 105 47 286 271 1 49 32 115 257 241 10 35 10 188 92 116 100 16 77 174 234 219 143 250 151 267 41 225 118 117 192 225 166 237 
30 96 148 277 143 53 270 2 88 38 289 164 225 103 142 64 229 32 236 154 249 251 133 127 165 54 58 81 266 160 191 157 245 98 19 198 210 230 292 276 21 80 151 221 148 131 191 79 69 100 91 78 219 178 152 128 187 103 11 274 73 151 111 257 35 193 259 274 66 234 110 250 126 126 203 89 158 99 51 181 228 277 65 13 74 227 12 78 107 28 95 6 216 182 297 259 61 293 90 90 
286 199 282 121 85 94 137 86 163 48 90 257 127 119 207 4 74 39 286 220 116 147 41 171 237 253 147 188 139 35 222 82 119 239 195 17 98 271 24 49 106 196 273 4 46 214 86 278 22 265 76 172 26 110 97 282 152 205 96 272 44 221 77 106 20 277 33 270 160 34 58 202 76 141 130 19 156 110 113 89 195 101 251 148 46 160 58 7 219 125 40 274 209 182 293 37 154 50 216 51 
256 289 6 189 101 95 195 296 249 116 83 235 276 56 48 37 4 266 142 165 235 10 43 164 289 71 57 141 257 169 228 198 58 107 192 273 80 108 62 107 146 72 10 10 122 81 165 162 219 295 140 98 106 171 201 276 297 110 273 264 72 294 185 221 233 181 216 3 57 114 29 158 187 140 189 252 264 8 136 153 168 207 32 64 112 228 110 19 204 10 260 43 20 293 3 97 101 38 166 52 
113 224 55 223 3 18 28 226 275 246 192 4 186 190 275 276 105 281 163 137 39 80 184 33 24 51 231 141 143 62 6 238 8 159 267 216 87 25 187 211 267 182 297 217 66 61 79 134 244 107 18 241 186 255 164 76 153 191 247 207 131 33 257 73 69 118 91 183 18 178 206 45 127 80 146 226 188 163 101 189 97 29 268 285 88 167 264 166 278 85 64 213 124 96 113 87 169 113 18 241 
101 24 209 114 215 16 69 271 59 72 13 115 73 279 38 83 78 208 232 253 116 282 95 121 75 254 23 226 119 133 204 13 231 35 168 227 1 15 193 198 143 221 140 270 288 138 50 228 79 99 33 235 87 9 114 121 292 235 52 227 40 112 73 189 293 11 39 212 90 240 78 150 293 137 284 299 265 61 26 112 140 155 77 168 86 270 299 214 74 104 178 78 223 265 213 131 131 117 158 149 
269 204 216 242 157 80 167 2 233 248 152 163 64 185 93 62 249 218 256 263 45 112 27 87 69 177 44 268 244 76 110 273 56 62 232 195 66 35 255 195 195 248 118 112 216 195 93 39 53 180 295 242 286 43 146 50 254 122 218 100 57 72 265 270 151 246 80 29 149 281 102 49 232 184 175 265 280 151 34 285 250 160 87 257 101 142 290 246 125 143 288 299 85 122 273 114 91 4 185 103 
290 194 7 190 227 224 238 256 267 149 58 62 263 179 236 117 253 280 269 145 103 0 136 36 233 33 64 266 88 293 199 179 128 143 254 128 73 185 161 294 177 75 91 59 125 164 81 202 227 257 242 65 219 262 279 189 64 141 224 169 293 12 79 287 259 259 170 160 38 22 223 191 203 183 272 15 176 223 292 128 134 169 245 115 78 244 134 36 31 111 147 161 35 109 207 296 176 234 241 70 
261 239 176 194 293 217 152 156 259 208 204 14 7 41 134 54 287 70 47 194 14 270 115 24 177 9 237 210 55 124 294 261 222 252 296 89 219 283 141 28 198 84 249 50 137 288 213 32 235 113 264 215 44 138 23 0 296 215 151 169 167 10 73 191 147 122 31 94 11 51 222 32 86 158 263 94 273 27 102 11 178 120 131 154 182 132 147 279 139 239 267 217 173 103 274 2 293 184 293 34 
292 16 131 84 91 183 211 143 287 61 169 112 283 19 26 137 175 295 215 242 227 142 264 233 156 108 106 23 235 123 159 169 236 71 119 24 156 158 155 193 10 30 98 243 222 15 192 258 32 299 266 284 92 27 57 2 25 24 259 138 179 197 71 294 15 103 220 12 98 59 28 279 95 294 21 196 45 123 5 150 48 44 230 195 269 274 60 276 112 147 210 183 245 248 138 179 118 256 149 255 
273 138 191 275 117 282 122 15 37 239 5 113 180 27 143 109 34 80 116 47 108 265 279 245 290 92 201 190 133 274 71 122 211 64 38 187 49 113 298 267 129 235 0 119 71 235 295 19 241 279 5 271 157 231 75 201 14 23 198 136 195 62 132 297 219 12 130 92 246 135 195 69 23 96 62 207 90 189 91 169 179 226 235 279 200 288 116 180 256 247 103 57 5 119 261 216 7 270 160 38 
193 25 143 29 59 217 295 90 265 31 51 223 283 242 214 236 97 212 8 95 229 152 218 265 151 70 70 71 196 175 219 276 30 286 84 135 258 139 71 81 79 271 243 232 91 137 118 47 199 172 101 281 188 164 49 211 211 269 220 5 145 34 130 92 252 286 248 135 144 113 226 230 205 213 188 202 51 294 88 77 83 31 297 229 126 293 263 45 288 34 153 115 123 7 51 144 183 86 42 124 
80 203 60 57 142 83 84 19 116 9 226 41 117 113 247 242 246 222 195 157 276 245 227 285 269 258 169 125 269 41 57 55 207 149 241 52 279 243 49 28 82 55 205 182 56 71 282 17 25 252 211 136 60 236 16 119 200 204 172 163 175 67 135 65 168 240 270 141 295 245 45 293 52 115 261 279 148 287 52 102 11 222 146 277 179 145 10 5 3 232 244 194 200 145 99 75 120 71 277 21 
227 3 90 229 167 189 199 85 234 272 20 29 63 152 128 114 166 268 147 254 211 79 41 249 189 45 17 32 22 86 128 56 3 263 211 242 178 282 85 88 142 59 198 18 78 243 289 77 112 91 149 28 192 260 43 6 21 206 281 199 211 106 17 118 274 293 187 250 242 249 253 244 123 50 214 76 259 1 125 40 262 136 251 141 125 163 202 271 226 21 123 191 158 62 242 243 180 159 180 30 
58 18 2 180 158 272 280 96 55 84 296 241 219 182 73 298 295 228 134 121 125 16 163 13 285 298 162 274 91 255 265 46 99 134 163 194 78 14 156 126 285 156 199 157 80 238 147 86 161 68 19 8 33 42 269 85 77 3 204 56 60 272 202 277 109 216 102 252 44 222 283 30 74 196 256 135 297 239 225 15 188 210 137 15 186 247 158 219 232 208 94 238 202 91 131 29 207 228 114 23 
204 246 251 128 25 256 228 293 177 281 139 11 151 191 269 296 114 108 60 42 158 93 23 169 55 90 244 152 289 83 295 115 229 222 101 91 180 240 140 281 52 292 237 92 163 25 89 277 298 228 124 172 130 246 283 240 47 212 77 223 57 199 37 235 51 252 22 213 52 57 46 24 284 293 115 156 247 142 179 151 149 104 279 207 201 236 94 6 63 22 255 70 184 279 168 65 192 99 116 204 
231 66 36 114 183 163 185 123 165 114 209 150 1 262 271 272 267 42 44 262 15 150 212 73 253 64 212 251 161 20 241 97 17 167 296 79 289 283 243 139 186 87 293 274 274 192 162 75 191 153 289 237 102 87 269 99 122 12 161 214 197 232 127 175 109 141 216 250 231 19 234 26 252 227 234 126 285 278 226 175 49 104 213 167 281 153 158 38 151 22 39 42 221 184 296 212 56 43 211 32 
60 209 248 134 283 5 139 279 6 26 193 22 159 211 37 288 99 93 100 192 81 174 135 27 120 84 147 230 42 177 100 262 89 213 227 229 234 274 14 145 296 278 34 50 38 262 107 71 265 150 93 258 124 225 235 296 268 66 195 275 26 223 201 246 250 285 229 196 206 293 30 268 244 1 209 212 253 62 244 162 138 60 151 116 63 42 92 147 61 264 206 176 140 274 29 164 202 243 28 210 
171 238 255 100 57 192 153 16 37 58 193 71 75 156 105 129 59 273 295 182 288 137 227 116 293 233 264 130 262 35 211 197 176 262 25 225 204 138 92 122 205 210 204 183 52 29 2 219 211 275 126 38 197 138 86 102 33 281 22 294 133 231 81 235 5 27 140 66 77 91 261 77 7 87 155 50 236 235 204 92 28 183 171 222 155 182 263 53 279 245 47 46 12 201 128 125 23 143 68 248 
23 231 280 147 67 240 293 191 19 155 222 105 157 245 76 112 191 181 118 115 64 229 51 272 123 276 251 151 30 62 141 167 214 67 218 286 186 161 161 36 51 199 248 6 287 222 259 186 156 139 195 150 187 81 147 168 172 213 34 153 201 15 123 255 47 166 125 131 104 55 169 211 105 110 158 190 182 149 199 298 123 57 151 274 229 198 273 64 266 131 13 155 121 46 111 111 10 261 66 278 
100 72 128 213 112 249 44 147 77 174 144 230 28 162 60 189 38 51 74 258 127 10 68 268 146 175 299 277 46 242 225 170 163 275 210 178 26 282 146 11 148 26 170 174 190 10 79 186 273 288 291 56 40 262 131 25 38 235 17 159 156 231 267 241 288 233 223 77 159 264 184 75 117 239 221 256 58 54 281 4 266 142 262 28 44 288 282 42 172 169 191 134 135 276 70 41 112 68 239 252 
212 179 66 283 37 168 109 270 103 237 52 72 259 116 193 283 140 55 217 259 258 265 147 250 96 51 264 43 111 271 130 277 281 240 176 299 179 202 142 218 185 268 198 74 61 62 222 68 111 224 149 132 17 92 43 23 15 198 191 139 100 287 32 69 13 122 119 174 13 151 60 234 58 81 101 110 163 177 251 65 274 113 68 104 8 93 237 208 87 181 149 104 39 230 249 144 216 194 245 146 
287 262 3 223 196 142 99 135 90 168 251 92 197 8 19 40 64 292 284 62 237 126 76 8 225 166 149 22 24 150 156 169 54 267 211 224 67 106 7 155 281 87 22 270 239 53 127 56 228 89 139 178 172 91 266 197 198 271 101 27 191 52 198 56 146 271 221 87 96 62 224 0 142 99 295 159 52 86 198 56 281 265 256 217 64 59 258 276 37 28 67 182 29 120 173 103 94 93 103 190 
162 257 32 15 57 178 172 151 110 109 258 196 78 76 190 282 75 243 176 5 63 137 248 20 243 200 27 257 243 62 127 218 39 199 30 168 51 47 52 146 146 118 42 119 152 156 157 240 119 182 224 24 235 6 209 273 92 2 90 92 44 152 127 59 288 61 94 146 88 67 95 275 283 267 5 255 171 55 9 230 4 176 222 64 290 124 212 9 162 265 141 126 186 17 137 269 195 105 288 123 
139 116 233 111 298 178 85 218 246 264 162 161 31 290 274 110 136 53 119 0 94 254 40 204 0 88 123 244 272 130 88 57 185 249 227 194 166 162 65 245 130 51 164 145 120 214 264 31 288 208 25 21 122 196 162 54 95 106 183 211 255 253 154 229 10 130 71 68 145 228 81 223 114 65 100 198 218 102 128 81 3 6 290 285 234 179 269 23 147 126 48 139 30 60 95 271 208 40 122 13 
87 11 117 62 199 233 112 172 30 34 46 4 112 17 37 240 146 56 200 249 43 112 246 64 252 262 101 134 282 98 208 76 38 43 169 124 24 92 281 286 215 17 19 30 188 184 128 70 160 1 148 286 143 141 40 226 291 231 213 228 38 141 54 47 259 116 121 223 70 24 52 65 58 191 261 105 206 196 118 231 107 24 247 107 285 168 92 33 244 168 20 107 193 75 178 12 144 251 101 25 
60 23 235 205 2 284 101 103 287 56 195 210 237 293 222 140 106 125 193 132 98 36 156 152 202 262 274 100 41 95 57 186 287 261 272 202 248 293 52 106 258 140 183 205 26 3 109 1 293 124 4 204 33 191 247 27 129 2 160 70 286 261 250 48 123 120 137 124 83 237 241 26 52 172 266 178 112 10 228 89 200 254 47 37 151 154 23 84 212 273 290 256 110 183 22 237 243 298 140 174 
257 132 179 57 277 57 33 230 80 34 80 226 23 182 211 183 142 204 6 94 161 1 83 292 97 99 67 67 132 198 184 26 207 223 292 245 48 138 234 296 217 24 47 250 35 220 88 170 26 181 126 15 228 253 191 251 192 133 159 136 181 73 109 222 127 148 87 128 154 176 86 218 56 19 131 22 148 125 298 58 208 58 69 25 6 246 261 273 163 75 224 233 55 286 19 243 73 10 187 24 
258 205 105 38 132 191 246 90 145 132 294 110 220 130 266 285 63 235 111 238 201 43 32 97 26 209 49 4 184 134 166 274 197 75 76 170 63 137 90 217 187 222 62 195 85 157 261 183 238 260 256 258 187 216 241 254 209 63 137 227 165 246 179 37 46 210 209 260 125 116 242 93 141 49 88 85 47 59 86 218 11 133 208 252 28 35 154 250 88 42 114 130 104 229 230 295 94 148 54 296 
187 16 229 120 48 119 286 220 244 121 153 284 208 283 15 5 153 67 122 118 28 225 49 242 184 32 171 14 297 171 254 268 241 21 165 27 23 12 74 43 169 118 54 155 186 213 222 77 117 208 183 210 61 129 272 123 277 294 70 147 222 139 52 298 170 108 241 190 219 154 235 268 73 55 33 228 52 72 203 292 65 51 288 298 198 220 16 273 80 83 280 166 141 90 62 184 147 180 101 76 
168 147 113 145 298 298 182 19 148 23 103 50 197 15 169 106 120 173 209 60 13 99 31 299 104 42 191 156 3 274 1 103 173 42 23 127 276 245 210 264 226 2 30 114 208 80 142 113 86 8 216 187 19 99 40 222 96 122 147 215 91 149 249 9 42 264 43 38 164 148 203 218 75 193 193 22 179 222 139 84 25 294 263 63 235 38 39 202 48 135 202 32 123 229 33 251 97 284 116 1 
242 62 2 290 131 293 162 112 217 46 172 103 77 6 244 132 253 196 73 92 194 200 32 17 70 130 26 9 159 286 54 182 13 95 196 9 197 41 279 261 255 283 6 42 253 32 217 142 88 250 236 228 110 113 205 44 288 269 146 79 63 130 97 211 74 91 19 188 154 121 178 248 212 25 15 25 206 173 276 277 180 7 10 38 49 178 25 30 98 117 162 144 15 157 121 157 108 83 193 98 
257 130 265 155 269 297 96 127 195 108 243 256 194 295 86 198 67 184 164 55 172 111 262 210 95 82 199 60 292 70 17 226 199 142 75 32 61 46 158 213 189 25 208 237 218 247 239 271 295 126 154 143 241 245 211 299 24 102 201 28 93 76 274 111 183 76 8 136 249 85 91 167 95 293 126 46 163 14 95 210 205 44 132 113 162 281 191 88 130 155 100 4 236 53 98 50 286 229 31 191 
117 184 5 193 130 123 217 112 134 16 93 220 247 295 128 195 215 139 236 241 216 295 133 137 1 250 104 155 156 143 10 125 40 113 86 79 13 107 269 2 154 29 125 222 71 106 275 83 135 265 225 173 191 86 34 180 127 10 156 26 252 205 44 70 83 99 208 68 277 281 266 186 44 30 259 95 5 222 206 210 150 69 21 154 106 198 241 183 142 270 198 19 103 248 129 157 201 67 226 58 
126 290 292 134 75 250 219 170 86 161 280 12 177 222 170 6 50 121 184 6 68 229 226 5 48 79 61 259 175 168 8 195 135 161 163 191 248 222 205 226 85 157 28 28 160 193 67 106 22 151 65 43 46 79 152 177 68 54 269 84 277 114 5 116 125 63 163 101 19 169 169 36 55 21 12 132 30 5 20 182 195 230 115 56 279 144 200 283 14 205 11 240 166 282 55 76 19 110 172 112 
99 175 47 156 220 6 223 70 144 114 21 281 81 212 229 246 93 173 114 187 47 77 216 107 294 7 5 285 186 96 171 144 193 156 155 262 7 147 288 123 149 72 114 241 167 196 241 117 100 45 251 277 34 225 140 236 38 53 55 69 265 225 170 48 128 121 58 213 257 20 197 243 118 56 219 148 77 259 42 73 177 265 49 224 84 281 244 212 30 280 185 278 137 211 214 85 89 73 202 163 
113 50 9 218 43 73 76 43 85 288 128 26 52 267 65 254 13 194 214 260 261 41 128 278 289 116 216 216 151 244 284 78 296 35 212 203 11 292 241 122 60 215 291 119 80 181 104 77 108 283 140 69 180 251 294 57 86 180 50 70 215 59 53 179 266 190 194 95 166 208 150 233 89 220 191 170 238 131 252 26 270 52 276 70 122 186 44 225 196 17 158 182 5 109 99 242 22 4 275 91 
273 77 56 107 126 24 52 129 229 235 11 152 298 114 176 62 152 87 290 72 94 189 247 155 132 206 168 227 104 79 276 288 124 219 193 234 67 194 62 153 46 107 132 229 41 292 159 212 90 53 225 248 233 72 288 96 36 199 219 17 229 62 279 161 234 283 279 152 253 143 114 165 172 254 82 143 282 154 141 225 43 276 155 219 104 12 55 182 47 123 291 145 53 177 237 13 276 8 12 90 
160 61 158 63 248 49 11 76 14 117 273 77 215 181 74 170 204 143 251 125 14 146 178 99 71 229 67 187 278 98 210 92 7 282 83 41 38 19 50 22 105 203 237 180 296 251 284 208 41 68 180 209 284 65 283 219 120 229 15 196 226 286 267 125 255 254 110 36 97 60 179 133 26 19 16 45 67 298 243 95 126 144 242 185 54 66 162 33 112 205 130 124 167 163 165 111 103 299 53 52 
206 257 294 79 294 110 90 126 203 63 222 73 215 198 173 10 219 240 119 152 198 162 125 123 199 285 31 152 124 23 198 229 132 60 275 50 96 170 3 41 65 113 273 11 33 238 205 77 225 28 74 146 34 147 179 181 83 32 277 277 201 138 28 10 204 80 14 56 129 138 68 283 44 180 132 193 252 152 70 12 245 140 27 65 89 20 67 257 234 117 262 262 23 102 122 177 273 154 55 259 
128 162 95 144 146 21 214 159 11 105 201 15 42 79 30 50 171 122 103 244 225 279 28 106 118 89 98 212 180 216 122 175 70 271 161 20 243 122 89 165 95 4 160 56 36 273 284 193 123 32 194 210 187 283 102 63 257 110 299 268 24 261 292 174 75 168 7 278 61 98 72 158 27 73 8 169 173 151 235 5 70 14 48 223 241 92 289 35 16 194 105 237 262 145 51 179 298 106 139 87 
181 222 28 135 104 9 42 200 218 64 148 288 171 240 73 51 98 62 143 15 249 112 292 175 42 185 140 229 139 243 266 155 45 168 35 248 166 123 288 155 66 129 204 292 131 95 205 237 195 177 37 247 177 280 4 245 231 228 248 289 71 157 225 290 117 299 90 1 156 171 72 151 99 20 197 122 125 206 152 59 124 50 191 95 3 26 217 148 62 146 141 139 42 96 155 136 85 143 37 118 
95 118 84 71 157 243 141 270 270 250 50 195 36 256 141 210 97 155 71 184 282 176 9 247 171 90 23 277 128 221 73 74 242 11 150 237 137 166 126 279 158 42 135 30 4 195 172 162 75 286 6 93 72 181 50 36 219 149 35 164 182 216 36 170 265 38 125 135 195 79 230 83 220 14 7 52 195 0 18 41 190 112 195 283 195 253 150 112 90 188 222 286 8 40 120 154 6 268 197 262 
242 40 144 164 229 206 171 148 262 262 261 124 170 7 8 165 176 45 272 169 159 208 20 299 22 230 131 230 279 212 53 214 15 100 240 195 264 7 221 180 20 1 167 175 186 25 282 121 31 104 268 88 142 116 192 267 67 157 95 186 108 94 15 255 205 104 110 264 278 212 127 210 270 198 82 209 79 194 222 201 131 238 98 137 296 164 240 185 208 145 114 33 54 18 66 156 265 191 189 83 
66 297 283 3 176 96 237 196 132 120 58 226 5 155 210 167 53 252 91 91 168 23 210 201 289 297 58 223 235 197 67 79 129 219 55 262 253 67 43 258 270 125 28 288 272 284 232 188 52 257 142 251 192 38 86 4 24 222 107 130 46 50 79 74 143 73 269 261 78 208 262 104 192 273 262 246 177 120 8 158 70 166 287 74 251 106 194 211 211 30 62 290 122 43 178 166 23 271 55 239 
182 282 69 130 235 138 26 30 287 152 130 222 162 12 155 4 142 168 234 246 108 135 237 51 208 27 162 80 294 2 72 175 90 9 192 151 47 242 251 274 95 195 42 148 53 238 170 252 181 226 258 248 149 264 245 164 144 151 184 91 151 297 111 186 281 141 35 169 279 16 265 115 48 61 32 187 47 200 93 172 111 11 30 146 206 154 167 19 153 121 40 129 135 36 298 20 160 255 158 106 
159 137 232 25 255 90 277 81 183 130 246 246 33 116 198 25 296 55 45 38 24 11 179 276 221 39 24 200 290 58 165 167 289 192 76 79 144 183 295 284 277 277 18 99 102 195 126 247 170 258 24 250 296 217 63 134 230 11 77 52 188 19 245 84 210 181 161 259 2 235 260 45 19 128 234 23 67 195 294 36 161 171 213 287 270 65 274 57 289 27 145 166 298 164 268 101 173 216 243 79 
10 70 190 160 138 19 45 146 99 128 294 234 269 11 287 12 38 177 202 121 263 248 17 275 287 287 119 153 64 86 246 24 267 41 255 149 273 195 106 267 127 31 207 200 37 105 253 67 211 37 261 220 296 4 275 111 112 40 266 62 283 290 194 250 234 127 73 248 134 14 3 24 38 71 55 213 218 225 17 122 162 187 274 168 35 214 240 114 56 202 262 34 67 9 143 81 94 4 178 248 
41 179 19 183 9 276 216 42 235 23 18 122 286 201 116 35 201 199 96 220 256 281 37 94 228 197 182 12 88 40 185 262 51 203 238 257 40 167 12 7 121 96 292 79 67 178 113 139 225 297 60 240 275 149 41 190 17 125 129 76 280 68 158 218 199 112 175 222 22 131 117 11 148 183 143 277 219 215 136 289 244 287 78 55 34 70 105 221 195 138 69 5 93 80 213 36 27 177 280 25 
204 76 285 252 295 205 39 99 240 35 273 176 101 197 200 145 177 237 72 109 193 194 23 171 72 130 110 283 280 211 132 284 193 247 54 4 250 57 248 239 54 54 296 250 249 264 136 130 39 238 208 256 188 196 274 182 120 0 97 185 80 41 244 153 118 175 279 104 174 47 170 51 78 221 221 241 112 235 68 133 76 187 256 255 227 24 101 82 198 133 66 116 191 139 26 289 135 192 192 168 
235 63 69 200 184 42 20 38 157 106 206 212 174 130 176 154 231 270 58 214 89 69 193 173 49 285 123 120 251 123 113 36 76 270 145 82 67 87 209 13 56 13 60 161 38 38 8 116 32 139 88 199 138 41 270 8 297 44 79 273 38 86 74 100 46 275 126 100 148 20 88 258 158 41 205 213 199 112 280 27 97 147 139 121 240 44 73 153 251 251 235 218 121 296 159 103 36 235 277 60 
138 100 74 53 83 18 49 136 243 247 128 157 138 252 54 172 21 167 291 231 40 258 129 21 116 262 164 178 43 280 88 268 38 147 61 129 195 182 232 66 250 131 212 267 272 92 147 108 58 192 162 119 60 294 138 91 130 122 169 109 139 288 25 201 175 141 231 271 292 151 62 246 289 116 32 165 159 218 25 228 225 269 140 246 250 30 99 236 28 239 238 0 35 83 242 275 198 195 146 119 
89 20 107 186 20 183 12 183 231 191 132 30 82 202 263 157 191 286 83 100 97 141 216 43 51 227 1 5 246 144 284 97 0 65 39 32 126 171 221 4 27 281 209 248 116 61 217 23 138 59 125 34 218 185 229 81 149 170 257 81 53 256 203 117 218 35 162 1 148 216 109 234 159 274 94 254 0 176 200 31 152 188 63 256 259 218 118 143 226 31 33 57 168 224 117 42 138 129 76 48 
117 83 110 295 252 66 260 158 238 39 166 88 0 125 64 52 47 84 212 181 193 15 51 294 41 170 113 57 268 88 82 295 122 63 174 164 266 128 79 271 217 36 146 55 59 103 28 183 66 292 181 99 264 97 66 88 8 81 98 67 22 130 46 68 210 8 199 205 168 48 88 140 253 281 88 248 181 28 187 277 26 173 51 285 227 37 262 139 92 98 130 293 17 221 102 32 50 135 199 65 
2 86 21 50 51 117 156 131 253 223 204 261 56 23 225 14 15 103 159 82 114 131 248 82 284 69 276 183 238 151 204 150 54 219 248 189 175 249 130 60 7 149 214 240 115 135 258 220 196 76 209 59 114 179 136 297 189 296 70 93 89 196 293 146 246 98 267 281 276 40 170 206 17 120 242 183 281 224 252 13 49 147 160 208 23 75 266 185 8 100 242 98 147 135 26 198 74 155 280 117 
267 254 188 298 193 287 117 164 158 138 262 298 90 253 160 42 129 205 222 51 122 125 222 109 278 263 146 266 79 198 150 131 279 275 176 180 155 150 67 260 75 185 152 131 149 141 293 245 81 192 173 151 291 157 69 136 3 232 279 233 209 148 208 221 173 124 110 152 64 222 52 82 116 234 274 19 87 271 104 232 115 249 133 161 10 166 175 61 173 262 100 169 79 37 152 56 165 144 114 234 
155 22 297 116 24 284 160 191 283 247 39 129 58 18 35 76 52 95 131 68 122 298 266 92 253 7 241 12 158 7 229 97 101 287 224 80 199 292 158 296 247 86 76 222 95 170 260 146 92 233 163 247 114 211 215 179 132 248 71 260 152 282 41 35 86 159 259 131 131 181 164 0 3 147 57 8 70 201 38 105 87 215 90 221 266 238 0 190 24 91 34 18 0 264 255 290 165 96 188 261 
1 63 58 123 144 2 160 251 114 108 114 242 261 185 36 49 258 173 161 41 245 181 22 232 114 9 128 63 35 134 133 298 148 250 101 143 110 168 291 51 251 142 17 265 81 235 22 64 153 274 282 63 149 140 27 255 129 238 291 237 67 283 80 109 34 15 3 251 140 208 160 211 194 87 90 270 87 134 98 298 43 29 0 78 71 171 6 107 38 30 131 218 138 69 283 28 243 221 226 262 
155 126 106 240 283 256 224 236 296 293 49 155 78 80 229 60 145 283 245 216 25 193 182 96 35 95 125 193 256 132 40 41 110 106 64 178 245 84 229 164 64 241 195 6 296 73 139 102 284 2 1 273 29 32 291 217 183 206 222 213 237 169 107 276 106 213 208 241 1 107 128 210 186 108 17 265 125 112 40 84 107 27 295 80 114 142 58 43 182 29 158 131 213 283 197 106 115 255 73 277 
126 121 93 46 199 180 197 142 86 91 134 205 238 106 9 103 5 283 294 190 239 68 13 197 65 54 0 125 48 14 195 106 121 247 280 168 15 49 117 186 290 272 100 251 15 264 65 211 14 143 133 164 135 135 35 193 232 287 19 43 261 288 174 215 277 40 25 219 17 17 87 17 239 243 229 296 8 268 77 147 208 239 150 87 93 127 136 41 11 185 73 29 15 88 10 165 111 9 148 69 
297 134 57 290 222 186 171 97 33 202 131 121 16 46 74 37 74 11 28 231 89 244 200 67 78 230 36 252 259 165 117 68 56 27 102 163 125 11 49 234 79 223 206 79 189 169 147 108 181 208 287 55 79 288 51 297 25 115 82 172 20 176 284 125 166 201 97 166 120 125 39 270 141 133 81 39 36 143 26 117 91 240 225 279 181 206 190 75 273 18 177 261 279 170 181 264 142 71 88 96 
270 293 233 295 225 219 6 219 189 128 155 199 223 250 115 234 254 209 33 180 45 260 53 90 215 244 225 64 205 133 14 253 164 177 203 75 272 2 192 143 203 280 255 212 135 51 231 123 215 42 180 145 74 139 103 268 129 149 10 27 50 260 283 145 46 68 173 271 168 224 215 237 58 84 232 262 124 9 147 219 171 140 43 286 296 133 53 271 280 165 85 167 146 203 299 43 119 83 148 227 
37 32 119 64 227 219 7 178 64 95 133 166 287 35 219 175 190 298 197 147 85 105 247 57 68 222 2 192 43 68 278 207 147 255 144 155 270 25 17 244 135 93 263 140 250 155 250 236 76 200 93 148 216 240 70 257 137 225 128 72 68 298 236 194 268 99 234 279 74 39 80 192 292 267 271 192 173 121 265 244 148 217 31 225 104 266 152 10 41 233 13 35 167 173 238 194 183 47 161 176 
280 56 166 277 228 26 295 239 59 284 241 200 71 72 234 3 137 148 132 82 279 173 226 133 7 126 21 229 278 128 98 185 288 100 90 41 79 254 66 170 202 52 68 84 56 134 290 75 229 173 1 123 256 289 1 22 109 148 163 208 50 284 247 88 57 28 252 78 56 213 288 142 251 234 20 168 249 146 187 170 113 257 269 270 119 298 203 229 252 159 166 263 298 130 13 195 299 250 299 201 
271 249 157 86 216 229 187 8 274 168 176 23 252 149 23 147 189 67 133 151 74 240 277 41 166 130 101 27 255 113 97 78 53 245 5 229 161 33 75 79 160 169 11 101 260 151 135 298 125 136 185 152 267 234 223 248 240 193 141 4 121 250 189 296 130 170 264 74 177 103 3 279 79 227 144 243 81 34 193 18 264 94 25 36 52 145 86 38 142 106 3 150 148 163 39 61 9 63 294 258 
209 58 43 222 74 169 21 126 44 227 165 261 146 172 179 275 69 206 25 20 36 29 186 93 181 111 91 299 67 48 291 121 229 210 210 77 129 64 227 94 41 288 71 225 122 114 145 208 17 111 116 290 163 43 21 60 187 51 38 23 59 89 183 107 264 267 42 100 6 126 42 163 183 136 11 3 280 9 214 184 253 183 187 227 266 231 238 20 259 29 86 133 78 31 162 196 98 166 54 266 
2 50 46 185 174 151 2 102 186 56 246 183 124 203 10 105 235 25 136 9 13 227 128 48 224 129 221 203 76 138 146 68 60 204 20 79 76 110 42 220 9 199 297 89 235 185 9 174 195 237 207 267 20 17 204 274 140 151 14 82 230 276 298 259 58 73 6 38 138 16 144 3 164 263 58 58 182 0 156 11 80 88 279 38 76 197 203 269 106 142 35 123 183 231 107 1 252 16 82 90 
207 34 141 157 169 46 19 245 148 184 107 276 34 109 212 297 7 201 227 278 248 257 2 183 284 155 119 18 171 137 190 31 277 254 175 0 248 62 236 180 277 234 198 217 5 113 266 97 18 249 298 33 259 232 173 225 36 88 63 252 251 257 172 229 208 2 144 140 170 35 59 57 170 173 82 233 15 23 297 154 184 227 118 186 214 80 98 283 36 271 47 294 103 199 34 55 81 125 22 7 
11 100 277 113 219 186 293 282 263 203 29 160 58 117 5 141 54 224 99 223 172 203 0 259 276 239 118 247 100 36 3 16 250 69 74 283 203 287 249 66 119 201 50 203 263 59 26 221 266 68 91 118 251 212 228 80 261 262 195 51 292 138 262 166 244 234 166 41 95 218 16 114 96 74 217 247 69 23 97 239 276 125 158 176 42 119 57 145 91 195 233 244 46 299 155 178 188 100 6 261 
59 151 276 74 209 289 48 187 140 7 281 259 216 253 184 141 36 243 157 125 173 214 204 209 237 248 154 228 287 278 140 293 14 280 191 241 154 158 229 260 201 70 260 229 295 291 181 261 181 96 286 14 284 35 276 68 298 8 115 239 152 196 182 83 4 267 43 73 33 210 110 170 196 133 297 88 293 184 165 19 251 251 279 190 248 59 117 7 289 63 42 61 32 91 46 83 198 67 27 40 
116 76 45 57 96 179 204 58 65 62 48 4 276 143 92 154 156 225 259 187 189 61 87 92 222 146 10 51 220 29 187 267 219 72 280 264 26 284 173 117 8 260 74 204 276 36 157 258 13 286 202 236 6 275 18 153 88 85 53 245 253 128 182 134 31 259 265 5 273 152 217 226 158 94 287 183 96 286 193 274 158 8 242 218 269 276 187 84 267 17 50 259 170 172 54 104 215 4 147 98 
10 152 290 269 189 261 231 201 4 250 2 158 176 65 12 237 198 193 194 209 141 121 279 91 102 226 262 199 109 191 38 28 237 211 169 82 156 96 247 25 159 71 131 157 190 149 238 260 172 284 87 108 66 61 11 110 170 252 147 89 254 112 218 151 209 185 10 284 49 220 9 25 177 94 145 36 265 186 17 200 124 71 63 212 37 241 90 219 86 8 95 163 168 72 263 194 275 91 118 288 
33 123 291 7 168 290 190 179 105 258 74 297 81 270 136 74 155 114 152 228 285 10 179 269 179 22 149 119 238 144 15 155 115 283 95 80 225 55 195 90 21 53 3 135 292 255 268 234 64 75 137 11 59 73 87 235 119 55 20 292 258 148 71 99 108 115 163 255 175 117 140 261 101 269 294 130 297 164 237 80 15 265 181 85 161 201 119 180 290 210 148 114 157 40 36 220 199 184 161 150 
292 165 250 99 239 220 6 233 127 33 137 260 296 267 220 66 131 66 96 274 79 39 209 225 109 51 248 176 149 197 295 115 48 114 103 205 100 94 126 206 103 152 275 269 277 213 291 6 232 197 148 7 268 134 239 133 114 137 222 37 161 138 64 271 36 176 288 95 127 25 12 271 204 279 178 61 259 143 160 296 89 53 229 256 122 40 211 149 297 19 57 168 12 240 200 178 208 124 82 137 
2 59 115 93 99 97 84 70 25 46 92 62 213 86 1 117 208 204 195 55 237 12 235 81 250 110 171 296 271 25 272 23 45 255 291 71 15 119 252 288 260 49 220 34 273 213 246 205 202 258 92 133 144 224 87 276 66 136 241 157 290 107 197 160 189 282 156 75 169 184 218 293 259 64 174 209 33 209 227 26 90 111 107 40 75 228 225 209 24 14 174 260 220 295 179 214 238 151 94 243 
68 60 170 280 288 212 220 159 8 78 255 234 94 14 203 31 52 286 277 215 30 289 298 110 278 139 221 263 99 122 57 185 245 43 76 0 159 56 216 55 143 120 124 238 146 31 47 36 287 128 87 159 129 116 209 247 231 22 107 80 260 63 193 11 156 126 24 222 185 8 192 139 233 128 113 66 51 271 105 49 80 242 15 117 108 60 67 215 108 181 205 85 115 159 83 105 280 160 46 2 
126 89 275 21 171 25 78 201 288 189 40 272 54 143 270 157 261 263 132 294 129 22 199 253 193 201 73 117 254 226 159 284 9 265 189 118 136 128 227 45 79 281 215 207 261 11 142 231 88 151 29 299 201 8 221 145 205 25 176 169 205 99 61 27 75 183 126 14 201 148 152 52 149 227 292 26 6 118 204 10 230 256 148 251 125 232 19 146 261 248 137 87 86 151 133 285 67 196 10 97 
125 25 57 263 200 12 166 107 285 65 113 156 271 89 247 239 192 180 89 86 153 165 98 129 272 110 72 56 106 174 97 290 297 159 199 274 8 71 161 128 21 47 39 243 266 174 112 88 247 35 11 21 174 112 237 159 228 273 224 229 184 260 7 122 57 115 12 97 120 81 5 207 91 188 168 140 212 179 233 229 297 174 113 193 228 74 160 15 113 127 283 280 68 247 128 90 40 148 49 267 
261 197 155 158 62 9 270 295 180 116 228 25 39 35 40 29 90 146 177 64 173 152 59 169 66 269 280 60 271 47 246 238 95 87 33 274 63 21 295 15 47 178 51 79 289 17 114 40 213 168 191 45 213 196 278 11 59 72 179 200 229 154 20 284 57 295 228 110 209 200 146 89 200 165 285 28 294 80 181 295 88 189 42 271 127 296 215 107 71 16 145 188 23 183 269 198 127 114 296 96 
141 15 134 98 96 259 114 216 218 17 95 214 212 40 133 86 271 20 126 177 297 136 27 230 212 34 11 92 159 243 290 30 59 264 229 36 71 118 254 19 22 243 298 68 24 61 2 74 184 62 18 97 274 280 139 139 253 105 209 233 242 62 60 13 14 274 42 287 264 13 253 217 186 202 244 219 173 172 116 54 103 80 145 159 145 272 163 67 54 290 106 107 247 32 228 281 154 98 137 289 
88 125 223 129 85 71 71 145 211 134 143 216 20 257 278 142 131 253 177 30 218 244 268 88 211 152 108 210 85 118 190 164 134 212 212 276 80 48 198 179 133 158 83 50 146 242 269 148 188 201 63 152 70 248 138 165 185 70 18 76 228 13 65 58 63 149 164 114 27 100 293 73 40 297 269 153 257 73 23 295 251 47 196 256 257 181 208 154 155 147 73 126 206 252 102 297 46 81 123 203 
69 116 76 267 175 181 163 288 214 89 286 124 225 60 151 139 256 179 122 150 253 50 216 9 293 69 94 166 224 106 165 107 174 150 179 117 55 253 230 193 205 19 127 27 157 190 42 266 294 278 136 175 280 131 233 13 85 294 115 264 184 227 99 125 203 181 250 34 35 134 67 38 241 221 194 115 36 32 40 170 28 171 258 131 248 214 131 194 175 115 22 285 83 28 199 94 72 254 289 219 
248 258 132 297 23 50 220 222 157 127 253 290 1 117 44 243 108 140 222 212 175 283 188 35 221 38 271 286 120 203 8 156 98 132 154 48 111 154 15 198 89 90 153 201 118 265 30 223 285 188 18 94 256 278 231 175 169 296 285 277 280 231 235 181 196 180 126 172 220 142 277 284 75 17 212 78 203 130 204 35 78 123 291 73 47 272 57 89 108 54 15 147 239 27 119 186 262 271 71 252 
190 53 116 236 232 48 266 70 107 16 171 194 160 148 249 285 199 202 84 109 225 109 163 276 42 181 182 246 190 112 248 242 286 19 158 265 152 204 251 93 39 127 145 242 79 47 169 102 221 162 214 258 49 100 131 183 61 76 169 294 81 95 11 132 64 169 13 5 266 180 272 267 194 228 96 297 154 16 85 0 248 15 262 78 248 215 154 57 287 224 273 146 242 288 51 215 199 190 207 238 
279 85 191 83 197 10 138 240 181 296 38 154 37 78 95 95 297 182 132 222 5 30 164 6 122 136 220 223 196 66 279 201 38 137 245 99 259 225 5 299 198 38 197 182 68 165 263 122 280 278 297 74 190 161 236 262 44 298 6 52 214 77 285 186 96 234 131 213 185 190 243 189 42 238 132 66 248 219 193 127 222 291 81 276 6 13 292 257 170 7 225 73 6 228 129 137 248 288 79 122 
135 280 282 16 136 205 77 295 37 113 101 97 87 283 12 62 79 110 119 189 4 146 197 292 143 122 67 181 95 281 55 230 92 131 201 134 101 190 198 225 57 110 79 206 78 132 22 270 119 169 255 272 260 171 270 83 258 56 299 4 145 51 218 40 0 179 160 184 268 257 29 83 217 170 107 180 244 125 239 173 98 106 183 75 251 86 60 227 175 185 13 208 149 38 295 298 93 149 2 30 
111 51 100 235 188 249 109 164 68 62 155 215 277 159 107 86 108 172 183 4 73 197 141 150 195 96 116 246 124 264 253 19 274 23 145 211 224 232 61 158 147 20 31 76 208 266 175 48 60 56 183 165 121 104 167 37 217 195 72 1 276 173 288 289 278 273 91 116 9 94 156 249 213 22 225 171 166 58 219 123 50 243 209 168 214 283 24 167 248 210 55 211 19 23 231 258 251 210 34 122 
116 244 296 275 209 68 26 221 19 228 287 25 24 79 235 67 237 205 158 254 171 266 85 199 81 218 219 103 192 88 266 72 177 48 206 226 47 135 295 14 89 126 111 255 170 294 175 191 33 266 198 36 36 162 22 191 115 94 42 116 178 142 183 180 43 168 59 251 288 282 82 278 25 138 267 133 85 92 135 104 267 95 193 31 203 178 18 245 265 48 201 281 224 249 141 260 195 196 37 246 
260 41 245 241 166 208 20 102 205 123 25 173 63 79 134 15 73 270 229 26 62 35 184 29 287 63 200 197 132 182 146 31 266 161 35 234 138 71 144 288 5 49 152 4 168 166 200 18 254 275 39 234 267 75 92 150 31 287 16 215 51 108 169 74 19 97 71 127 129 195 201 137 170 9 255 99 254 69 149 87 161 4 200 273 59 49 75 114 259 265 110 170 231 249 105 2 71 153 39 290 
16 240 197 250 123 188 40 239 51 259 88 221 214 117 65 215 11 132 67 150 283 122 104 257 81 74 240 24 13 10 22 32 235 163 290 115 33 49 210 68 240 236 176 141 147 283 80 103 218 60 282 206 189 257 119 209 101 14 269 272 45 291 68 297 173 215 86 3 35 232 1 238 104 97 219 23 26 49 262 50 69 166 118 277 202 118 172 127 110 61 240 230 76 68 93 132 215 140 175 208 
246 221 249 64 273 164 4 158 131 276 292 140 140 41 154 53 125 30 117 12 121 272 117 234 186 189 209 291 200 46 160 208 150 49 254 172 71 256 135 96 179 66 16 157 66 173 285 72 295 128 36 75 105 125 176 39 230 279 96 24 25 202 92 104 110 23 16 52 283 18 232 167 261 69 80 157 71 79 257 227 231 60 12 291 23 67 213 158 5 45 298 124 9 272 77 180 295 264 235 1 
45 160 63 192 246 212 27 31 272 102 261 62 151 119 92 7 190 235 104 19 78 168 95 183 65 10 230 276 144 35 75 83 88 49 213 11 106 32 169 108 9 214 173 108 187 40 58 140 283 263 173 38 262 74 28 64 161 206 119 116 210 212 233 33 232 249 48 16 120 280 45 88 14 15 153 87 140 39 157 78 33 78 129 51 241 205 271 1 88 239 292 111 248 51 3 257 123 53 81 19 
45 116 101 203 105 2 237 201 90 77 233 41 265 204 126 145 238 77 65 264 131 86 81 94 23 149 147 93 126 248 180 219 108 149 240 125 229 162 185 143 152 224 230 57 291 58 5 266 186 216 19 158 97 249 98 81 275 285 159 122 204 51 90 101 246 225 2 29 288 248 165 89 287 231 124 221 282 19 55 172 92 132 35 159 83 262 108 12 279 147 265 24 3 200 205 205 35 211 159 25 
175 170 166 3 26 91 291 99 235 95 42 148 136 141 187 47 76 117 253 243 55 68 23 215 263 137 239 287 258 244 15 259 273 206 90 4 110 78 239 193 65 87 88 225 4 273 210 201 257 237 294 17 0 259 23 182 117 293 51 27 139 46 107 184 122 124 154 262 251 207 108 108 17 226 228 61 26 102 103 211 30 170 276 99 178 144 256 82 253 197 248 188 111 76 33 83 124 287 27 267 
4 74 2 19 90 236 209 94 202 48 240 127 218 128 21 73 33 23 241 275 214 204 224 288 246 46 230 50 65 19 123 296 297 288 262 172 109 70 133 21 77 273 84 110 173 184 171 7 243 77 200 125 173 230 186 297 23 273 130 107 157 208 244 277 268 232 154 113 90 111 15 22 199 155 167 20 272 37 148 193 67 162 220 264 85 256 54 208 131 24 166 88 273 34 133 61 122 3 84 127 
268 99 183 229 291 245 289 288 279 51 126 70 35 80 53 28 71 53 236 60 162 139 132 55 204 242 21 286 146 175 50 102 8 274 185 30 153 76 78 216 217 14 124 40 115 213 15 156 239 57 184 255 83 139 62 112 3 4 222 270 29 34 222 62 161 233 181 32 223 122 298 206 99 147 77 113 121 84 290 189 152 264 234 39 238 91 183 65 78 82 63 226 238 11 198 166 108 3 151 60 
178 142 245 199 129 229 207 294 102 229 195 75 166 231 106 17 244 203 222 220 196 38 152 182 43 215 144 180 212 209 19 162 241 165 11 107 34 269 281 171 284 233 208 226 94 245 200 77 189 100 241 27 46 95 181 117 156 101 23 234 102 229 61 202 270 269 157 73 34 134 147 251 203 51 78 29 8 87 164 263 4 145 263 296 175 38 194 237 166 165 131 201 157 246 102 268 133 177 5 51 
270 124 5 0 31 24 49 6 35 131 66 271 162 50 248 80 288 42 111 260 133 252 196 253 186 229 112 31 239 121 16 291 10 195 203 128 247 166 234 279 292 247 287 48 38 239 284 66 213 47 108 63 56 249 45 166 285 148 116 17 36 282 111 50 77 272 38 72 207 171 175 209 22 203 221 163 121 145 95 180 269 57 169 238 12 156 208 151 141 198 219 4 247 147 280 220 84 166 288 52 
40 211 50 164 26 89 82 72 170 115 37 248 232 33 234 169 84 85 141 25 99 203 139 257 269 120 209 29 39 190 82 143 250 268 66 240 192 227 296 151 118 38 294 235 4 298 188 187 93 57 134 272 94 148 46 160 173 146 253 244 168 146 264 171 244 140 94 176 135 101 77 292 41 117 222 173 206 40 265 114 139 39 212 284 187 80 91 152 136 116 295 67 226 136 27 250 243 198 12 245 
