292 21 80 10 118 164 69 66 157 272 183 156 57 111 63 149 193 207 273 190 177 266 89 168 155 188 277 81 202 27 55 24 226 25 248 206 74 171 156 121 58 201 8 174 59 30 76 130 121 133 210 87 189 208 250 156 24 256 40 284 154 222 95 258 90 116 239 136 36 243 97 248 76 231 122 48 299 31 69 125 35 155 33 137 72 171 294 142 256 226 122 162 206 223 200 266 227 187 224 4 
277 91 141 257 129 95 287 209 34 259 263 68 122 32 254 124 33 222 1 240 200 210 145 213 203 19 5 31 70 29 291 74 272 275 269 1 193 52 253 279 267 272 243 196 163 53 5 154 221 10 55 68 63 246 12 79 65 36 149 176 210 126 212 290 174 268 28 96 273 154 79 128 135 140 291 185 293 133 162 49 55 262 232 148 42 4 211 229 155 285 125 194 164 58 139 151 143 49 61 65 
225 54 177 17 57 111 125 242 241 280 153 119 232 182 244 234 156 115 42 279 274 119 170 81 104 166 208 146 74 146 282 102 164 259 206 90 19 175 24 16 22 102 222 226 23 286 135 55 250 36 124 69 297 168 280 201 25 253 35 47 212 0 34 233 99 277 276 46 17 138 272 192 281 64 93 187 237 235 50 238 128 186 123 223 41 243 251 222 48 284 121 246 100 90 56 23 93 172 178 71 
56 215 244 20 81 229 6 137 257 100 95 253 113 245 190 88 229 64 48 15 184 82 280 254 163 12 126 140 267 209 152 135 12 299 222 224 248 18 254 166 144 133 43 2 121 257 54 193 258 64 129 121 134 203 177 41 260 6 283 24 33 75 287 163 136 161 149 30 91 249 7 148 130 195 271 290 262 127 161 158 36 118 224 220 225 259 293 221 28 289 67 178 126 191 53 167 253 217 1 269 
84 36 19 212 86 93 81 93 166 150 276 19 38 118 255 224 38 63 54 67 10 124 114 151 138 99 271 43 30 95 222 136 155 219 260 274 125 211 11 23 53 223 175 268 284 261 84 17 148 118 74 71 23 252 164 120 222 9 177 210 140 68 117 136 123 64 184 134 270 146 232 295 104 32 55 80 203 294 133 286 153 256 279 144 259 255 18 270 150 57 124 238 295 151 28 241 29 105 57 47 
214 137 279 130 254 95 54 288 227 173 124 289 138 5 11 152 181 268 10 288 89 5 10 149 118 77 292 258 241 298 297 155 160 72 186 181 196 188 133 40 32 131 148 84 85 90 161 277 230 260 209 197 292 79 253 288 101 248 281 133 50 129 171 84 117 48 220 6 250 217 265 208 132 114 57 236 194 59 37 124 185 289 48 88 275 267 283 51 118 186 232 12 236 148 91 83 169 272 81 65 
287 252 9 48 18 49 103 108 160 190 226 217 231 250 257 26 237 115 282 53 6 219 247 248 272 162 221 216 271 232 265 192 276 85 232 267 84 201 174 6 200 257 170 132 299 219 102 143 242 1 181 100 120 21 96 61 286 44 177 6 156 292 72 285 104 142 192 231 134 52 218 68 122 95 220 200 154 17 77 175 207 161 87 178 13 146 177 143 133 57 283 159 27 97 294 218 152 141 124 154 
49 161 187 135 157 1 180 39 140 243 248 294 8 61 134 64 288 58 256 286 122 297 287 101 233 166 295 93 91 93 180 137 277 97 229 87 293 265 3 115 172 41 273 207 244 163 261 86 147 231 100 253 220 284 45 45 257 0 3 190 114 143 128 272 113 206 292 172 179 74 19 153 106 31 146 127 4 22 160 127 2 287 204 245 220 135 201 291 96 273 143 123 141 226 184 30 22 118 289 242 
283 173 149 196 175 114 26 170 135 187 175 189 42 25 198 298 106 29 279 123 82 179 105 75 147 70 248 9 12 37 66 284 268 108 121 38 115 2 105 152 42 136 226 58 95 286 245 120 81 238 20 248 90 182 282 229 233 271 0 223 262 141 200 55 251 278 152 129 106 49 239 229 288 112 121 143 92 261 105 19 9 131 142 59 168 92 131 210 254 114 4 273 60 28 236 19 76 151 4 139 
198 57 84 24 91 280 48 40 110 46 238 274 179 203 55 32 141 203 38 78 259 282 72 79 203 102 48 204 106 120 191 54 86 73 228 131 260 70 44 61 232 189 236 34 103 142 241 267 5 115 193 192 119 120 0 16 295 45 214 146 133 272 171 182 204 218 159 48 29 173 59 73 47 43 255 152 248 205 38 216 131 138 215 122 63 262 265 46 43 187 5 280 238 91 58 253 192 162 161 108 
90 241 30 266 119 243 87 113 75 167 128 115 96 234 287 266 279 210 57 147 200 68 60 280 25 286 206 14 0 19 154 15 222 87 42 178 119 202 21 48 232 140 49 123 220 203 299 97 42 60 122 20 257 170 153 224 257 264 29 132 181 13 255 208 166 22 257 202 191 274 143 180 262 193 180 149 162 91 62 123 252 66 246 285 111 191 87 289 119 125 246 28 34 246 146 296 85 14 129 286 
189 97 274 76 93 89 121 93 286 292 196 88 202 278 39 13 169 170 298 226 254 197 265 110 60 200 145 228 64 28 117 261 38 183 35 137 50 120 84 271 269 41 113 8 208 44 87 234 44 96 122 21 163 205 174 70 106 203 162 250 283 23 36 49 5 22 208 299 145 110 33 119 191 23 129 198 274 2 296 58 24 28 59 296 137 32 277 55 254 121 279 282 241 255 16 120 31 52 111 238 
281 72 80 128 207 160 20 47 198 122 117 186 268 178 109 244 225 227 126 166 296 140 142 14 231 173 32 135 31 153 127 229 283 285 117 7 46 27 234 211 167 299 254 234 113 162 4 93 67 161 89 155 101 52 61 237 0 51 180 238 59 83 3 154 138 86 156 152 111 137 79 118 159 126 291 110 34 49 177 275 190 6 286 162 241 127 47 78 225 232 132 128 111 180 121 95 287 142 153 147 
147 220 0 164 142 22 260 206 148 46 122 158 183 190 181 47 95 219 239 138 233 81 48 291 260 59 128 273 230 13 252 60 70 279 171 280 209 199 177 197 210 241 268 213 57 74 191 222 20 19 183 49 281 260 168 29 14 281 100 76 54 291 174 46 239 198 133 140 276 169 274 216 53 99 12 81 113 77 278 150 175 68 150 150 80 224 48 3 224 249 49 131 107 25 57 283 218 274 59 246 
150 69 263 183 281 299 212 275 242 247 24 52 33 49 280 183 231 93 224 157 183 79 251 168 194 262 259 297 249 178 219 243 296 262 208 66 73 161 30 172 229 29 123 100 234 126 9 90 230 12 152 87 22 299 182 117 243 42 178 237 209 130 155 74 170 45 22 125 281 86 20 27 146 226 289 118 129 71 278 252 24 188 133 144 182 50 182 183 6 134 72 270 289 259 66 257 115 168 295 67 
198 285 76 91 92 206 244 18 210 137 285 53 122 158 53 266 211 247 159 202 257 101 71 286 14 272 223 242 135 17 104 125 160 182 53 219 19 194 202 263 174 19 135 281 23 284 278 243 128 187 218 50 167 35 61 259 55 221 60 218 223 172 10 183 74 10 139 8 209 81 18 139 229 262 128 155 48 260 158 284 261 176 97 38 90 188 141 282 254 270 76 209 31 267 283 9 89 16 21 186 
95 15 199 148 18 48 229 273 176 238 191 153 47 132 265 16 274 209 191 3 191 96 39 279 234 140 281 195 293 124 185 185 140 45 203 283 230 11 104 261 212 132 91 233 62 219 159 266 192 42 143 222 96 18 145 288 229 19 11 180 17 234 286 8 26 173 1 51 293 227 151 20 16 252 256 126 289 43 213 9 40 21 8 259 94 101 226 107 39 126 24 298 197 263 204 28 25 238 245 86 
173 214 32 118 239 137 97 22 53 226 161 168 137 180 85 121 227 220 242 237 45 15 258 27 278 34 260 222 274 1 139 2 81 206 277 126 90 252 74 230 118 164 269 141 260 14 79 1 39 131 157 154 218 297 32 272 80 152 164 100 25 220 235 268 231 247 80 190 168 224 262 246 55 31 35 154 144 175 187 180 186 166 131 234 151 217 246 89 126 295 1 142 193 282 102 76 248 191 267 84 
230 141 191 49 112 117 90 109 182 16 249 55 91 170 57 157 64 106 284 149 117 258 283 202 46 131 286 234 295 104 97 225 155 156 232 77 274 153 130 108 154 180 157 113 290 98 225 106 164 32 278 218 293 78 191 102 82 280 188 138 177 297 62 197 16 143 209 184 137 148 251 91 167 108 184 93 292 182 60 35 20 19 276 242 69 5 299 132 182 296 189 35 5 63 18 88 8 112 163 111 
232 57 145 68 17 298 52 286 213 71 287 30 87 156 174 190 165 166 221 86 57 179 51 262 132 265 221 189 248 163 280 286 104 180 40 249 294 116 30 105 40 84 25 220 114 90 220 214 110 297 131 129 41 22 219 207 85 51 127 194 48 159 229 189 68 193 128 288 207 150 275 114 138 25 129 132 272 298 7 157 108 219 171 192 254 280 58 246 97 209 288 133 207 124 98 55 13 89 265 299 
227 286 54 65 210 139 221 100 190 50 145 213 2 123 47 17 13 1 75 271 244 112 224 107 150 10 56 238 271 231 243 139 111 138 50 29 269 17 183 58 287 116 127 60 109 217 101 106 54 30 229 165 105 103 19 51 24 298 185 44 77 100 50 99 278 282 33 31 266 263 69 243 208 156 30 299 220 85 36 104 8 6 262 229 5 174 294 107 102 195 119 234 11 186 7 9 134 252 150 48 
94 122 262 99 253 56 9 118 68 24 24 159 260 29 265 251 71 62 227 17 247 173 4 20 226 224 68 131 43 46 1 278 253 53 210 202 13 70 203 156 224 73 65 119 185 196 110 203 276 282 204 194 12 129 206 201 146 259 19 34 262 91 97 69 282 28 61 268 105 10 2 39 69 153 231 35 252 162 185 213 95 58 203 54 41 22 172 99 6 17 110 22 203 76 36 127 97 159 63 244 
232 214 277 213 191 159 122 233 153 111 194 61 281 295 238 281 269 108 29 184 147 232 27 3 1 80 297 274 88 275 128 255 127 120 179 43 81 167 202 135 167 291 57 78 258 276 187 167 20 67 123 49 17 255 16 253 285 15 173 288 280 179 200 289 110 223 46 249 112 229 107 38 234 143 142 221 261 93 196 67 80 12 45 274 203 75 195 119 239 253 206 263 112 88 92 74 24 48 61 3 
23 210 65 74 51 2 65 194 194 19 208 79 18 282 271 122 169 98 43 218 69 127 189 16 294 260 178 6 205 14 92 229 231 221 9 210 106 133 162 89 39 69 131 133 201 42 61 215 152 172 108 170 178 164 130 50 210 5 267 84 78 169 19 206 259 282 65 252 42 194 46 85 217 71 272 229 215 155 119 87 96 255 165 31 52 288 117 87 85 203 200 145 295 121 74 299 240 158 162 274 
228 171 183 16 291 266 141 41 4 9 1 31 184 53 160 61 108 284 291 1 151 84 215 162 295 143 37 224 177 160 261 53 255 16 250 100 195 36 41 276 73 24 147 59 9 117 204 287 13 163 38 57 115 154 54 76 243 230 273 289 84 277 120 237 140 167 180 74 173 80 144 209 82 277 110 135 70 172 238 110 63 233 96 267 22 265 251 202 58 46 256 182 278 75 65 177 23 298 147 130 
42 235 123 57 278 279 24 174 72 92 136 198 80 295 215 199 195 79 244 19 289 276 115 46 53 232 287 59 235 77 81 247 294 87 144 200 38 263 174 182 299 127 271 223 170 48 133 176 27 138 4 246 272 139 195 46 45 171 273 173 197 94 289 155 92 67 176 62 225 291 297 249 102 241 283 61 101 280 265 40 253 193 94 240 298 12 182 134 93 29 213 280 188 175 162 172 177 283 219 62 
164 193 139 284 109 5 8 256 162 248 43 181 50 177 252 257 19 265 22 10 46 81 94 276 177 235 142 203 260 220 210 130 230 285 34 51 57 139 119 55 136 131 82 84 102 229 41 293 277 68 269 266 196 87 236 193 23 187 284 104 130 277 75 260 64 17 161 165 290 3 282 43 29 105 180 113 64 137 161 43 137 16 61 109 202 15 91 34 79 170 260 119 278 230 116 285 125 231 151 132 
123 242 35 108 102 274 116 255 269 266 240 145 22 34 221 105 236 14 275 173 84 252 190 143 209 132 227 241 31 166 182 238 81 207 8 206 241 71 118 220 88 258 210 33 77 137 248 168 43 139 140 216 203 197 110 230 62 282 106 299 23 219 181 192 28 262 103 32 58 123 30 130 34 103 63 16 209 241 64 99 275 95 66 276 28 230 272 246 123 56 244 169 35 153 292 158 203 283 251 116 
53 251 145 34 258 133 96 170 144 287 104 222 23 297 70 69 202 202 244 148 13 279 236 129 191 288 207 183 118 123 48 192 85 106 273 96 89 191 131 175 266 210 148 144 188 169 62 46 130 194 43 211 62 114 40 160 3 108 134 37 194 182 157 161 2 32 35 172 294 233 297 214 21 242 164 27 110 51 191 61 7 48 199 133 278 173 283 214 141 226 129 106 259 2 76 31 77 1 139 29 
82 259 183 240 38 107 200 253 35 192 134 140 250 3 261 228 268 212 153 11 204 281 164 199 12 5 96 177 242 50 10 164 101 14 211 41 175 262 153 123 86 283 265 176 102 220 158 166 289 100 274 210 74 74 195 144 62 122 145 213 116 238 214 153 174 89 239 113 16 286 133 157 293 32 298 33 228 29 236 233 33 280 198 136 264 68 258 89 260 234 115 253 112 157 9 28 230 84 85 148 
265 123 169 130 289 256 3 146 187 117 257 206 31 13 149 189 237 287 74 133 127 127 162 182 97 228 93 141 108 80 271 246 181 246 273 236 53 14 58 285 225 132 195 112 127 198 43 101 153 15 41 98 295 3 11 224 132 294 20 196 53 268 148 42 252 86 170 289 202 114 134 188 79 86 80 165 135 115 101 176 94 101 81 190 67 242 84 71 100 99 157 284 249 148 67 141 123 40 2 154 
227 72 2 168 147 152 183 267 144 288 273 254 97 120 288 202 187 299 34 14 174 12 52 82 123 68 46 151 162 294 159 219 93 21 0 169 213 198 64 71 217 290 40 10 261 176 48 82 276 110 50 154 186 163 136 254 39 189 268 184 56 202 247 224 139 233 99 243 20 182 59 53 23 132 87 157 136 98 255 261 194 119 282 292 159 247 159 52 274 278 145 119 258 39 256 160 46 258 31 73 
37 130 91 137 9 142 92 179 134 281 59 293 272 187 84 198 269 249 180 112 8 120 225 42 239 50 21 108 34 62 200 149 120 61 98 238 257 257 69 228 124 13 119 184 19 149 38 12 190 87 147 189 296 238 188 239 196 134 98 32 30 252 170 165 152 20 0 21 27 224 264 224 30 174 15 59 151 117 94 12 111 204 252 128 267 272 278 235 216 187 86 188 203 116 110 214 5 113 163 43 
252 271 155 262 103 277 170 130 287 220 67 212 255 237 71 25 24 70 8 290 144 34 239 144 128 119 246 128 208 147 40 237 4 71 285 167 80 293 162 96 191 192 36 193 160 20 133 296 144 193 216 199 16 229 288 60 290 168 279 10 117 15 63 2 66 238 262 7 228 123 150 143 100 252 183 11 226 15 240 109 79 180 15 196 155 19 249 115 76 120 269 198 207 211 280 281 223 235 94 82 
232 194 238 173 258 289 51 22 242 78 85 287 52 215 10 251 246 113 123 238 287 105 213 98 247 22 124 5 238 67 188 296 240 30 283 247 16 77 252 50 24 59 41 40 295 227 207 37 96 281 152 49 258 1 1 155 197 96 73 227 48 20 250 156 251 215 123 241 99 31 230 26 139 273 26 94 217 187 48 262 170 122 33 252 70 164 295 117 72 110 157 219 129 53 220 276 293 62 143 119 
38 80 157 48 52 57 246 66 162 15 299 38 87 296 46 71 43 160 286 168 12 267 18 173 64 211 0 66 84 146 15 232 110 194 277 18 46 248 151 55 154 208 234 248 96 192 184 249 68 67 97 259 282 235 254 165 277 8 291 111 197 235 24 286 259 160 62 141 66 43 79 19 115 37 152 210 64 25 189 51 114 208 118 151 70 75 204 262 233 42 297 230 230 26 68 167 272 171 53 292 
43 202 77 96 20 290 56 246 120 7 186 125 20 52 72 68 187 74 159 146 140 257 18 149 39 178 265 288 245 169 84 117 102 7 244 215 243 232 80 13 80 211 284 143 139 10 43 206 70 284 29 223 9 204 155 258 204 243 45 45 215 137 160 130 259 76 298 24 64 2 155 175 251 36 138 261 123 74 187 133 110 249 101 282 93 147 170 255 160 138 190 53 90 239 86 248 217 284 266 255 
244 288 13 291 2 146 151 123 203 145 188 17 128 178 47 266 187 162 297 38 203 238 31 50 153 84 160 59 172 136 64 296 147 22 250 235 52 98 113 88 183 69 130 297 95 70 55 141 192 70 62 243 182 247 43 90 97 223 184 187 146 263 84 18 44 213 130 273 250 275 95 141 108 41 129 282 12 290 93 121 152 102 199 76 109 98 156 250 18 120 125 260 280 25 238 50 80 84 13 46 
132 225 45 150 262 294 169 84 167 161 113 211 214 70 231 211 147 18 213 258 155 20 78 273 177 210 286 73 242 132 128 66 93 189 167 71 104 278 130 19 207 135 283 299 3 294 53 262 121 163 274 229 88 6 9 127 295 171 69 248 91 35 133 244 217 237 77 179 235 220 224 171 1 60 87 61 214 143 291 275 210 181 111 233 102 246 49 158 182 183 145 298 27 283 21 98 249 100 207 36 
226 188 0 227 44 13 290 161 120 92 236 135 119 221 148 56 161 216 90 6 247 286 187 194 225 208 49 246 221 235 5 256 94 199 100 80 221 229 70 178 200 198 112 297 44 86 125 175 196 37 28 115 150 217 84 295 202 56 271 13 288 200 35 72 259 148 2 222 75 40 161 217 71 164 107 251 236 13 162 282 284 8 23 28 14 35 6 246 245 217 13 223 267 106 41 276 84 139 248 121 
271 207 173 198 228 298 277 259 239 28 64 225 140 242 199 162 116 233 275 11 118 127 293 172 29 197 187 3 238 89 12 173 233 149 168 197 72 160 274 218 118 226 149 239 21 226 248 169 159 193 225 78 127 28 65 191 103 114 282 19 264 93 36 185 108 18 120 242 143 119 286 160 101 256 286 78 123 228 126 205 136 265 174 14 282 182 16 218 241 188 252 234 247 291 226 294 100 223 59 12 
88 54 98 157 199 0 260 180 185 260 122 194 162 56 257 213 235 156 293 255 154 147 39 49 142 200 53 281 7 171 92 176 232 190 192 280 153 165 1 174 51 147 158 31 246 71 253 117 111 231 218 279 74 248 165 152 186 182 221 87 278 194 107 222 102 29 185 207 127 23 259 240 174 288 219 214 220 5 132 159 246 266 70 266 31 6 172 215 146 212 266 299 60 89 111 258 271 253 26 184 
204 70 265 141 46 131 226 145 203 218 37 54 111 29 297 163 134 269 114 297 207 43 124 68 51 178 126 208 146 154 129 160 196 267 230 167 134 233 129 293 44 99 232 140 154 205 15 124 294 42 197 111 153 37 63 249 243 48 223 288 16 170 208 287 40 270 52 188 179 265 146 266 110 162 229 240 233 184 268 299 105 28 172 289 279 269 15 35 17 176 254 229 137 283 73 20 192 57 74 97 
297 39 59 175 130 118 56 197 73 72 100 49 255 123 7 51 86 28 12 22 281 4 55 152 76 53 170 85 3 110 256 174 175 148 218 66 187 172 121 40 81 85 292 98 221 152 22 69 185 8 186 274 62 235 143 197 105 50 142 44 178 264 106 282 109 231 34 89 258 190 217 253 231 250 182 9 106 1 249 67 257 187 34 227 148 233 184 156 274 128 265 62 16 188 16 75 36 0 55 165 
6 167 50 3 207 39 15 152 4 185 104 156 261 189 50 216 185 123 159 140 268 210 179 139 170 77 158 55 200 15 193 50 24 27 145 48 70 236 232 225 60 77 51 169 126 240 163 86 238 92 169 283 18 73 292 247 51 219 156 215 252 117 24 235 156 19 207 262 52 170 103 37 153 251 170 190 223 190 34 213 202 188 256 203 126 164 76 193 96 66 82 267 85 121 260 218 41 58 222 174 
256 112 202 64 144 170 225 91 33 191 253 45 91 156 286 237 100 115 235 154 33 199 20 107 130 188 173 229 72 248 96 232 31 282 67 250 256 194 293 228 108 109 82 298 113 131 269 113 125 298 141 47 109 157 243 86 160 289 7 105 204 294 179 72 164 277 200 278 67 80 200 144 107 158 176 159 233 81 231 206 25 298 262 17 233 76 65 142 23 276 134 118 178 291 73 113 184 36 204 66 
181 43 223 4 299 226 23 86 171 67 14 150 299 14 34 187 136 21 124 297 106 277 126 76 293 31 96 197 158 211 246 236 223 227 255 292 291 147 246 205 206 144 144 59 119 18 57 48 275 215 166 296 137 233 256 290 74 135 146 86 95 202 160 213 213 105 34 244 232 103 167 45 75 228 228 206 31 299 132 291 261 278 225 67 85 195 158 241 205 182 238 125 147 82 245 156 158 44 186 16 
210 181 37 5 169 68 22 215 189 152 21 13 199 195 179 293 62 27 169 282 253 48 236 50 37 238 233 199 123 40 214 84 156 186 276 91 173 267 30 262 253 22 258 246 249 205 194 180 147 102 58 230 251 273 220 12 262 135 120 8 131 18 137 111 174 197 0 237 263 293 140 10 192 27 137 58 162 80 281 246 101 207 224 180 150 86 50 253 261 84 2 221 195 293 29 246 173 106 61 256 
234 278 20 45 281 33 256 57 47 121 68 36 88 38 34 223 27 250 238 199 247 5 7 176 218 181 273 193 109 149 171 192 278 79 58 233 137 219 42 250 203 119 162 178 279 140 186 190 285 54 176 295 71 230 64 85 297 222 37 4 69 7 183 293 208 147 218 299 148 6 18 182 87 298 25 187 254 132 43 282 281 144 140 9 262 4 63 230 216 53 137 22 190 275 171 111 260 99 52 151 
13 125 182 269 178 74 164 133 66 278 269 167 230 34 255 193 87 182 65 290 18 205 105 177 111 121 52 233 261 173 25 152 69 56 221 27 249 292 35 102 143 122 59 85 173 64 259 218 187 232 259 188 268 103 57 115 13 230 35 184 164 143 51 183 195 156 127 212 127 127 279 203 252 153 239 180 274 201 273 9 146 131 235 177 57 202 257 105 84 293 30 60 44 173 59 117 76 155 156 148 
133 212 114 264 102 70 204 295 152 41 6 14 251 170 15 17 266 82 81 135 219 18 215 189 34 189 30 104 208 36 228 262 275 41 13 133 8 150 146 16 220 240 240 129 267 17 153 272 234 287 62 76 255 154 196 107 90 145 22 153 154 120 199 151 220 8 160 141 227 84 222 125 113 251 13 106 265 285 271 5 122 22 238 26 267 128 215 249 127 125 149 127 290 245 285 215 293 65 192 178 
191 4 154 246 56 120 144 17 122 197 252 53 117 122 238 263 107 148 243 125 50 139 234 240 265 222 175 158 41 90 191 150 267 154 231 237 0 58 196 185 89 289 147 121 165 111 71 120 101 31 120 141 254 293 153 26 35 111 283 119 37 261 91 218 203 195 77 293 186 130 155 287 195 10 274 115 195 82 28 285 279 140 249 146 224 154 161 106 95 113 294 144 144 14 106 126 84 226 277 77 
78 238 84 223 204 282 216 147 101 150 44 198 13 215 100 287 3 51 200 220 282 143 89 207 215 211 234 209 70 227 149 58 299 73 31 241 91 180 53 167 267 195 13 150 252 108 276 86 128 7 57 128 208 161 82 229 294 282 154 253 260 223 179 240 126 224 192 145 237 113 265 121 96 190 70 222 248 84 9 97 86 206 268 277 24 104 287 226 16 279 61 196 95 49 117 231 198 170 79 58 
197 279 0 134 153 238 34 78 228 82 268 46 62 228 289 100 286 87 215 21 205 152 69 299 291 253 213 6 40 123 184 57 0 113 35 263 158 99 175 206 128 59 115 63 160 250 284 86 31 270 9 40 147 111 1 38 235 228 282 115 103 155 219 6 281 200 112 97 22 101 144 10 126 177 51 76 211 171 141 237 131 26 283 77 11 263 33 80 223 77 103 204 64 267 208 185 253 130 76 171 
13 229 273 114 268 47 172 191 268 24 225 181 265 270 276 229 164 73 257 243 260 248 90 30 255 18 160 266 132 113 35 115 224 230 46 97 146 54 239 210 274 231 118 264 122 298 64 168 192 103 13 265 290 169 222 113 231 1 161 36 277 197 130 67 107 81 159 92 57 32 14 75 66 151 17 16 297 146 219 193 107 44 57 139 128 77 75 180 272 162 120 137 252 76 67 297 233 285 228 115 
72 292 59 296 135 61 103 258 59 3 49 250 278 245 25 273 35 87 293 261 183 51 258 299 298 160 52 150 167 74 114 270 272 222 296 21 198 7 102 194 19 128 190 213 65 88 274 167 142 264 284 122 260 140 177 235 227 165 87 237 196 108 27 217 9 223 287 268 94 192 164 84 226 130 14 231 219 12 38 36 290 143 224 296 186 131 163 248 62 53 210 108 269 8 96 263 74 138 154 224 
89 216 244 4 272 260 57 220 213 153 66 186 259 244 118 223 206 54 251 92 96 66 92 181 186 125 298 41 204 291 219 44 36 139 253 117 288 146 219 0 78 276 231 107 204 259 272 79 252 136 256 41 165 23 297 209 142 235 87 199 238 82 273 89 13 18 49 145 47 100 37 195 39 4 143 240 17 33 223 39 215 194 280 256 44 21 260 120 253 247 9 177 25 292 100 23 192 137 139 154 
228 139 73 296 239 225 204 185 103 13 276 89 275 11 270 85 49 103 147 6 229 92 182 227 157 244 156 110 64 106 47 205 184 294 296 68 183 120 129 121 138 131 165 75 273 295 22 28 273 221 289 299 199 66 248 129 61 275 57 53 214 67 141 105 10 109 135 175 31 132 109 222 105 296 260 22 37 19 284 5 80 139 218 298 190 94 226 10 73 164 23 294 82 87 145 120 207 237 152 121 
202 265 62 106 161 91 127 117 254 277 16 255 273 170 194 176 212 27 119 19 74 35 34 71 35 163 27 232 219 77 113 78 136 220 79 218 6 16 132 290 33 36 262 140 233 165 114 173 237 245 81 160 48 192 142 165 293 217 39 10 125 273 209 53 135 87 4 286 43 112 273 3 9 13 250 238 111 293 136 65 226 88 111 253 286 84 227 223 137 240 281 78 286 246 200 191 20 93 129 125 
84 66 148 290 275 26 120 181 136 97 221 200 263 93 193 41 189 102 202 99 239 241 237 112 129 195 245 76 274 251 62 105 18 278 52 53 79 186 297 223 176 65 61 25 159 259 159 218 64 218 145 79 290 298 139 108 59 200 238 192 231 275 159 244 273 89 149 132 60 233 55 103 270 197 213 162 246 11 57 34 24 149 169 289 11 46 68 13 23 181 266 191 155 36 92 187 180 121 131 5 
82 136 47 44 2 6 267 233 82 36 152 154 25 186 51 155 242 85 86 96 6 75 53 132 299 70 117 226 184 9 158 183 66 254 146 127 262 15 245 163 12 214 186 102 262 270 265 74 118 276 107 113 135 93 187 77 71 106 38 277 232 94 122 181 124 247 138 16 211 124 33 147 211 257 24 49 272 15 189 181 127 270 257 140 275 192 88 288 106 235 40 71 281 234 15 184 191 100 261 63 
156 182 153 287 141 270 74 257 130 119 294 14 118 219 214 69 270 274 109 266 60 110 57 166 62 96 93 116 260 160 162 271 107 243 24 81 18 120 265 240 220 285 19 211 63 68 5 15 67 86 168 14 151 209 175 32 13 292 113 200 147 199 44 134 248 14 162 270 223 299 235 299 36 2 38 117 221 220 201 47 155 285 82 206 281 110 24 198 111 279 93 198 159 258 289 294 8 4 50 94 
88 232 278 18 140 261 86 44 281 243 228 185 129 9 135 216 14 81 54 108 142 224 154 276 128 32 128 148 50 7 106 197 172 102 164 173 40 106 135 208 218 233 93 169 194 5 276 293 103 288 95 97 266 107 285 99 243 113 209 80 284 294 177 295 56 253 183 87 181 153 53 60 133 147 116 195 193 97 183 85 59 189 129 251 282 21 0 107 284 189 60 193 23 214 143 171 179 262 6 141 
19 135 40 294 17 168 1 139 279 126 238 44 120 107 215 208 299 101 185 140 18 245 161 13 189 290 284 46 274 28 53 67 13 127 28 264 151 245 268 4 244 71 20 226 71 23 165 161 65 227 255 174 74 220 104 146 278 162 245 276 224 183 223 285 31 114 185 35 11 117 17 7 187 92 204 290 234 116 238 22 166 92 25 224 3 91 201 157 94 46 68 57 10 115 238 267 251 27 276 203 
288 120 268 124 12 229 204 130 113 222 12 90 69 167 177 171 246 21 108 162 280 135 130 17 200 81 61 37 254 210 27 271 107 150 254 79 204 199 159 44 140 10 42 183 240 232 222 71 3 238 201 296 84 36 7 87 53 292 144 238 99 83 3 277 243 4 21 51 15 130 213 100 65 274 36 39 92 248 140 212 29 66 37 117 235 165 140 8 18 125 284 239 148 79 133 295 165 197 202 106 
41 192 270 204 39 104 151 115 108 53 39 254 4 122 218 263 297 151 167 149 202 151 259 288 173 209 75 102 64 13 10 162 284 71 170 163 128 152 89 191 181 298 99 292 102 253 270 99 209 33 62 287 170 202 66 25 187 93 123 114 25 29 207 92 255 162 153 152 224 97 71 163 210 8 260 191 180 31 259 73 220 263 59 1 277 202 217 106 210 132 67 146 188 148 71 20 136 74 287 88 
181 79 233 14 268 57 262 224 61 293 239 285 13 70 32 174 36 276 241 74 133 73 33 288 216 270 60 89 51 289 208 119 136 166 96 118 134 296 81 156 218 2 244 22 153 129 48 121 215 39 276 94 225 268 108 26 129 224 20 1 202 273 20 201 56 259 22 61 197 185 121 234 286 82 92 162 107 192 275 167 41 235 283 282 93 21 15 89 209 297 174 102 290 134 256 153 162 213 265 256 
185 33 287 169 87 21 114 263 20 124 12 36 66 37 3 242 254 45 208 141 189 173 130 133 98 90 114 273 1 248 187 31 201 191 281 272 5 232 26 274 72 131 93 256 163 180 59 198 196 264 174 146 164 132 107 250 11 40 27 119 43 281 270 137 86 87 141 64 277 59 224 27 122 236 249 291 0 224 254 190 82 44 197 107 184 179 147 29 224 193 160 260 148 87 77 176 259 66 233 265 
199 272 188 41 66 268 176 40 64 94 78 249 16 135 61 98 57 218 137 101 239 234 176 64 1 270 219 270 209 11 59 299 90 237 214 94 246 105 38 276 136 9 66 224 275 60 250 25 248 243 277 84 196 232 234 2 78 162 26 128 235 286 117 25 163 213 78 8 271 102 196 39 120 281 70 51 147 123 13 137 213 112 56 144 12 163 132 152 78 60 105 214 142 168 273 177 17 156 72 64 
296 223 276 5 43 18 158 218 87 73 264 246 131 44 172 74 279 113 229 56 290 216 284 207 178 244 258 217 277 183 240 30 247 13 239 154 57 57 14 100 164 1 248 203 238 187 42 14 192 284 16 131 61 248 35 13 26 178 232 18 27 105 38 22 292 95 9 69 139 261 2 159 17 180 181 134 132 250 198 27 156 87 219 261 64 34 82 182 115 115 127 284 70 195 175 79 172 102 279 3 
89 259 238 177 195 256 272 25 294 236 121 131 50 111 161 234 127 181 165 223 280 174 235 26 106 187 169 262 3 212 135 180 62 233 18 219 218 59 63 273 203 77 241 224 159 291 98 273 133 257 172 100 162 123 116 290 289 143 262 216 208 215 35 224 107 270 54 177 49 293 100 74 289 166 104 63 11 171 86 139 294 291 140 125 144 6 262 290 128 23 104 38 184 147 165 99 95 243 142 154 
56 40 290 163 276 58 136 24 205 75 9 164 143 6 87 165 115 212 65 279 162 41 165 179 234 86 147 69 255 258 159 180 85 298 272 10 13 1 83 66 149 140 56 80 72 91 182 274 106 40 81 113 80 15 63 246 3 90 232 1 175 182 263 69 217 170 20 21 4 8 135 239 92 177 9 259 228 56 142 126 22 238 298 16 1 85 100 126 110 94 104 36 30 43 164 218 179 277 273 141 
276 250 102 9 222 247 121 105 284 11 33 182 7 263 205 115 299 85 55 0 80 147 79 82 121 30 84 251 69 246 167 82 150 295 7 297 202 16 9 29 36 60 237 186 280 214 288 144 70 149 196 164 249 40 108 115 39 26 165 72 91 185 138 60 269 104 90 243 237 234 219 76 235 233 285 173 34 140 100 269 239 268 135 170 88 209 137 150 100 143 93 272 62 247 122 127 134 0 3 43 
103 261 133 30 161 124 88 161 268 63 126 195 150 131 136 218 46 70 249 205 78 190 74 168 66 26 87 6 269 235 186 240 18 99 197 43 215 288 144 224 259 121 49 293 238 253 175 267 210 216 289 266 167 133 227 257 98 269 33 22 121 89 259 103 9 98 157 171 89 106 196 187 218 193 184 145 0 178 48 94 145 218 267 226 223 239 220 56 26 57 224 171 298 203 154 53 106 118 223 237 
266 289 204 194 270 108 49 161 52 142 231 27 118 225 160 209 23 261 5 240 28 224 124 53 129 80 291 160 186 129 41 38 251 141 276 13 111 133 255 59 68 282 216 182 174 32 112 79 203 89 282 0 217 145 33 99 34 217 202 216 92 149 50 38 107 298 204 59 208 116 149 125 83 89 243 163 64 175 0 203 254 2 99 279 120 276 244 183 24 204 236 103 249 73 26 5 159 289 296 73 
42 154 177 47 19 155 169 57 14 74 194 50 92 209 220 78 99 14 151 79 100 163 191 251 284 74 77 211 283 33 204 279 28 182 50 155 21 265 132 42 21 190 103 260 195 148 261 245 158 38 84 232 289 278 112 213 66 67 207 163 14 19 136 21 59 84 208 175 28 62 121 244 191 30 232 41 288 118 150 188 78 268 33 22 240 155 164 161 138 284 288 271 212 90 244 163 266 20 263 41 
268 222 273 212 172 210 52 141 198 12 264 195 111 273 256 165 93 0 290 219 85 129 156 217 294 222 65 89 258 31 256 119 127 14 39 181 83 95 198 271 267 284 265 109 284 196 112 216 179 13 281 299 263 291 183 82 236 115 17 170 114 132 25 218 147 133 54 205 121 291 208 21 199 17 294 163 130 293 288 32 219 88 283 264 39 29 269 190 1 202 166 295 155 220 275 9 260 71 68 26 
54 253 181 177 55 23 244 174 292 101 142 205 124 147 287 0 250 255 115 292 46 174 162 208 109 1 146 174 127 149 180 105 257 142 17 96 251 75 221 275 183 262 193 99 299 173 64 77 75 154 119 153 283 183 271 273 79 61 175 191 159 246 106 254 214 100 83 74 30 240 183 25 94 171 93 114 235 147 272 284 271 289 183 234 146 78 71 205 274 196 96 181 198 74 241 209 114 50 277 174 
57 146 1 35 54 161 262 118 217 140 282 100 129 136 33 133 234 70 96 42 77 12 211 128 69 201 67 122 57 221 62 66 219 249 294 64 167 246 184 250 52 220 282 23 218 252 71 118 161 27 221 138 13 131 154 192 94 128 111 0 14 24 135 84 133 238 168 97 244 17 275 187 273 219 8 199 214 132 87 131 172 17 142 202 13 17 291 165 185 114 150 37 130 279 90 237 166 57 6 234 
38 79 151 273 36 226 244 33 100 188 179 246 198 201 166 30 182 76 253 178 242 116 78 211 92 118 20 69 183 12 244 267 72 110 292 224 52 228 259 149 264 209 174 9 228 66 123 270 168 298 71 64 288 249 268 154 61 122 185 91 200 109 198 267 115 40 147 124 26 238 67 87 272 94 28 298 277 297 84 157 22 114 275 159 7 257 80 188 137 42 278 189 260 279 0 0 38 5 26 260 
153 98 269 279 293 87 232 2 50 5 241 148 105 133 292 171 272 248 19 284 127 82 21 13 96 179 298 244 158 19 274 225 250 46 45 4 210 245 180 272 274 262 199 215 252 78 18 108 47 123 175 201 215 151 139 88 299 263 156 68 295 212 136 47 92 82 292 199 237 134 59 134 2 104 212 186 104 113 145 249 219 9 217 116 91 8 53 38 182 181 286 60 44 88 19 122 248 161 88 252 
270 201 157 14 278 160 85 277 44 118 265 43 233 98 234 61 116 85 18 59 52 109 117 159 141 229 266 218 5 274 95 239 242 3 263 245 101 289 2 220 29 114 2 110 256 75 161 156 65 231 185 250 2 286 123 95 132 65 219 238 113 72 56 120 161 142 59 191 28 7 200 270 22 136 281 170 117 55 81 104 43 269 276 181 288 144 1 146 98 36 81 156 241 28 162 242 274 197 66 292 
42 163 161 200 228 129 188 51 163 110 296 163 141 67 206 154 117 243 156 13 66 92 291 282 51 152 291 142 6 160 100 183 48 264 119 170 191 215 180 276 171 213 121 143 249 274 127 146 225 8 46 16 298 95 55 261 199 176 98 5 84 136 214 46 141 182 288 60 198 264 10 115 205 58 55 109 267 80 86 133 137 222 113 195 70 220 40 76 292 194 123 72 113 136 218 223 10 114 66 69 
206 256 128 266 84 8 244 145 36 224 1 130 101 97 276 9 59 20 250 149 131 232 86 38 236 120 230 131 299 87 100 51 218 281 256 134 256 48 51 286 4 119 215 223 256 41 138 3 89 58 285 66 8 173 59 214 6 93 28 222 139 221 149 244 139 109 8 159 27 28 188 58 258 59 245 262 267 187 189 278 251 274 77 220 270 198 194 235 46 170 26 19 27 265 95 173 152 288 2 152 
118 91 83 135 63 215 265 208 86 35 96 51 113 188 94 7 189 45 27 86 226 211 66 180 174 30 61 186 246 208 52 227 152 78 145 82 287 203 88 253 292 171 43 297 289 101 33 159 198 120 142 275 215 189 26 267 57 156 291 147 49 275 104 166 267 151 164 179 140 284 22 192 185 253 198 71 156 220 56 276 281 19 71 226 63 119 181 145 271 107 209 7 232 36 241 122 31 8 217 97 
73 297 244 27 226 192 141 220 141 265 292 297 217 1 231 186 290 129 239 182 37 80 55 271 4 52 171 287 133 105 92 226 212 291 292 260 99 33 172 141 142 205 138 163 7 186 284 153 59 91 8 282 102 198 217 263 52 162 206 184 253 292 162 72 122 28 175 264 75 210 3 218 27 215 84 18 211 22 111 113 71 58 92 252 167 214 235 63 65 46 90 211 262 215 181 64 42 150 98 147 
155 25 231 91 245 283 260 210 244 86 109 103 38 57 63 270 192 202 194 167 78 0 131 66 89 182 287 186 152 73 296 289 191 2 166 116 148 210 20 23 178 49 220 83 75 297 125 250 28 209 132 259 96 297 137 118 17 59 230 238 274 127 108 5 129 264 169 136 295 275 158 76 46 43 6 196 74 61 214 109 48 0 198 42 266 120 180 39 291 80 212 39 2 186 136 181 140 127 285 248 
287 66 229 295 4 265 142 8 33 81 66 266 283 173 61 141 9 198 269 5 10 201 252 235 4 137 247 103 50 35 268 105 99 252 53 70 127 34 251 69 157 97 214 79 290 187 135 232 21 237 170 191 199 276 246 248 289 9 41 164 44 129 228 140 180 44 285 266 220 2 11 216 160 262 156 6 48 194 222 11 37 291 256 214 206 51 277 95 109 145 118 291 61 40 187 212 85 34 279 14 
142 81 241 141 62 75 94 44 194 110 201 161 266 88 264 59 34 137 75 44 19 197 141 18 2 132 19 196 211 258 86 152 178 44 13 20 191 76 122 93 56 244 99 120 91 202 260 144 247 39 87 178 51 297 177 75 122 29 275 287 62 61 90 218 67 94 115 48 214 290 206 121 149 136 298 242 105 287 46 29 199 20 241 275 111 90 251 268 202 116 58 34 281 70 108 189 110 92 283 279 
39 212 272 0 117 248 125 236 103 107 53 40 99 108 13 225 176 95 260 71 145 105 190 109 21 154 122 41 295 29 169 279 251 186 50 105 262 210 188 198 94 68 212 7 82 259 132 241 101 113 132 93 280 138 2 32 241 127 13 158 269 125 173 5 106 1 199 49 201 109 15 244 122 228 257 63 74 222 204 23 112 286 291 13 91 153 146 10 42 84 61 92 201 160 80 101 67 223 211 113 
21 98 278 73 6 250 47 12 155 176 54 191 9 205 198 85 153 177 154 273 127 226 279 294 286 143 52 126 239 199 277 246 188 52 269 142 175 211 46 94 66 93 254 48 269 235 175 191 34 138 6 3 281 271 177 125 109 213 6 234 201 214 23 7 66 279 192 259 28 66 82 17 271 174 229 23 40 190 280 188 192 57 35 233 256 46 133 146 45 98 171 255 238 206 168 151 208 279 3 184 
10 47 179 128 157 82 81 225 277 157 299 68 72 249 283 51 83 255 21 286 227 27 225 14 178 18 236 137 22 149 106 133 0 198 297 109 137 173 64 219 145 240 122 163 81 291 179 64 62 283 119 180 147 155 298 119 252 43 180 298 143 48 86 138 91 144 60 278 10 200 180 292 247 83 267 0 281 285 35 234 39 88 65 99 116 62 64 229 4 47 118 66 228 92 177 86 110 16 160 124 
137 210 215 147 296 179 88 252 56 102 244 239 163 249 133 14 106 129 85 94 147 212 203 113 124 230 165 118 98 195 149 238 101 111 168 175 175 164 236 256 19 67 212 216 161 279 94 170 283 159 100 148 105 162 19 210 240 37 48 94 131 135 184 150 143 40 186 53 145 248 127 218 170 1 165 281 62 108 52 47 60 20 201 44 5 0 83 35 167 149 140 262 196 75 151 122 163 60 171 213 
106 61 177 18 100 225 241 10 141 211 143 93 152 40 260 258 120 106 41 66 30 231 107 85 18 224 204 91 212 163 102 139 129 270 234 70 58 183 130 294 8 141 71 195 57 244 64 114 293 140 243 252 37 10 95 85 64 76 157 293 207 173 175 99 199 292 110 224 183 281 267 246 87 93 200 242 67 215 151 127 241 107 167 281 191 206 299 200 75 65 132 268 147 103 202 284 103 118 221 34 
72 189 8 267 104 75 66 27 163 134 209 30 192 122 227 72 48 268 163 23 166 74 7 127 61 164 75 103 102 220 75 58 112 102 220 38 60 275 233 76 53 108 4 244 177 277 266 187 26 75 246 66 26 92 268 52 100 129 106 88 67 214 152 188 148 213 121 70 134 258 233 289 264 173 121 239 169 244 159 52 130 63 58 261 251 293 26 125 173 297 88 219 275 129 92 290 216 41 178 18 
3 299 163 268 16 293 160 175 283 108 252 200 127 200 290 191 244 157 61 131 79 228 191 100 109 268 208 227 39 98 39 293 298 186 217 251 291 293 169 234 140 228 116 263 135 83 282 197 114 10 285 194 139 146 40 186 230 215 202 38 270 196 237 128 277 284 24 180 118 128 113 110 267 13 295 48 166 299 191 135 248 158 109 42 169 136 8 287 202 267 84 160 280 104 250 275 80 72 145 129 
128 78 238 93 69 278 125 129 57 1 19 17 103 184 43 234 272 209 149 229 196 95 56 237 2 21 75 170 88 2 270 282 267 120 206 285 253 151 78 148 0 67 287 175 178 249 95 103 9 73 233 229 161 219 260 212 23 8 224 237 185 11 261 89 75 293 95 278 172 208 58 254 146 39 299 157 14 23 207 153 99 197 78 154 284 100 62 139 156 51 22 87 98 242 105 237 185 61 67 150 
250 102 69 131 35 53 272 102 222 192 16 56 119 212 254 126 26 181 200 164 37 68 247 117 28 51 93 281 17 221 129 267 18 292 12 131 233 103 240 199 127 52 198 152 68 6 44 51 123 78 241 12 93 271 56 212 250 107 47 282 150 92 204 79 81 191 253 278 62 251 253 192 289 210 290 152 71 104 11 227 49 92 85 7 140 62 158 205 245 289 254 204 21 94 202 88 286 181 225 63 
34 49 109 77 75 282 226 206 76 248 173 164 123 61 264 77 255 179 140 255 168 153 66 147 21 4 246 55 286 296 129 219 186 11 222 5 130 132 111 64 154 153 25 130 135 76 142 286 270 18 9 5 252 35 135 210 135 97 172 19 176 12 59 142 145 215 155 178 69 201 14 79 134 84 15 279 214 266 151 1 141 265 19 250 165 16 81 3 171 5 168 82 157 47 281 236 197 297 151 118 
185 44 33 111 103 279 71 17 235 73 87 227 178 242 105 239 18 287 184 32 128 160 38 90 205 267 189 73 215 91 276 134 41 189 2 251 138 261 269 206 207 288 242 4 288 260 255 208 232 253 60 42 294 51 198 280 3 252 277 260 201 155 169 22 110 212 152 196 206 287 69 224 253 207 80 8 33 96 33 113 62 193 94 184 182 33 284 76 171 20 140 178 143 248 190 130 272 34 147 283 
