283 152 40 262 266 237 141 294 165 84 134 193 221 45 148 65 255 49 186 272 61 249 294 182 233 97 189 6 5 181 144 207 135 254 193 197 267 104 236 265 36 18 15 101 76 143 116 273 167 228 253 237 84 138 49 92 12 125 17 140 79 97 89 183 105 216 104 257 83 280 273 243 202 82 20 64 87 67 152 266 40 242 75 51 114 111 15 292 167 26 141 194 42 27 267 131 296 281 130 271 
89 0 294 104 296 107 77 186 267 37 86 256 259 136 182 187 26 196 160 128 58 177 46 35 189 131 222 53 105 89 105 87 30 220 1 160 5 222 99 61 104 154 173 194 63 113 84 169 237 233 224 278 232 21 234 113 129 150 226 83 183 177 151 173 161 101 32 26 274 113 144 296 21 165 72 102 17 73 7 208 107 11 7 59 65 159 90 198 9 167 187 125 39 176 98 116 11 250 222 288 
275 66 190 222 287 122 173 134 277 9 29 170 231 289 213 190 191 121 183 247 150 11 210 289 272 274 268 194 248 119 138 0 299 89 127 24 277 230 63 119 86 112 5 237 218 44 242 165 28 133 27 4 212 220 265 54 243 27 24 197 47 240 214 19 230 88 297 70 140 0 30 253 81 230 279 82 11 94 127 6 224 183 256 297 66 16 57 167 64 216 214 74 92 222 217 109 78 133 54 51 
31 188 26 200 189 43 170 93 299 105 66 78 284 49 80 78 221 27 223 177 106 116 102 93 40 84 111 265 40 151 240 9 279 298 171 32 259 224 252 50 141 153 157 213 299 109 33 282 292 159 161 108 34 132 68 37 155 191 192 157 7 299 274 274 224 43 181 120 167 77 44 80 174 124 62 147 23 202 126 230 272 66 109 148 99 295 40 52 244 254 256 187 124 196 91 95 141 282 240 5 
144 60 18 169 74 184 79 52 161 125 151 134 92 248 62 292 146 33 230 192 84 125 199 296 230 222 145 240 151 52 264 235 246 235 223 251 220 144 99 3 183 241 20 254 89 143 19 238 142 134 194 206 262 204 114 260 51 18 203 65 109 231 133 90 286 85 61 283 4 257 17 146 145 202 257 106 279 41 14 184 112 115 44 94 271 104 27 126 107 119 249 146 152 81 127 21 36 126 81 240 
192 258 159 227 159 160 238 57 45 273 206 167 39 87 136 107 47 12 231 12 240 157 47 110 151 174 27 18 87 67 283 120 285 91 48 198 295 128 19 265 116 16 159 195 197 91 211 151 297 228 15 236 15 224 13 138 55 225 175 271 160 143 80 237 98 113 44 81 152 45 104 100 27 57 233 207 147 25 223 284 237 197 237 287 258 109 43 266 52 226 117 141 263 286 202 193 281 122 199 235 
212 12 217 127 19 96 288 253 179 19 278 219 156 278 251 225 49 291 18 114 269 49 27 92 226 57 195 110 62 101 37 283 87 124 94 125 107 177 216 11 269 33 94 288 50 235 11 246 228 182 196 290 78 279 47 192 212 211 253 228 274 3 110 26 143 105 288 128 16 157 173 170 120 49 141 175 59 285 271 13 54 187 290 153 21 110 184 276 163 28 54 45 25 198 6 96 237 43 65 90 
241 235 251 218 25 49 269 252 125 183 218 64 15 37 25 284 15 217 245 85 120 189 88 72 230 101 42 197 220 283 178 152 155 192 207 11 168 241 248 174 135 165 299 169 220 197 143 151 87 113 100 163 110 265 233 212 177 168 236 168 293 100 192 174 202 14 291 112 188 227 225 54 47 280 136 169 273 117 134 74 266 0 288 290 286 288 144 118 132 204 69 219 23 266 89 268 233 7 160 187 
149 5 32 256 129 251 240 175 229 187 204 25 159 13 45 82 91 123 293 130 229 288 226 64 228 78 167 34 177 151 199 102 76 2 249 264 86 282 295 205 37 82 111 63 180 209 139 123 294 257 4 143 12 80 85 116 52 95 37 291 65 32 58 94 213 207 104 113 202 21 181 205 204 211 222 202 181 115 170 136 218 110 277 171 166 185 28 63 264 137 263 12 6 224 255 138 95 31 145 229 
196 197 110 165 27 9 192 240 92 107 206 282 144 94 36 244 18 50 166 260 188 156 288 57 279 7 40 144 119 54 264 18 233 177 94 275 125 204 223 162 78 237 279 121 80 18 45 19 133 203 42 233 7 61 6 270 109 271 295 126 68 48 105 13 48 14 178 59 43 89 198 176 86 206 153 85 21 217 192 32 19 249 202 8 262 191 192 283 92 290 199 34 83 246 292 30 150 266 68 119 
185 83 53 237 161 221 293 210 20 55 241 211 187 203 253 186 48 147 270 115 95 75 232 86 264 207 233 69 59 107 241 250 274 234 200 226 198 70 225 299 156 25 241 136 162 261 271 99 154 56 248 272 131 23 6 174 166 291 153 53 66 253 6 191 295 150 107 140 191 186 178 293 130 178 290 102 35 295 228 87 60 274 214 8 83 137 297 56 69 147 122 92 36 166 201 79 287 36 87 197 
144 212 113 172 201 167 270 30 179 58 264 189 133 253 173 4 212 233 85 263 146 86 294 148 208 52 64 226 115 23 66 133 206 136 157 148 18 62 71 92 102 109 183 50 265 274 179 223 281 239 142 290 257 252 107 234 94 131 101 208 134 171 25 142 261 127 197 173 89 41 143 180 287 57 189 50 9 108 233 51 63 60 276 110 289 78 79 217 20 297 214 8 157 169 256 299 36 96 263 266 
9 100 276 70 26 221 286 241 37 259 88 22 141 215 95 159 215 27 12 123 276 192 6 279 51 0 204 235 32 163 6 285 2 65 248 61 285 229 74 75 216 192 78 161 100 233 3 12 239 259 256 90 98 167 176 242 13 108 291 299 156 233 117 288 145 294 50 271 1 257 290 108 267 130 185 144 104 284 41 283 48 59 10 279 163 223 94 287 91 34 95 95 25 49 82 172 10 238 53 70 
20 226 296 267 102 293 207 103 120 191 75 150 258 110 122 270 255 131 291 42 128 9 34 146 26 203 288 104 221 274 151 215 266 31 225 113 192 298 26 286 193 279 142 266 274 152 224 99 29 279 131 241 189 29 282 262 24 63 187 186 160 9 111 49 263 116 10 282 165 152 36 128 170 226 79 151 60 57 191 150 49 199 278 182 229 87 162 173 123 78 163 24 74 179 189 138 46 2 145 74 
170 227 19 286 44 283 285 197 167 158 158 198 57 68 228 203 97 266 74 192 66 71 100 127 289 44 189 96 191 220 28 261 219 224 134 4 46 214 291 196 208 114 130 68 30 173 110 78 161 46 238 91 206 47 78 7 97 33 227 160 247 146 150 86 175 234 157 74 281 263 31 279 14 182 236 108 287 247 150 183 284 36 53 290 234 285 114 212 212 161 172 286 206 5 106 226 163 113 148 148 
29 215 68 279 46 177 84 18 290 201 173 132 250 102 105 165 83 45 186 226 267 45 106 218 163 228 290 197 62 245 247 157 9 238 98 232 220 211 98 214 71 223 7 107 36 247 293 243 128 199 7 172 161 223 194 116 223 159 225 251 177 43 278 27 282 38 148 146 207 256 251 203 39 13 141 62 274 260 230 173 182 28 222 107 75 237 53 131 265 222 67 108 104 278 213 96 83 105 48 29 
103 281 265 279 78 284 165 219 55 95 14 223 201 95 141 59 88 183 277 96 274 150 72 291 162 219 8 193 21 206 189 160 265 181 245 152 243 59 169 39 192 135 222 81 12 68 106 192 30 219 111 135 77 290 296 30 59 28 232 165 43 18 299 288 205 12 144 19 163 138 271 113 92 188 50 287 119 68 159 274 293 203 52 188 44 299 159 119 296 32 71 114 106 63 167 66 22 263 265 68 
277 70 93 79 284 263 111 268 0 286 174 72 290 83 143 51 44 243 14 195 65 44 226 158 9 175 183 15 77 177 91 166 162 209 186 267 220 255 59 237 36 98 190 64 293 101 207 71 95 73 11 126 113 150 182 138 121 134 36 294 254 30 156 242 137 194 70 218 143 260 107 30 254 152 279 56 29 267 54 181 153 10 103 51 113 157 237 50 54 63 114 198 192 258 211 137 27 2 292 140 
53 3 276 199 151 281 13 197 87 245 75 237 45 92 70 15 161 33 241 238 95 62 170 290 23 94 252 117 168 95 2 77 144 199 9 116 2 156 291 34 142 197 142 279 112 166 297 63 176 111 24 2 201 179 258 71 236 130 26 62 31 76 83 277 129 60 289 208 17 298 151 289 227 81 111 67 61 124 162 45 202 117 32 93 7 71 128 281 243 52 31 214 65 126 115 155 151 227 26 121 
184 2 228 16 101 148 82 280 45 39 115 45 176 106 228 220 222 241 130 92 15 10 78 259 125 236 242 68 35 203 35 21 133 244 155 140 45 211 179 188 156 258 131 121 254 259 56 207 157 37 214 215 277 215 128 43 240 114 177 140 172 48 188 125 97 244 262 125 299 144 34 73 261 41 189 163 87 22 240 34 237 283 263 164 48 4 55 192 145 72 30 195 104 23 1 109 119 99 14 35 
26 149 67 76 265 260 99 201 148 266 192 165 90 252 221 21 137 111 252 59 253 275 178 165 235 178 242 160 148 220 175 138 179 26 42 125 283 32 272 97 132 224 168 251 87 24 103 7 276 30 195 243 247 126 61 49 291 32 191 160 175 260 42 73 169 130 76 263 236 85 212 288 296 159 176 198 37 225 287 110 20 53 204 70 284 41 188 217 185 22 148 171 98 117 141 245 297 185 199 256 
119 57 95 77 51 59 4 64 259 261 252 57 17 194 188 246 132 85 197 175 28 54 125 46 153 105 134 102 290 35 224 158 101 234 61 174 66 208 256 26 46 15 138 246 5 235 65 0 262 229 130 264 281 95 118 189 53 76 243 156 97 161 248 238 125 43 146 153 1 55 88 115 293 248 89 239 277 48 273 148 255 257 153 31 103 1 107 123 254 264 98 59 226 98 281 88 76 293 254 163 
171 39 101 17 145 30 213 173 220 3 98 190 230 202 208 158 136 265 17 294 211 215 285 62 272 46 117 287 78 34 89 188 253 296 45 266 77 115 283 20 75 62 274 81 84 167 226 95 84 134 258 196 261 184 198 91 23 134 131 33 262 164 151 48 210 223 257 219 82 31 169 256 145 153 84 263 184 108 211 167 8 52 288 14 11 8 188 204 61 48 14 176 33 259 209 230 199 179 118 56 
52 17 144 156 252 158 296 130 7 54 226 262 92 160 281 20 278 30 11 298 51 143 208 21 206 102 129 132 131 16 26 237 22 57 213 238 44 27 121 27 169 279 109 144 43 157 127 233 249 174 219 173 156 192 168 24 66 93 140 212 111 183 163 14 37 83 42 184 126 3 93 290 161 274 287 109 294 39 64 299 21 177 264 64 126 173 166 197 240 240 11 139 299 223 92 254 244 236 69 183 
162 191 223 238 180 32 292 192 200 31 114 112 298 185 298 44 233 85 22 67 165 132 168 113 146 72 57 46 104 167 24 190 103 22 207 113 265 99 152 62 142 284 144 189 59 25 69 90 246 293 72 220 49 299 241 141 61 99 285 202 80 8 109 135 94 288 189 173 29 230 64 27 23 210 210 166 121 230 161 244 153 52 268 58 107 120 25 165 43 163 254 82 277 168 255 80 170 113 94 263 
223 89 254 231 172 118 176 163 175 18 154 290 65 250 110 138 263 48 180 163 149 284 23 102 43 265 125 227 288 214 32 219 176 121 247 54 141 10 26 224 58 80 29 246 286 299 51 299 83 217 61 116 26 82 100 261 261 102 17 242 132 34 292 157 56 49 35 143 205 53 28 276 105 20 96 166 114 44 185 75 200 38 66 276 211 34 173 185 296 52 258 133 41 213 14 184 202 106 79 56 
97 268 94 132 169 155 168 176 263 20 129 12 197 168 146 63 67 147 282 212 79 5 76 278 44 120 123 225 130 102 297 111 40 213 188 264 234 244 90 2 209 91 180 80 191 174 161 136 79 222 84 171 219 260 163 219 128 250 53 292 265 263 247 68 83 135 190 156 31 159 268 108 221 186 248 33 177 268 195 189 91 53 213 209 267 194 179 210 173 59 194 185 3 257 183 125 165 210 61 184 
228 253 80 196 186 92 163 179 153 106 172 184 2 34 22 60 44 29 48 65 49 200 112 52 247 94 191 245 79 11 111 7 70 117 65 101 253 57 267 180 196 125 145 290 69 49 280 278 181 268 26 241 46 120 261 101 42 200 58 131 80 237 133 274 241 259 194 298 94 94 86 151 185 272 128 142 275 44 237 104 283 20 170 129 48 27 272 287 8 278 0 20 45 16 68 17 97 264 9 296 
104 74 163 91 76 104 142 114 225 197 59 230 262 11 266 159 296 290 197 55 36 241 100 188 274 137 274 156 104 126 145 175 68 97 86 21 67 23 36 16 82 244 28 236 269 176 135 61 21 208 263 69 26 16 176 79 58 251 225 199 169 188 138 219 29 259 95 117 127 179 124 193 299 79 142 90 165 291 298 236 13 141 288 181 119 203 7 241 246 102 208 69 38 67 224 111 156 285 45 70 
267 164 87 129 88 100 79 175 281 285 269 88 49 173 167 59 163 286 209 157 77 167 126 148 231 261 71 177 5 290 174 30 173 212 74 208 148 127 269 132 126 225 34 125 267 57 12 126 13 258 26 48 116 277 101 234 10 245 211 207 59 223 34 27 101 277 128 254 239 274 223 153 115 59 276 23 27 100 15 159 298 290 71 106 83 232 100 80 208 72 76 62 122 191 127 182 220 83 92 90 
111 219 201 218 169 80 142 29 13 211 121 22 221 231 86 223 121 20 143 290 103 272 167 9 27 162 70 267 202 200 212 113 1 1 243 191 52 91 82 228 268 253 120 131 291 108 148 263 266 198 194 123 43 223 210 182 58 100 63 210 94 182 163 188 276 121 209 23 67 240 139 104 156 222 21 254 96 61 65 157 11 9 269 225 220 13 102 287 294 198 222 55 117 20 253 148 290 38 271 288 
91 187 225 149 66 206 280 246 23 138 114 110 240 234 68 126 97 4 72 130 136 43 144 233 34 255 154 64 219 12 53 8 7 237 120 255 182 126 70 285 140 104 97 94 24 272 135 211 278 278 78 57 144 283 75 65 246 38 6 247 268 191 91 28 76 273 264 149 171 225 277 197 253 230 56 285 196 23 2 52 244 87 182 213 32 63 45 255 233 297 49 136 97 256 74 11 129 224 201 132 
30 211 207 131 75 68 225 163 211 147 278 236 247 265 106 17 175 118 64 27 274 40 283 180 253 182 136 79 239 61 39 272 42 21 142 22 261 47 178 108 46 101 25 145 178 290 44 23 71 48 294 261 261 284 248 131 113 269 262 30 253 100 82 9 220 282 52 292 105 241 282 239 141 32 285 241 142 254 15 153 41 282 142 220 95 28 76 109 240 282 121 257 260 5 38 51 127 254 188 179 
207 105 105 77 119 152 48 205 210 155 43 168 228 275 199 22 148 212 136 233 259 280 127 204 220 249 112 273 256 190 213 48 180 100 78 82 232 234 24 77 231 107 47 264 205 243 7 5 63 89 226 269 13 115 14 167 236 283 6 61 255 104 145 243 271 136 271 114 122 45 235 244 196 33 49 173 295 99 289 258 297 58 180 7 207 236 260 162 285 271 222 229 195 107 147 200 206 232 279 236 
54 181 119 52 134 270 32 198 19 50 49 124 142 59 160 16 169 186 131 224 282 54 62 298 272 0 163 71 14 289 166 118 151 199 63 227 149 65 148 113 248 164 7 237 1 49 132 32 182 269 170 110 220 251 160 128 140 185 257 163 201 46 97 230 27 250 138 86 52 74 213 192 15 69 199 75 14 191 254 226 122 186 5 196 194 26 182 110 240 253 205 69 147 227 130 77 50 114 62 233 
128 69 144 180 44 126 45 79 166 229 24 8 155 259 12 210 145 156 226 10 243 229 67 69 72 196 194 239 17 31 270 120 68 31 119 93 214 118 245 69 13 252 33 120 238 183 251 268 253 260 255 26 7 159 120 95 67 166 181 260 80 74 10 159 241 119 187 14 94 193 216 89 18 159 140 147 118 271 262 69 269 2 101 195 212 157 118 235 68 92 84 23 146 38 150 141 218 237 61 1 
111 60 188 67 286 262 171 205 165 237 237 139 22 194 256 157 299 31 170 25 116 206 293 149 83 16 138 83 248 102 83 176 286 22 10 18 96 18 49 149 207 184 12 216 179 57 84 287 132 144 97 124 95 21 265 194 49 163 34 21 219 73 98 268 26 80 279 211 33 125 30 69 33 117 211 129 81 190 209 267 66 228 137 245 292 60 21 82 21 291 155 39 26 90 215 73 132 256 5 170 
224 198 102 227 183 130 270 257 179 38 223 75 10 39 244 52 172 223 116 145 242 180 227 281 105 2 177 258 260 176 286 67 70 26 285 220 92 181 142 170 62 56 118 32 267 229 52 265 38 127 101 278 106 167 59 106 1 204 155 61 189 20 128 298 179 211 32 80 16 222 293 286 293 144 150 294 298 247 247 219 135 291 66 119 265 51 112 27 30 168 191 256 259 98 161 10 130 100 161 247 
173 267 276 214 177 150 75 185 150 233 296 75 182 255 158 38 296 160 160 112 215 147 56 52 199 284 124 172 248 217 189 57 165 58 24 114 226 295 282 132 200 89 114 42 72 164 229 244 267 219 129 13 125 136 86 129 161 145 41 136 128 67 33 221 156 231 283 30 291 282 289 168 212 181 299 250 5 108 26 181 69 275 89 206 264 175 185 35 121 10 151 78 275 29 75 20 67 284 219 298 
233 255 249 162 73 268 66 183 120 130 67 164 19 276 98 246 11 184 289 25 13 202 176 290 164 63 229 234 241 179 111 101 83 143 115 48 163 203 211 179 265 271 163 143 120 195 291 283 186 60 230 153 296 5 119 252 16 106 273 251 248 267 155 48 86 245 102 34 20 37 178 60 230 129 63 104 105 67 255 115 186 110 76 45 184 131 268 199 87 41 89 59 9 65 26 195 85 209 293 166 
201 146 227 204 176 107 241 240 225 156 260 259 111 223 227 230 217 225 23 48 12 260 51 81 10 52 54 290 273 28 70 22 261 234 2 105 74 121 210 143 161 150 189 255 204 193 11 240 257 118 269 7 295 136 173 182 191 64 46 197 278 105 180 287 106 2 196 180 34 64 46 44 113 6 210 262 282 66 260 42 25 279 72 168 154 284 294 226 247 2 26 167 35 56 202 213 68 45 215 32 
272 143 158 41 240 3 271 258 33 162 271 42 232 162 81 110 38 0 258 213 135 128 2 106 156 141 50 224 4 152 148 283 181 175 84 172 159 118 236 73 256 148 202 246 179 257 193 267 82 56 269 115 99 201 294 4 227 297 267 212 262 241 136 275 293 154 133 274 277 186 186 160 55 132 83 267 225 12 54 121 84 137 167 107 206 134 211 174 69 175 161 204 45 190 165 137 247 54 142 59 
159 107 183 255 111 170 136 85 220 69 62 145 220 270 124 231 252 209 203 211 185 168 176 270 182 75 73 249 224 27 18 71 92 241 72 17 8 62 291 184 4 266 159 231 211 132 44 169 119 101 39 169 113 83 53 176 56 62 210 247 111 199 260 225 189 209 213 56 5 21 235 283 74 271 207 290 45 138 163 138 148 110 140 282 233 236 230 127 280 17 246 86 269 116 174 207 85 294 283 234 
139 3 191 7 286 142 280 188 221 188 149 257 6 1 104 275 34 155 280 298 117 263 131 140 233 293 159 271 210 108 172 204 17 74 281 248 183 237 4 107 212 186 3 116 78 133 281 124 144 149 175 103 60 289 131 35 80 63 183 210 145 24 222 34 20 280 260 70 170 239 186 184 29 189 123 9 47 58 237 193 298 269 220 220 125 206 193 20 126 1 177 116 132 41 155 247 3 148 80 105 
106 293 214 179 61 160 43 166 247 293 18 198 173 11 13 34 247 258 249 63 94 59 39 256 71 87 145 121 199 111 93 57 208 6 60 200 35 107 225 117 6 245 154 174 284 116 60 101 91 18 11 247 17 69 268 96 217 223 143 150 276 16 83 297 283 46 212 278 152 219 35 198 277 286 59 178 24 71 91 77 208 48 239 282 166 208 293 106 51 164 221 183 113 55 166 134 264 110 106 263 
88 127 231 283 268 48 192 218 88 172 76 189 211 11 13 194 86 231 172 295 9 290 162 224 295 164 26 48 207 120 294 89 58 175 11 146 210 60 29 158 185 296 42 67 299 160 157 128 64 171 270 139 186 77 36 161 145 92 143 219 291 298 208 149 218 152 34 233 228 110 162 46 127 62 156 113 265 81 115 84 193 103 43 149 66 62 126 134 100 298 130 198 221 124 0 282 201 188 92 58 
201 212 35 181 265 170 280 160 24 49 244 14 108 283 152 211 294 40 196 206 31 86 133 43 288 273 135 254 111 66 76 106 202 216 168 189 127 28 209 284 149 172 282 257 151 247 19 111 2 172 63 26 187 73 130 108 281 81 227 11 60 3 76 164 59 225 1 40 151 125 3 193 272 51 186 206 203 272 1 170 245 177 221 94 88 250 31 190 139 80 205 191 98 5 115 158 255 107 90 231 
206 296 190 98 244 181 61 173 254 213 255 148 8 71 251 98 297 25 246 85 63 199 282 180 288 215 181 146 102 259 104 9 147 82 62 184 178 86 225 54 68 174 0 241 226 98 181 278 50 147 149 161 145 157 120 286 28 290 63 161 101 172 129 8 160 74 75 103 77 119 16 37 180 99 55 180 296 295 188 61 24 111 214 21 28 202 161 239 294 132 43 235 208 31 34 182 209 172 254 175 
166 259 117 58 139 181 142 67 38 229 130 96 3 57 180 238 52 183 132 86 68 224 274 140 38 150 68 4 267 88 53 92 28 114 227 140 293 288 176 108 295 228 16 247 10 102 186 157 15 66 73 126 203 119 176 179 164 271 65 234 110 179 161 49 204 189 32 96 137 234 9 144 100 249 71 70 214 9 202 155 66 90 75 216 298 223 62 166 150 130 107 220 25 80 31 80 294 179 127 290 
35 277 289 218 12 107 202 137 151 118 199 151 184 48 244 28 22 83 82 143 79 125 256 94 173 71 181 215 49 212 28 138 264 88 263 212 279 282 260 207 168 281 45 196 167 198 135 290 286 259 218 195 131 150 194 7 217 109 265 227 286 208 95 44 4 148 114 44 143 147 219 294 185 163 240 245 75 55 52 113 108 20 180 174 39 92 116 200 34 165 265 256 172 84 276 63 242 284 119 236 
166 104 266 128 131 139 184 91 189 236 147 266 180 217 82 67 231 68 298 265 203 283 131 113 268 215 163 40 175 0 223 242 232 52 1 62 174 194 209 98 149 180 256 270 235 274 203 136 154 53 168 182 249 60 209 144 125 74 0 71 206 44 238 23 90 112 276 4 257 95 148 194 250 223 64 126 13 299 282 39 49 87 134 47 100 63 49 267 252 27 179 272 12 213 172 42 240 38 291 141 
129 282 95 251 12 261 1 65 229 173 133 77 279 2 220 247 59 208 130 35 80 169 273 179 177 210 134 1 241 245 294 123 214 243 247 4 49 23 184 198 68 92 227 250 133 63 134 20 70 156 64 36 134 189 40 247 92 287 98 34 9 110 285 244 274 179 233 294 59 92 45 288 261 294 140 230 155 257 264 256 251 209 27 297 26 173 17 218 57 237 238 46 254 299 208 125 16 265 11 269 
70 52 229 256 77 97 176 56 180 37 82 0 259 186 63 248 295 132 193 54 178 3 224 49 169 115 127 34 186 25 243 5 263 180 66 274 292 264 207 273 168 214 108 115 297 80 180 119 134 238 170 136 168 133 62 55 113 283 254 230 69 24 283 190 245 79 34 166 189 35 137 130 204 164 111 55 135 97 186 47 262 264 2 99 14 60 86 143 196 57 282 191 292 241 93 175 49 181 292 76 
260 195 202 140 196 187 209 54 153 88 289 72 256 237 24 133 45 255 202 134 54 156 253 11 88 32 292 118 227 83 15 3 202 207 71 194 39 48 3 137 72 181 294 166 115 249 283 76 196 6 209 149 116 288 61 11 100 65 4 77 226 72 29 297 291 248 110 179 258 38 210 280 124 85 103 176 264 20 281 157 9 242 7 46 198 294 276 191 109 85 281 17 15 132 9 96 102 100 284 22 
165 145 260 247 140 15 21 115 119 99 33 24 100 105 128 53 7 9 92 242 270 151 10 37 53 175 175 157 24 165 262 252 230 218 35 54 165 135 153 267 215 61 235 109 194 150 4 168 44 125 143 206 148 164 145 239 25 42 267 123 84 151 138 237 180 264 298 36 182 54 129 56 217 243 299 100 23 274 299 57 264 103 287 113 79 39 33 297 39 32 105 192 251 176 178 177 201 287 93 182 
116 91 187 270 144 212 221 236 158 287 141 126 148 25 159 180 242 132 295 284 26 278 25 46 133 242 240 244 266 55 247 36 130 10 158 237 73 160 145 110 144 244 26 13 131 274 143 207 254 147 177 80 274 103 279 222 13 25 190 281 210 29 238 294 97 220 205 252 271 275 131 71 201 109 114 230 242 255 75 150 174 133 92 1 132 259 67 76 48 279 251 133 254 228 125 36 265 108 62 284 
299 142 19 280 23 95 65 23 101 138 239 285 3 249 156 131 68 226 5 116 101 238 51 148 113 273 116 297 17 238 256 69 236 172 70 228 177 157 172 243 215 222 31 171 212 32 82 157 45 81 161 174 277 145 245 278 92 39 267 267 81 155 283 79 192 106 186 118 5 296 89 173 85 232 235 193 218 232 212 272 180 59 248 129 155 193 159 243 86 66 250 284 295 113 271 158 260 74 92 241 
224 254 174 38 166 22 79 183 208 175 24 136 249 160 260 18 20 113 48 34 212 290 254 13 228 279 12 217 130 42 193 78 153 257 49 130 43 7 111 197 244 101 60 213 150 245 247 129 299 185 268 245 82 140 81 297 103 162 298 6 214 66 207 193 292 273 136 113 283 196 292 107 63 224 230 271 142 33 199 170 93 133 104 74 195 7 52 242 38 152 221 143 11 32 4 270 211 80 53 182 
119 163 264 8 207 42 172 145 71 140 230 169 242 258 110 154 44 75 268 198 297 284 269 116 250 86 35 80 288 104 54 274 135 239 120 181 160 226 160 177 210 279 231 241 161 207 3 121 240 293 211 6 253 202 34 219 147 203 299 249 107 212 190 162 274 220 237 258 149 129 101 9 218 253 241 19 107 273 35 182 292 236 183 126 50 31 69 279 9 220 182 287 229 153 109 51 72 227 237 27 
3 278 195 22 84 298 54 259 207 190 123 15 227 172 98 206 207 6 260 259 200 268 279 123 254 86 295 288 186 211 194 128 130 249 114 131 83 75 141 33 134 40 213 262 34 134 254 10 217 272 93 28 9 107 38 276 21 79 228 288 264 52 95 185 209 59 94 22 84 206 290 69 31 83 55 244 289 149 29 125 247 19 254 258 116 122 255 184 278 148 224 298 281 22 279 45 92 106 267 85 
174 278 205 147 215 253 259 208 27 37 153 124 270 53 225 121 124 131 74 201 215 286 127 75 298 158 132 41 144 264 33 46 6 236 38 66 14 204 107 48 73 147 137 131 101 185 156 28 226 77 191 105 293 64 249 43 171 56 289 225 97 189 160 130 52 190 293 247 291 191 42 119 242 290 241 194 97 244 29 93 205 97 182 58 183 67 34 94 43 138 34 1 194 276 276 172 171 39 218 94 
22 91 7 284 243 70 273 177 186 197 291 166 106 261 3 109 227 117 158 92 114 294 135 196 252 201 14 207 88 115 150 203 253 15 144 108 71 55 257 31 71 260 222 32 193 60 98 161 109 193 130 36 81 203 240 188 94 120 168 38 278 79 67 249 205 295 296 259 283 142 201 262 296 162 266 183 89 18 256 4 190 272 156 296 24 74 213 107 85 166 231 275 210 282 234 134 41 68 135 272 
86 250 193 260 147 206 66 142 74 288 247 112 266 120 178 78 118 177 202 106 229 146 0 160 143 173 0 8 295 53 101 93 121 268 237 270 181 140 269 75 185 213 129 246 112 76 166 91 160 278 203 221 5 252 65 41 26 94 223 276 11 278 230 196 212 38 90 23 97 260 48 212 186 169 268 158 73 224 58 46 205 273 293 43 198 149 152 36 67 19 153 298 274 283 262 294 142 71 118 37 
169 239 276 22 292 257 186 112 104 160 256 229 66 13 298 250 71 116 152 232 161 80 112 217 8 89 65 207 52 132 6 246 177 160 29 77 216 40 149 131 266 193 66 254 279 14 263 172 221 109 152 184 164 35 178 199 176 223 208 219 109 55 23 211 74 151 243 253 190 210 43 57 94 75 119 78 3 24 13 226 159 129 110 21 57 10 42 194 18 261 89 122 266 63 283 140 24 221 59 193 
269 120 131 48 265 36 15 25 23 280 187 248 198 54 177 171 272 220 144 271 148 124 177 7 202 144 220 97 62 53 11 47 237 85 197 121 195 218 122 91 114 249 140 94 29 111 209 134 273 278 7 190 120 7 5 171 90 11 12 30 29 112 136 97 99 281 269 108 207 40 104 272 40 295 182 75 281 265 190 145 206 23 69 127 58 54 199 146 90 242 125 42 44 236 203 232 51 144 195 296 
34 3 189 3 127 206 196 252 158 134 136 277 182 191 217 45 67 86 261 36 117 108 202 258 196 147 78 107 112 75 203 259 179 282 9 153 85 135 185 9 71 73 299 275 199 110 255 94 54 102 281 244 183 206 171 250 252 208 127 20 59 33 69 255 23 197 224 198 118 230 71 114 73 19 227 113 245 73 0 44 168 10 125 180 86 166 176 250 181 296 281 265 227 275 153 265 17 148 162 214 
23 129 153 223 87 154 101 175 202 231 54 84 101 35 16 190 15 143 141 238 299 30 272 144 41 248 131 289 22 280 15 181 116 138 115 176 114 272 267 179 71 65 298 190 16 240 182 119 153 86 42 49 57 42 27 223 17 64 127 211 273 248 144 282 208 120 21 36 161 209 138 179 215 17 132 57 250 105 147 123 202 6 235 73 115 109 244 278 126 131 182 138 279 284 203 103 31 100 287 52 
109 279 127 69 283 25 5 234 150 218 67 86 290 211 92 116 243 118 150 251 0 282 114 295 88 269 250 166 43 232 277 56 145 12 8 107 286 21 211 226 233 216 198 299 138 201 169 239 214 137 69 189 93 112 233 26 55 126 139 164 57 98 36 104 166 180 259 90 190 95 132 251 27 242 228 224 190 141 134 57 47 142 29 71 282 113 121 31 245 287 292 292 180 10 258 204 76 97 186 221 
19 105 58 18 199 21 245 259 209 286 76 204 296 290 187 286 138 38 16 62 293 69 163 284 106 71 220 247 182 161 31 202 18 299 103 222 89 220 1 69 56 56 161 34 257 248 33 254 18 98 136 55 280 59 102 6 187 81 83 282 269 144 201 139 295 87 157 245 246 187 248 257 110 164 38 220 203 261 20 266 41 269 47 101 158 261 296 199 68 0 221 77 196 228 32 277 209 243 30 153 
26 146 202 65 112 253 144 22 46 219 140 152 213 19 32 177 50 55 161 35 117 153 192 184 160 179 295 96 281 34 45 267 224 202 216 67 157 59 257 220 169 224 10 242 298 149 155 183 224 134 45 226 157 55 66 275 269 268 296 44 254 21 74 95 145 134 100 144 166 147 211 114 201 256 284 37 253 119 164 135 221 170 96 188 205 254 269 178 134 184 134 240 161 227 273 65 233 134 40 80 
183 176 149 155 173 105 180 209 22 11 255 69 189 273 262 236 100 54 36 204 43 54 77 42 61 72 278 120 39 207 46 191 7 266 35 284 262 141 280 298 176 179 172 108 283 205 87 59 271 92 86 86 157 22 125 72 3 133 241 129 187 236 164 233 298 70 212 93 79 80 70 280 8 30 243 261 164 205 19 13 273 31 157 244 112 72 11 95 91 120 66 281 246 13 5 165 273 95 274 94 
117 144 129 170 269 4 112 228 3 121 266 58 183 296 132 82 15 137 165 175 156 167 37 209 188 111 180 17 172 81 96 219 236 207 236 217 36 102 35 221 77 214 72 126 105 106 43 291 51 260 16 279 251 74 218 144 292 245 163 19 291 228 70 119 139 48 41 41 173 251 156 212 138 23 146 80 294 41 274 153 43 161 129 281 19 32 194 265 15 243 97 171 216 297 68 0 70 228 287 66 
235 240 196 220 41 265 26 125 271 77 157 194 288 41 130 187 265 93 227 267 184 45 254 147 30 179 14 152 215 286 86 184 38 287 61 191 86 102 254 2 7 187 237 103 258 7 280 142 212 5 131 139 136 4 106 286 99 159 213 220 231 270 246 190 152 38 273 251 282 40 268 116 267 66 276 216 32 251 272 126 109 181 68 217 46 11 193 231 16 215 215 167 253 108 11 249 38 33 66 181 
73 230 74 182 138 211 119 288 95 138 197 90 232 224 284 161 100 111 51 131 164 121 225 47 51 73 253 33 215 274 94 284 246 269 238 115 101 172 262 1 242 179 110 288 244 266 269 115 187 119 284 270 219 13 296 26 73 16 281 278 92 259 159 82 98 232 298 266 160 71 246 49 6 98 5 42 97 68 169 242 5 167 193 100 147 90 26 265 40 298 265 192 204 12 11 13 229 35 189 224 
238 216 29 181 194 264 233 13 141 52 275 196 62 295 76 244 266 139 133 4 48 25 178 155 73 219 281 74 250 279 111 13 287 213 185 137 123 120 250 165 109 205 290 179 69 192 102 196 92 219 47 275 64 151 257 14 15 162 85 77 41 271 228 229 84 296 204 5 248 258 8 162 28 68 108 48 47 53 104 86 194 107 250 194 65 172 168 286 267 84 186 58 63 31 272 35 293 229 124 260 
66 114 227 7 16 151 0 46 255 254 176 211 267 249 236 96 102 226 48 259 261 22 298 169 212 223 7 233 269 166 168 199 213 1 23 142 113 153 250 71 130 84 284 75 160 281 87 270 32 103 66 257 180 7 116 49 227 124 129 257 93 261 136 38 36 110 112 105 252 139 130 173 248 74 55 81 185 269 262 260 86 167 285 207 5 67 249 260 253 157 166 252 37 225 247 13 283 214 178 77 
121 264 192 221 156 200 116 143 205 7 5 94 137 156 36 107 100 90 291 112 209 219 46 158 292 203 203 12 116 223 101 238 267 284 169 239 147 19 297 267 45 250 140 120 297 128 253 155 91 193 151 273 24 288 193 91 246 62 55 243 201 299 161 275 94 143 211 135 248 29 21 270 184 251 43 173 85 46 263 88 129 255 185 29 166 186 68 98 108 198 167 101 110 182 71 110 196 218 183 205 
32 109 80 172 95 117 70 43 161 55 94 214 184 180 134 19 74 281 61 132 210 7 288 135 92 283 9 97 291 280 233 164 210 148 30 157 206 224 261 68 131 42 242 172 189 5 20 166 96 84 94 185 175 274 80 245 34 198 285 33 87 193 58 281 3 248 195 52 100 140 68 145 164 239 199 80 63 157 180 19 194 119 89 181 120 114 24 119 65 99 173 82 85 118 168 244 70 252 195 82 
289 194 32 121 47 90 225 148 218 160 35 6 225 218 168 248 149 72 12 133 157 202 251 11 240 74 229 129 44 21 50 47 75 109 35 30 34 188 108 165 156 135 120 15 196 297 249 254 256 18 125 110 249 236 158 190 169 145 80 264 1 85 248 279 11 205 246 58 89 296 8 151 71 225 286 213 185 45 54 298 196 286 85 167 262 41 165 125 76 276 280 28 188 94 273 114 16 295 218 46 
117 195 78 166 11 242 235 230 144 134 98 153 143 4 269 4 219 99 114 61 220 106 107 90 194 108 10 60 59 22 181 154 30 7 240 269 217 119 114 272 198 174 165 95 2 26 234 173 85 176 272 10 290 267 48 238 282 26 273 92 7 22 53 262 211 134 15 262 288 123 55 104 15 259 139 32 60 238 187 114 200 11 79 188 29 255 111 212 289 64 111 91 242 260 60 38 57 92 88 175 
46 246 105 177 34 292 32 47 170 220 115 255 11 289 167 115 2 27 84 140 126 114 241 5 44 163 20 97 131 67 177 81 236 108 162 229 103 154 160 158 267 242 156 171 202 141 272 46 37 202 271 266 110 181 5 286 114 83 292 148 242 265 200 119 28 226 201 83 12 39 67 51 84 274 197 99 238 175 26 6 113 293 156 225 169 79 253 90 144 137 88 83 205 34 171 35 282 75 86 46 
222 286 133 83 240 47 274 255 219 143 61 291 102 39 243 2 34 271 92 276 249 203 268 114 241 264 140 75 18 96 158 283 36 208 34 282 48 218 135 179 88 46 277 133 69 76 216 173 277 58 201 205 70 52 272 173 182 93 254 188 207 220 43 78 232 135 147 143 76 74 16 262 194 91 103 167 134 204 207 94 48 194 122 109 270 85 28 211 195 36 25 63 185 143 146 30 126 70 46 200 
115 127 233 250 60 66 33 131 240 180 33 244 232 70 162 56 70 64 172 134 224 54 265 285 273 253 227 65 11 265 240 123 81 121 214 273 51 172 297 31 224 123 256 157 228 227 129 250 150 44 96 164 155 218 86 285 219 103 291 221 119 49 234 117 84 261 175 116 239 216 253 80 210 217 157 51 201 116 27 198 45 78 104 82 13 276 296 157 126 4 256 231 89 61 66 58 54 10 112 251 
35 22 263 26 48 71 133 31 98 65 96 146 179 76 116 83 97 224 71 299 223 264 96 39 34 85 42 26 211 97 169 201 60 223 49 217 45 256 126 289 33 282 240 240 105 16 269 153 13 267 119 81 29 152 93 17 209 86 197 168 68 140 107 276 273 198 37 208 163 72 298 68 199 52 260 29 31 130 13 294 73 256 212 240 253 63 285 216 75 235 134 238 296 193 200 174 206 135 150 156 
27 180 56 134 127 38 26 69 152 84 81 163 202 20 58 51 294 157 119 14 67 120 255 54 220 32 42 12 205 171 207 121 80 267 127 137 121 117 3 247 161 268 58 172 292 97 94 128 277 87 63 169 262 205 91 77 92 27 39 226 48 49 130 299 59 85 217 282 263 71 59 124 134 138 42 249 146 242 22 17 218 31 64 262 76 31 10 235 219 16 149 140 259 61 74 122 55 147 81 193 
106 234 259 297 242 72 79 178 273 16 112 3 120 4 220 261 132 285 276 291 134 227 106 161 267 175 255 194 121 291 59 46 77 82 233 296 113 216 100 294 124 161 266 206 179 39 10 17 95 200 53 79 160 282 136 254 244 240 225 286 64 220 203 36 278 33 247 225 32 206 117 286 224 27 150 50 117 170 262 208 4 251 269 137 242 267 174 267 1 79 100 75 117 295 85 217 249 89 92 258 
107 108 289 298 68 117 30 131 7 124 220 56 4 58 220 106 119 261 236 136 54 229 97 205 268 210 121 223 43 226 231 33 269 16 94 290 197 168 72 8 256 90 13 210 82 89 298 294 284 41 226 117 165 273 94 92 28 48 179 243 48 298 126 132 111 85 191 146 191 102 239 18 150 114 11 234 31 53 0 216 57 74 60 50 264 167 140 188 138 257 44 253 127 71 100 1 44 168 188 233 
101 19 227 197 41 146 175 216 18 41 12 222 13 292 102 298 127 251 179 112 289 14 178 16 153 292 277 125 209 71 141 41 55 61 199 185 134 90 177 59 220 285 263 30 253 187 236 142 235 174 92 57 202 222 130 82 169 282 117 59 298 241 22 208 122 282 81 222 61 212 274 56 85 298 74 97 32 80 222 150 107 63 253 51 116 78 33 117 64 208 40 193 98 39 20 263 10 149 100 123 
41 110 268 287 268 235 199 115 299 286 8 10 240 22 172 190 0 176 193 178 130 50 34 121 217 299 5 121 35 75 149 169 187 276 181 48 234 64 228 48 257 150 223 194 238 104 191 242 110 238 44 273 298 64 255 108 24 76 94 116 152 78 218 80 66 24 247 127 218 234 148 91 271 6 209 265 176 200 184 110 225 280 92 61 112 87 19 186 211 222 60 202 93 128 196 176 39 4 20 92 
1 132 74 250 161 24 59 68 139 218 190 135 85 244 231 260 53 298 214 127 257 154 149 84 227 5 207 285 221 124 31 34 66 130 60 159 34 164 82 39 218 42 213 194 19 72 36 36 77 21 57 2 135 211 63 290 2 64 271 98 21 286 196 66 74 141 189 163 258 216 200 62 10 37 125 65 179 95 63 242 79 261 62 89 240 197 248 168 33 173 209 249 103 188 46 184 225 24 277 238 
195 162 255 245 291 174 61 264 241 178 252 86 264 197 246 34 261 77 238 82 16 12 239 72 122 257 231 172 290 147 172 99 22 18 234 280 4 74 191 13 139 208 90 296 176 90 290 18 242 110 243 251 217 206 247 104 158 114 210 134 254 294 286 64 182 286 108 14 105 232 183 98 32 205 183 51 266 174 273 261 282 184 93 16 210 58 215 185 213 274 231 125 136 90 67 119 36 172 163 244 
87 192 35 80 34 281 83 216 190 35 6 218 74 48 199 169 43 48 161 126 148 213 186 290 33 74 291 21 139 103 270 258 186 170 80 119 17 177 224 148 253 132 3 83 101 180 153 22 5 168 132 41 214 3 87 57 280 95 238 98 169 272 177 60 45 235 82 115 279 64 291 217 291 2 71 182 236 51 199 39 24 155 276 12 153 245 123 210 22 179 217 77 94 198 120 41 245 294 205 36 
105 71 184 147 119 96 253 80 10 62 293 7 239 293 104 28 297 34 136 285 143 32 34 96 240 161 211 247 77 136 46 53 274 156 251 188 258 242 259 145 76 275 143 296 158 240 130 9 135 290 283 1 102 274 130 221 56 205 218 276 206 191 295 107 87 209 157 170 103 245 60 117 213 145 205 64 266 234 297 282 83 102 37 272 295 95 282 125 184 99 153 213 104 105 218 110 271 142 80 178 
191 223 96 267 258 256 115 156 291 158 49 277 108 245 216 188 131 273 256 52 188 110 12 162 82 166 269 274 240 133 118 84 97 139 239 8 171 57 162 235 229 241 226 292 275 195 126 34 90 156 262 246 56 231 8 246 92 240 78 251 202 252 281 80 6 266 93 253 199 287 180 287 287 153 172 164 267 53 117 209 291 142 267 22 267 148 131 243 96 173 163 128 54 167 63 10 42 190 127 152 
19 183 222 14 13 280 124 29 29 282 159 71 263 37 38 34 89 79 194 151 59 220 286 295 252 4 139 173 104 206 7 125 194 39 121 41 260 218 156 131 92 142 135 290 142 97 181 236 251 4 186 251 192 150 198 278 39 285 200 19 129 190 170 62 49 149 127 44 292 138 105 113 281 186 144 31 3 280 91 217 269 157 49 215 41 142 187 274 120 229 88 118 32 295 281 189 27 201 206 19 
8 160 276 124 12 293 68 238 162 100 204 108 286 144 273 199 62 52 41 14 286 213 90 95 298 20 238 203 233 273 168 50 52 12 35 81 188 107 70 47 44 40 184 139 299 57 129 78 120 285 276 104 290 144 14 125 122 137 206 236 295 143 15 104 110 271 120 5 106 33 230 278 213 69 259 276 99 254 236 49 251 251 212 14 103 90 144 174 73 71 150 24 196 250 222 6 36 288 29 155 
85 101 108 202 108 225 61 93 231 221 0 28 266 144 197 185 94 116 284 224 59 285 161 39 113 91 117 64 130 127 264 22 270 273 284 81 174 267 250 60 66 37 240 251 217 268 215 33 251 76 86 212 295 155 170 56 277 261 144 142 197 265 20 105 28 205 82 193 30 292 154 89 233 11 288 238 30 2 78 270 85 192 18 26 105 206 103 152 145 248 295 152 48 20 296 169 284 12 79 238 
205 10 266 26 284 10 128 33 70 106 135 148 269 244 96 10 23 201 51 212 32 137 110 297 173 27 54 18 53 38 165 170 267 112 276 122 126 34 260 95 212 252 96 254 262 7 185 160 14 152 274 117 107 238 13 67 29 59 125 124 276 91 245 260 187 230 209 96 228 107 296 141 170 89 74 249 17 85 199 55 261 183 260 190 33 57 44 100 286 74 133 99 217 4 44 199 217 177 190 269 
77 18 36 71 64 276 214 257 141 42 136 100 282 95 33 122 63 198 23 293 120 3 6 86 95 40 264 232 279 176 237 101 158 82 125 241 91 85 254 46 235 107 206 283 137 99 181 40 205 156 54 125 79 259 236 135 255 23 27 227 270 127 76 156 206 107 289 223 155 101 240 80 23 299 171 12 59 220 56 73 194 187 90 66 117 28 215 32 100 238 167 100 61 111 22 29 286 266 241 44 
263 119 111 262 252 34 209 215 56 293 214 157 55 243 65 166 201 113 63 30 223 132 170 154 261 19 162 25 81 126 6 285 268 143 138 102 158 224 78 39 143 130 3 228 167 273 64 34 1 291 41 256 207 281 267 251 293 251 250 149 204 248 190 115 193 126 95 74 139 142 253 85 277 255 44 125 203 152 20 198 262 88 31 172 225 86 209 297 279 23 165 7 123 286 255 151 71 62 85 259 
