202 294 240 55 52 228 82 26 149 263 205 144 229 33 259 19 5 10 148 139 52 186 157 80 286 280 261 267 5 247 36 256 185 12 226 59 270 39 152 171 20 110 81 137 234 228 119 229 161 295 54 214 67 137 82 146 19 167 97 1 280 54 4 204 50 241 38 268 55 247 29 182 38 11 40 46 44 253 164 93 135 203 219 208 108 56 161 177 260 239 117 99 247 67 260 173 296 10 121 207 
270 95 1 52 47 293 255 19 206 153 286 25 203 90 61 218 240 143 216 4 48 73 118 132 178 203 114 27 279 238 1 48 180 44 88 46 248 80 78 156 145 83 109 46 0 241 118 299 166 179 165 26 144 139 274 130 150 121 173 105 148 109 24 186 161 25 42 97 297 60 278 112 56 243 189 176 119 171 241 86 131 287 30 110 136 171 146 139 247 29 40 12 107 168 81 71 92 54 15 76 
177 278 269 192 212 113 283 175 212 252 61 270 154 35 94 261 267 197 43 92 125 44 225 60 19 217 47 1 298 287 192 54 93 77 121 24 157 50 177 170 150 157 164 296 60 139 73 155 169 171 255 9 250 228 163 29 269 195 112 133 74 229 187 210 140 93 280 88 42 221 60 59 65 249 13 228 117 24 83 136 36 47 188 230 297 92 222 67 232 127 283 71 157 27 17 221 7 59 144 283 
96 6 17 144 146 220 188 150 232 194 272 151 249 237 197 214 176 17 106 226 145 203 280 79 158 173 263 171 38 166 60 163 282 30 230 294 173 126 53 98 118 295 288 286 215 43 253 42 175 201 83 297 231 210 175 100 94 72 171 280 264 2 155 266 245 196 221 184 49 280 184 127 230 89 43 91 195 239 42 211 224 187 17 169 171 193 120 236 193 71 19 168 214 283 107 117 196 152 168 92 
267 61 145 150 133 279 81 127 212 52 267 75 120 96 76 42 273 259 251 73 186 166 86 94 3 86 11 296 260 55 189 196 10 142 276 263 94 181 146 286 176 275 212 170 109 22 256 144 164 212 116 216 46 194 179 19 104 119 207 67 133 76 131 282 223 85 137 146 158 56 82 132 55 59 277 58 75 11 122 210 33 248 52 292 120 170 112 11 280 144 255 117 282 131 38 268 270 189 37 71 
8 111 298 196 11 120 110 81 6 83 100 182 123 260 105 47 96 58 56 2 52 127 259 215 120 112 190 142 6 75 62 125 237 27 32 83 257 298 243 4 265 136 256 162 203 135 240 279 272 262 51 196 167 55 143 121 130 92 231 234 147 61 53 118 245 234 126 297 167 266 156 47 92 48 112 199 232 221 38 242 214 167 237 237 26 280 211 11 205 254 205 39 63 226 299 244 135 38 250 250 
109 155 146 246 100 175 98 205 159 195 125 38 166 236 254 232 189 183 84 285 176 91 284 252 47 278 34 284 88 258 110 118 167 25 55 193 241 83 168 64 192 260 215 91 245 242 102 262 207 203 264 259 252 242 180 246 86 18 212 241 127 123 109 253 56 165 12 195 106 150 284 95 226 16 166 151 43 204 153 147 153 177 136 168 144 191 197 225 189 209 268 237 177 240 82 202 244 122 226 254 
100 100 165 291 117 260 56 244 291 50 76 103 58 99 201 105 9 134 207 228 59 111 249 178 141 129 63 290 192 245 55 116 294 299 66 277 79 11 176 92 94 24 101 289 147 31 273 46 39 244 183 105 282 208 25 226 164 187 87 9 84 168 141 53 5 261 277 14 145 153 230 61 199 211 165 199 263 125 154 287 105 40 127 166 274 217 75 259 126 21 18 51 227 29 138 155 288 209 149 273 
110 66 178 212 27 42 265 59 211 295 23 11 116 218 9 164 108 13 31 13 118 87 188 15 222 55 220 297 108 112 34 253 24 123 88 52 69 193 31 138 151 19 207 156 55 87 263 287 280 233 137 242 173 81 61 35 256 171 106 74 33 185 84 93 227 91 284 147 130 253 29 35 202 132 188 108 147 130 23 191 209 144 157 284 194 248 265 281 178 160 99 71 10 252 115 2 52 35 298 179 
118 17 118 292 105 103 193 244 255 247 155 172 272 170 167 101 162 207 96 162 55 170 53 156 188 181 207 228 155 178 286 85 248 265 25 84 227 91 298 292 20 247 157 89 204 103 159 271 228 127 82 286 52 210 267 217 94 157 145 283 183 72 280 121 76 185 180 154 189 184 195 204 154 49 60 279 262 224 109 127 21 82 48 100 21 215 125 229 29 271 207 87 4 233 296 195 67 142 74 19 
74 234 92 143 176 285 160 178 198 44 210 220 241 30 52 254 101 281 127 122 164 59 270 159 48 234 266 139 93 216 63 95 119 118 113 34 146 199 184 26 215 272 132 60 95 271 51 2 161 268 253 74 148 206 283 160 264 214 39 64 266 161 207 237 151 75 162 285 202 212 262 131 177 206 132 33 299 247 238 197 56 265 99 190 169 171 252 282 131 37 277 75 36 79 26 71 191 42 195 56 
281 23 253 172 74 276 247 56 78 252 263 135 203 219 214 22 122 126 123 157 79 164 294 160 66 181 108 255 247 46 248 95 102 45 282 198 15 74 31 25 260 186 152 176 105 6 256 177 143 288 34 85 132 14 148 95 54 260 9 154 54 247 42 202 55 65 107 229 103 250 254 224 84 195 56 119 291 167 170 85 77 152 295 269 71 271 253 72 8 82 13 236 169 93 43 264 268 119 149 53 
231 118 30 260 259 269 226 134 48 65 49 256 240 90 45 83 236 280 64 206 246 61 40 69 207 269 37 122 46 15 0 30 82 21 97 255 273 180 48 223 153 165 267 159 123 55 188 137 286 212 192 267 285 257 139 229 141 282 254 236 37 82 212 84 30 260 70 87 249 70 205 131 74 285 82 114 59 42 228 144 142 235 159 273 160 37 60 255 298 100 12 186 256 51 142 150 139 134 245 121 
223 169 281 66 234 79 0 161 20 23 68 87 79 78 272 32 236 149 52 96 67 124 273 103 264 202 104 193 67 235 70 141 200 12 220 43 50 190 243 291 53 286 110 252 266 295 19 206 128 21 96 0 24 13 51 209 228 28 188 53 55 252 41 114 96 216 106 148 193 195 182 217 10 128 157 293 95 241 4 206 286 54 38 187 172 119 209 142 121 264 240 102 77 31 38 234 66 103 151 299 
28 61 237 40 188 156 74 71 145 93 79 199 202 198 156 44 67 26 55 27 126 258 46 151 25 19 253 275 71 148 231 21 175 216 75 178 87 191 191 114 56 193 80 238 141 16 197 65 195 79 216 212 232 235 253 14 119 285 262 266 282 264 226 242 177 253 182 267 182 95 41 186 125 44 223 163 279 241 201 44 125 249 270 125 67 298 41 141 129 231 225 159 76 181 145 89 138 290 57 237 
126 215 88 91 172 210 177 134 227 195 211 146 292 137 240 221 234 131 121 85 226 84 150 21 37 270 94 232 83 78 84 62 139 36 93 164 208 216 56 262 42 101 237 139 214 170 66 269 77 158 243 134 196 0 58 242 224 115 282 137 296 190 291 175 120 224 118 182 2 249 289 13 251 36 250 295 203 104 137 29 150 152 214 83 88 64 223 96 133 245 50 213 216 96 63 128 141 122 57 221 
277 58 225 205 123 147 158 53 164 59 291 277 206 296 146 194 5 287 199 12 74 31 200 200 8 63 90 257 79 86 268 97 286 217 26 111 270 298 297 191 153 180 81 213 284 83 211 97 175 145 120 274 156 293 274 178 259 83 121 154 22 285 177 158 101 100 102 155 207 97 39 91 89 74 11 285 86 288 121 65 52 39 176 14 38 28 171 62 18 213 149 262 229 125 206 259 285 207 147 181 
58 29 221 134 181 177 298 264 292 259 113 166 110 132 265 20 77 7 162 206 285 0 148 147 69 69 281 190 95 228 171 188 256 89 141 207 256 254 76 175 159 192 193 44 117 216 273 35 112 118 281 128 287 256 243 155 281 46 221 77 274 57 97 293 273 86 236 36 7 228 63 226 247 28 266 174 62 12 163 84 217 225 263 221 208 222 79 258 114 238 14 117 259 141 133 100 188 6 171 79 
245 87 153 249 59 50 269 242 29 299 19 115 108 169 204 181 58 197 75 14 159 268 212 109 209 93 34 201 22 115 212 197 175 212 132 191 104 190 4 162 21 53 5 164 111 105 204 3 266 109 102 198 77 173 103 223 109 188 74 104 35 121 88 126 189 146 259 158 65 289 73 123 166 46 297 14 187 30 259 189 259 251 250 37 40 264 235 297 134 58 4 72 29 278 132 298 106 193 13 136 
235 66 274 148 22 11 127 275 78 187 233 77 46 106 222 116 159 201 192 241 81 299 296 159 147 84 271 189 34 286 224 202 109 117 277 99 194 207 103 5 228 264 186 140 134 54 34 71 51 288 190 233 74 72 167 163 3 251 164 270 206 52 67 152 228 19 177 38 53 155 53 17 257 293 46 154 249 104 190 22 143 138 109 221 224 128 151 177 122 197 241 223 146 179 134 34 104 59 5 98 
57 174 185 11 91 119 6 166 243 190 6 12 68 278 298 291 4 248 197 41 67 260 293 94 34 219 33 283 156 201 59 151 286 240 23 239 133 65 124 62 94 247 146 135 65 244 167 129 5 138 5 118 243 15 144 135 172 49 120 20 212 58 298 1 17 93 208 72 257 295 57 256 131 296 126 241 15 121 129 297 248 172 256 126 161 119 250 0 159 276 135 253 274 280 86 160 110 234 26 171 
144 158 162 209 48 127 142 95 241 268 193 17 208 214 180 31 242 139 103 48 245 101 266 278 115 38 47 103 88 26 251 181 285 41 61 77 125 55 74 53 273 189 1 257 250 122 155 54 177 287 155 38 275 218 18 107 54 205 141 16 228 125 1 132 77 212 108 124 234 256 250 122 176 237 63 283 98 286 75 39 35 287 262 235 80 190 173 276 45 175 224 217 165 52 46 76 55 152 290 81 
2 235 247 264 96 139 86 66 267 122 218 13 56 276 108 71 284 130 68 4 284 11 88 127 260 18 4 19 232 52 190 50 217 159 223 157 185 199 273 177 293 172 242 190 255 65 213 218 273 288 88 264 212 161 22 37 28 231 41 283 27 80 230 237 156 288 188 102 98 138 166 29 41 10 257 172 289 246 94 215 181 239 231 84 205 82 44 77 78 63 208 13 233 217 57 115 119 279 64 187 
236 251 168 166 127 171 218 144 285 188 265 204 240 251 279 244 182 173 43 209 174 111 201 241 82 22 155 95 297 83 293 16 203 210 115 40 130 248 65 50 148 174 143 199 3 125 63 43 4 250 240 138 203 135 68 83 81 231 4 127 107 44 261 16 114 3 175 234 151 32 254 114 89 29 77 149 45 119 162 167 70 202 149 264 13 53 5 175 78 192 152 293 220 271 242 200 121 59 16 105 
46 75 53 183 193 123 146 206 71 288 38 22 53 0 124 31 206 83 124 108 231 266 211 215 233 63 287 69 153 221 238 46 230 190 50 127 252 138 25 125 5 281 170 101 136 124 112 247 43 68 85 191 197 256 193 83 1 52 64 205 146 174 205 119 43 115 13 160 297 1 64 100 262 8 82 248 8 199 228 27 75 12 64 288 83 147 142 89 201 63 125 80 207 217 118 20 15 256 226 259 
136 285 2 157 183 108 86 163 265 96 254 220 44 52 221 147 299 197 67 31 269 146 270 156 153 258 71 19 31 277 289 215 51 173 250 161 131 182 70 29 174 31 69 146 214 279 196 272 161 112 142 276 296 52 147 175 108 153 261 54 105 69 251 142 27 257 82 16 227 57 42 119 183 129 185 161 210 250 146 218 262 144 276 59 267 54 288 270 134 267 249 135 237 284 74 102 63 246 273 90 
251 89 158 57 274 296 178 293 12 183 141 27 166 287 42 253 221 58 241 157 6 243 293 268 19 206 7 17 25 54 159 258 270 98 122 155 172 215 92 269 255 24 238 193 248 147 78 134 255 127 166 76 34 69 223 38 202 112 79 125 89 148 48 97 244 229 222 77 12 111 3 254 104 13 206 265 253 244 22 14 192 89 275 83 239 282 293 160 190 205 1 114 208 65 8 123 191 157 227 107 
232 94 251 152 142 152 164 179 68 172 277 40 77 1 165 21 212 57 97 288 248 17 164 34 138 291 44 184 84 182 187 248 244 111 76 235 246 239 79 122 190 105 78 101 281 242 274 56 222 18 90 112 0 45 114 280 78 289 122 100 190 69 4 157 205 58 250 243 183 298 137 167 18 299 127 250 129 192 264 2 176 165 92 293 189 207 6 135 100 235 243 263 294 177 160 110 143 12 146 255 
242 115 1 11 297 180 91 277 105 224 105 131 291 79 158 59 184 26 47 104 218 282 276 164 147 126 89 239 93 120 66 53 207 172 55 132 143 26 134 110 52 37 191 165 54 284 242 178 212 175 63 179 150 93 215 100 83 297 133 191 264 14 212 287 81 44 26 198 179 156 56 183 35 295 257 115 230 146 95 217 258 264 189 235 292 44 62 203 262 233 294 72 39 135 186 178 60 136 64 63 
138 103 85 94 9 187 158 108 23 115 101 18 129 60 13 238 177 24 243 209 69 238 215 168 11 202 22 50 166 179 28 33 223 41 153 180 55 232 132 61 8 82 144 19 222 228 239 34 216 196 156 290 48 245 124 256 275 279 286 62 240 269 131 2 47 261 20 218 77 210 30 210 6 215 73 237 197 255 151 296 191 4 127 153 130 181 28 132 240 243 176 48 185 158 63 248 197 192 146 281 
102 61 152 211 76 99 66 116 29 197 150 12 91 273 150 79 4 202 57 144 250 245 255 138 159 99 101 172 98 48 192 284 214 90 182 135 83 289 240 243 91 66 86 58 14 98 152 116 285 256 50 59 124 153 287 69 242 135 69 257 121 248 216 109 226 160 20 116 266 294 240 8 142 239 56 130 132 227 189 80 78 124 63 34 290 208 68 81 243 238 240 13 171 28 107 146 34 64 246 264 
110 224 176 297 203 51 276 243 188 280 185 127 111 45 137 109 218 133 190 249 26 145 36 194 200 33 290 45 297 121 156 16 266 45 125 75 213 102 143 66 71 194 96 180 103 120 158 112 213 160 213 255 42 283 94 49 127 186 19 3 96 47 298 260 32 93 264 106 141 185 235 187 5 112 142 69 62 211 163 191 294 101 97 145 172 176 203 74 153 87 16 147 202 86 33 267 209 50 268 21 
243 155 246 82 57 127 179 220 189 276 172 146 115 277 298 240 51 177 229 89 145 185 268 143 244 43 203 135 275 14 76 94 66 192 287 11 235 74 259 270 44 35 54 164 240 123 8 260 204 33 26 29 116 235 58 225 42 17 69 74 246 288 262 295 46 77 249 21 257 297 234 223 6 266 191 18 274 183 47 197 282 116 193 288 86 173 40 166 139 268 172 153 281 61 297 269 117 281 242 250 
240 188 221 82 116 247 285 4 129 50 272 246 158 167 278 8 178 279 229 174 235 289 202 92 113 24 285 28 292 4 289 48 218 220 202 192 34 246 114 166 256 123 201 72 264 113 180 222 60 114 141 225 292 127 233 163 246 53 62 224 154 174 262 56 259 104 59 134 115 61 112 103 216 83 287 144 23 150 181 210 173 181 224 103 119 262 20 125 127 1 164 172 265 216 249 169 275 100 274 154 
103 254 190 105 108 20 183 95 212 62 176 279 297 61 126 123 295 135 66 59 208 130 191 266 17 81 22 169 49 145 193 172 99 277 11 274 273 4 104 204 202 134 141 51 55 45 291 274 46 81 125 230 254 151 211 228 195 114 33 18 41 190 226 178 95 12 153 203 226 282 65 146 186 141 240 268 76 141 199 244 60 228 232 156 65 113 188 55 235 258 50 205 284 191 55 130 274 105 207 172 
256 15 184 100 83 224 50 195 95 61 126 129 182 236 39 277 48 18 254 43 200 181 57 202 218 25 19 58 209 227 185 45 59 138 240 151 266 82 125 180 157 270 217 25 148 90 178 251 156 73 205 63 46 147 254 169 190 170 230 124 31 279 275 141 170 199 113 151 70 107 242 126 246 171 210 163 49 205 65 256 76 66 238 153 115 49 157 285 121 157 27 97 93 87 185 297 1 227 246 292 
116 291 257 55 121 180 14 149 101 258 232 289 241 198 211 19 76 74 263 248 6 291 52 180 174 10 71 273 38 225 53 30 152 119 243 141 178 62 238 253 114 84 91 270 123 276 222 38 56 134 286 276 82 190 76 251 44 165 5 13 102 9 109 196 281 202 186 49 58 88 184 52 249 115 239 3 265 192 261 94 137 110 120 10 157 249 271 184 28 98 140 13 96 107 122 56 132 248 292 91 
77 110 90 157 197 111 54 144 156 143 286 234 23 137 211 106 250 77 10 60 144 16 10 25 226 192 201 44 124 58 243 271 219 257 195 186 136 129 129 4 287 244 188 248 183 115 285 176 117 156 291 231 232 55 268 52 136 47 252 133 66 163 77 109 146 4 130 189 234 16 141 281 27 247 190 58 201 105 185 151 123 185 251 149 91 212 283 283 283 237 12 130 257 55 209 44 161 3 201 287 
252 284 280 257 115 57 46 257 124 230 134 148 176 105 258 69 110 246 101 298 95 264 121 281 290 219 139 73 106 51 171 40 210 174 288 136 236 84 179 141 289 106 274 139 287 2 45 221 200 9 124 25 207 182 284 268 45 69 114 8 65 123 176 208 279 285 187 8 109 187 173 178 119 178 128 280 109 207 42 299 166 18 163 79 228 155 99 240 193 84 232 185 227 7 44 255 60 245 151 48 
35 167 80 168 103 120 200 283 105 196 115 68 4 48 81 266 209 157 72 85 31 133 272 156 24 299 139 216 108 47 131 287 214 38 52 86 145 235 10 275 40 22 226 232 161 103 260 204 75 6 233 195 178 114 230 160 95 112 93 60 204 74 198 206 293 59 205 5 244 284 194 242 94 120 73 294 214 116 191 106 289 202 184 129 179 122 182 158 285 197 198 163 183 106 138 41 121 167 155 105 
156 125 240 186 278 30 146 100 230 245 18 232 124 183 88 185 1 278 189 130 281 123 82 233 210 151 86 48 193 40 14 102 62 277 112 296 285 208 275 24 198 185 33 166 292 75 276 29 201 232 225 8 108 32 6 86 1 146 190 134 6 140 267 11 198 288 195 16 278 255 251 251 65 113 144 139 148 5 78 230 230 262 47 112 70 114 192 1 131 22 282 229 3 139 120 258 91 167 119 105 
62 183 266 297 204 111 175 76 216 186 257 196 61 176 63 45 274 69 202 67 169 104 246 279 297 51 123 297 294 217 101 117 48 278 108 250 6 50 30 85 34 137 205 234 158 172 162 169 101 75 254 141 270 179 210 21 175 102 50 157 282 71 2 250 57 178 169 101 160 166 33 158 207 226 82 26 72 148 146 194 274 222 206 212 115 263 287 207 134 68 79 70 120 119 236 193 80 258 69 211 
210 188 84 211 222 197 148 218 284 228 105 85 257 246 244 179 243 164 39 12 10 27 48 200 200 151 129 22 186 78 196 177 219 207 40 44 265 139 259 299 129 162 137 193 56 157 290 5 51 191 107 230 246 77 267 286 1 19 159 296 247 7 234 233 48 176 299 144 0 19 140 221 132 164 232 292 213 81 294 293 122 239 188 75 27 126 175 69 96 61 152 1 114 156 172 247 76 205 46 52 
232 82 145 276 245 278 185 36 80 21 10 80 170 172 220 12 208 288 143 257 280 55 215 199 208 218 288 129 44 8 114 160 41 286 63 127 38 270 115 138 150 258 53 242 260 247 129 197 58 261 209 30 38 32 72 147 192 295 103 85 47 85 118 116 110 65 247 272 14 274 252 294 159 215 171 291 82 211 53 234 81 84 276 40 13 21 194 185 135 169 98 296 238 234 53 51 0 299 15 277 
59 281 111 56 110 164 280 39 156 12 50 250 256 46 144 203 74 113 207 73 16 32 251 246 129 49 37 187 110 246 221 147 118 280 188 60 219 286 260 5 117 223 187 259 39 274 217 242 76 124 210 258 220 254 180 19 187 17 61 162 249 208 179 22 230 186 227 129 276 107 91 42 230 279 120 291 55 176 59 250 204 2 259 174 239 285 159 203 105 187 4 33 96 201 207 81 220 75 188 272 
74 197 249 274 283 144 48 167 76 8 71 155 30 156 123 239 172 285 102 225 230 138 292 216 76 215 119 1 239 19 83 53 252 76 15 61 119 174 225 122 141 99 83 157 149 185 16 294 223 224 252 46 270 6 268 139 117 288 297 3 264 19 169 256 20 235 227 235 74 258 150 154 67 260 56 156 14 190 207 62 278 188 149 199 291 128 256 189 222 35 252 169 259 2 220 281 126 78 230 59 
173 75 139 169 113 211 22 23 4 293 76 93 254 236 236 81 111 194 264 271 267 17 264 91 147 192 93 51 31 225 165 38 168 202 56 0 208 85 210 67 188 84 256 149 82 241 187 35 274 99 13 9 206 5 209 195 276 6 161 276 267 237 202 144 30 174 214 99 124 57 142 132 89 143 25 84 64 22 141 32 153 192 173 15 228 279 131 44 15 55 42 250 173 153 151 253 292 191 143 38 
172 19 16 198 92 212 81 136 240 139 202 83 240 251 133 185 236 71 106 101 28 116 10 54 162 125 178 77 41 13 220 105 141 236 86 217 105 265 66 61 99 200 275 269 182 19 261 271 232 50 106 271 298 55 47 224 189 50 89 200 290 229 274 211 154 19 246 208 255 134 210 73 229 158 294 274 24 96 78 276 132 203 39 158 102 270 123 47 247 235 19 169 143 154 279 290 247 224 283 261 
98 245 83 171 161 76 228 218 29 15 246 89 257 223 146 169 108 252 189 264 7 64 135 77 191 0 60 20 30 20 153 270 147 56 183 102 267 295 145 56 218 67 187 190 35 116 261 18 71 22 208 204 10 69 271 180 87 72 26 274 181 254 8 64 206 82 213 71 165 133 78 250 106 104 27 139 101 4 89 151 7 127 198 113 40 227 194 106 70 205 132 75 24 46 3 110 298 236 297 138 
268 224 225 194 262 275 152 87 132 215 267 253 221 75 254 123 120 121 100 286 40 27 249 65 24 168 124 210 176 57 271 42 143 276 84 21 14 123 221 4 43 55 261 212 9 39 88 292 215 20 121 22 255 63 167 274 149 101 87 202 248 281 159 185 220 107 217 135 245 252 81 244 195 78 241 52 290 49 64 122 296 31 285 16 125 164 121 183 278 200 142 63 77 237 229 113 11 87 254 271 
299 62 126 52 83 116 270 233 9 67 26 243 44 142 120 209 222 42 195 164 95 6 138 205 87 283 65 131 197 123 222 43 42 246 199 220 180 43 279 150 265 281 198 265 210 153 155 213 275 73 293 269 194 261 23 44 92 205 135 127 102 72 248 57 127 128 292 100 66 13 2 72 87 42 257 257 55 209 280 172 68 126 194 241 273 64 9 196 93 83 223 145 257 133 290 266 273 254 81 291 
160 125 34 103 87 158 93 34 114 129 256 269 176 132 169 242 40 216 177 116 220 60 194 113 99 250 7 118 114 174 154 282 222 156 35 47 72 273 279 6 128 49 40 225 167 184 195 286 276 299 37 229 57 72 262 46 107 180 223 68 146 291 251 181 22 293 201 280 206 84 104 95 145 82 286 128 131 69 169 42 268 208 267 263 280 51 57 213 266 90 226 110 22 173 192 116 165 168 24 249 
110 290 106 82 56 15 252 106 181 35 39 262 213 47 209 82 120 158 157 70 172 124 4 234 118 285 150 235 138 261 296 3 196 279 239 231 90 252 124 287 192 258 133 189 179 101 237 286 269 112 24 225 288 142 177 105 101 282 75 38 195 293 109 27 31 172 137 226 18 70 124 34 22 11 260 17 77 164 125 178 208 65 68 106 158 77 33 191 228 185 204 12 232 299 251 242 276 180 186 206 
153 96 135 253 227 61 46 24 224 243 147 168 141 126 115 60 195 244 189 60 114 172 186 230 222 224 246 275 215 47 153 61 10 62 208 278 248 0 33 279 111 287 74 62 163 233 40 89 191 267 63 288 100 121 19 20 9 190 183 253 19 74 185 269 218 153 129 154 289 85 211 134 3 294 10 241 127 257 98 279 205 183 36 182 145 68 289 162 44 67 112 207 188 160 48 295 9 24 245 89 
173 35 122 297 8 71 23 88 76 155 231 71 210 71 193 223 238 275 23 119 256 67 23 238 11 297 225 87 258 247 172 166 81 126 284 159 37 71 185 189 111 21 226 124 50 259 144 127 190 104 168 249 76 116 262 50 100 173 108 184 78 102 22 103 220 167 139 266 78 121 28 266 223 38 87 288 108 16 107 278 103 42 254 54 213 148 51 151 58 237 177 208 224 18 75 118 255 192 270 252 
224 133 84 112 161 87 266 61 176 193 56 200 198 274 24 27 114 179 236 284 146 32 160 69 193 30 43 104 69 100 113 34 179 91 221 255 29 275 299 28 123 214 273 16 129 107 38 80 68 267 35 31 79 231 233 164 20 123 271 253 11 12 152 51 118 228 135 227 26 270 171 165 153 120 265 123 68 113 172 213 139 82 59 6 270 232 188 9 50 255 165 128 281 282 255 97 22 219 59 64 
69 36 12 128 81 226 8 153 11 28 82 9 194 207 256 198 15 197 198 272 35 268 270 31 138 193 70 214 150 152 51 101 5 134 7 165 196 292 178 106 212 213 144 41 13 167 170 227 137 118 253 208 130 210 59 28 99 186 61 235 267 160 40 115 203 15 53 107 57 95 146 186 86 123 146 233 246 169 45 188 16 10 126 294 35 143 70 228 203 95 76 12 9 186 123 183 118 163 28 39 
269 13 54 268 299 179 92 229 18 193 225 111 58 185 106 126 223 109 277 139 83 259 111 181 55 218 222 118 203 187 29 133 39 280 74 230 211 224 270 61 296 236 118 158 256 51 259 16 42 124 150 73 26 231 242 266 194 125 63 107 230 58 1 281 288 136 272 150 140 166 149 13 86 268 200 234 297 145 175 36 211 150 27 245 145 137 66 178 181 282 205 32 230 208 171 95 104 64 121 81 
59 141 79 20 0 75 175 243 54 261 53 170 27 197 43 109 8 124 89 247 120 181 67 255 291 166 246 270 54 128 121 142 235 146 261 175 127 85 283 61 266 126 76 161 90 16 297 151 178 172 205 191 153 123 275 98 259 287 152 227 75 204 40 223 153 240 280 18 263 5 129 299 251 125 278 102 175 72 91 96 35 286 220 79 194 219 12 194 235 255 164 34 82 77 211 250 164 275 167 49 
75 187 83 71 93 208 6 9 134 272 24 172 24 165 24 66 31 161 102 275 14 214 202 283 260 78 232 153 234 168 33 215 139 291 114 95 165 182 24 14 156 104 60 210 277 241 156 98 197 217 93 208 246 5 6 18 36 283 201 130 59 226 44 22 141 130 223 260 227 152 112 105 41 233 263 180 81 3 267 69 60 168 205 134 71 131 296 35 115 213 148 217 156 289 279 288 3 119 277 153 
134 217 266 153 292 233 129 48 185 201 199 128 31 205 254 30 22 153 208 249 269 167 167 220 169 153 229 26 189 90 243 4 263 37 126 187 222 94 86 123 125 18 199 211 94 33 88 6 223 62 294 65 249 189 121 281 29 183 40 28 40 287 151 243 281 168 256 51 50 216 63 17 296 59 171 206 79 231 256 242 117 78 54 39 144 232 69 246 25 98 71 246 36 195 100 104 213 59 196 113 
5 142 182 173 182 262 263 88 215 59 136 128 76 281 172 147 185 31 269 161 172 215 94 79 160 214 17 221 275 121 3 93 187 128 272 245 60 190 143 155 145 89 109 114 162 148 281 16 176 130 148 211 175 81 1 216 240 186 0 234 274 95 151 126 103 38 222 183 30 4 23 217 115 202 152 26 256 214 227 264 231 217 94 251 162 100 65 165 113 233 108 221 238 179 229 274 101 189 154 76 
15 22 167 79 245 293 243 26 273 111 239 25 168 229 63 207 152 208 104 54 87 54 269 92 157 39 274 15 75 0 226 284 296 262 155 193 200 166 56 142 207 0 298 188 279 9 111 137 153 66 59 263 110 294 239 33 140 99 72 146 18 175 24 171 212 232 16 266 48 106 1 212 218 268 298 161 265 250 190 238 66 201 46 128 205 207 79 226 126 273 161 118 169 291 234 232 224 239 292 28 
0 140 184 3 19 31 81 271 134 119 188 146 51 129 2 0 36 131 43 160 105 79 24 5 237 75 43 105 220 179 108 57 5 40 112 222 182 202 42 268 201 28 190 29 187 167 9 88 40 174 120 194 193 24 260 129 177 227 34 228 143 216 209 54 222 58 89 214 134 216 152 150 123 37 10 94 215 54 69 184 197 295 166 90 167 245 187 3 247 195 157 74 226 239 149 39 84 259 218 291 
96 77 205 6 27 115 1 19 95 126 28 236 58 62 234 178 254 205 236 155 47 72 63 122 60 131 70 284 95 247 105 69 111 278 72 244 118 177 44 214 182 252 184 75 15 287 242 259 248 196 87 137 251 61 132 186 29 72 27 16 2 76 217 199 212 9 141 24 239 47 253 96 220 187 284 223 238 95 76 173 90 275 236 285 172 43 244 184 139 34 87 149 93 108 154 107 91 125 184 257 
243 166 274 117 10 255 155 182 165 289 86 224 286 56 195 190 200 145 79 38 52 54 208 45 161 186 284 183 163 67 285 145 222 145 53 100 212 137 211 281 144 217 154 292 196 82 224 93 131 103 249 102 88 28 289 193 142 130 272 288 0 13 280 174 207 48 200 171 273 244 275 132 232 103 163 188 204 26 267 226 1 201 63 37 160 214 50 64 279 37 248 89 131 298 153 117 6 244 194 56 
134 248 291 199 56 52 124 229 284 54 48 37 85 168 31 6 4 230 55 216 253 250 77 20 212 286 105 133 200 283 175 288 158 49 51 65 222 280 287 103 103 161 176 30 203 7 262 11 243 259 88 227 23 258 120 20 186 102 250 268 177 228 151 35 234 76 259 139 139 77 195 166 251 135 205 293 280 202 229 186 261 142 13 162 118 191 139 96 54 1 185 52 97 84 230 33 74 84 239 278 
225 117 160 10 273 129 276 33 248 150 6 272 100 149 210 173 78 295 27 25 75 264 91 75 30 1 184 225 113 194 63 123 72 283 22 30 108 222 78 279 278 122 99 9 221 114 76 64 282 190 145 155 34 265 130 3 155 210 117 188 243 248 184 241 180 136 293 159 284 286 277 115 251 270 210 145 83 97 121 259 246 110 216 69 235 278 248 164 218 184 1 3 249 157 136 151 19 246 113 233 
187 26 95 9 122 259 77 227 96 17 38 1 68 201 63 89 109 202 235 104 247 173 4 251 271 54 40 252 40 100 223 224 291 69 99 12 184 260 203 240 196 226 172 288 177 118 144 205 113 98 169 218 172 175 94 155 108 237 29 105 261 191 125 240 132 275 104 101 108 93 19 209 144 200 113 170 20 230 114 42 90 21 109 225 198 66 108 270 149 165 285 218 179 161 160 225 231 297 280 137 
135 223 163 88 124 80 203 16 275 48 193 164 77 23 59 262 40 65 8 155 74 290 174 55 129 61 265 94 140 82 206 66 281 25 198 105 211 165 96 49 198 164 101 3 1 113 211 253 83 68 295 107 150 229 175 232 19 287 174 132 26 174 278 156 105 51 88 94 170 219 266 147 254 179 122 230 11 34 168 74 222 219 234 26 73 288 219 252 135 80 189 159 289 241 44 193 103 201 33 253 
24 98 132 272 179 7 108 183 282 86 52 56 259 39 251 112 196 10 252 36 99 127 176 199 147 152 32 251 249 284 293 88 86 187 65 205 84 75 175 136 147 197 199 116 34 126 180 141 259 156 201 28 143 124 37 179 109 166 86 224 152 55 164 205 259 266 83 182 21 16 239 270 262 128 259 123 132 23 144 284 261 288 142 24 140 16 2 165 214 172 130 90 103 79 39 80 272 109 89 159 
216 180 180 233 138 30 169 98 109 19 38 154 259 29 67 4 201 253 201 287 48 284 276 82 124 266 12 227 45 254 163 111 134 194 46 108 80 284 109 88 128 248 256 235 200 296 184 171 148 270 165 282 31 17 280 151 219 274 240 297 17 264 273 200 18 126 150 253 215 132 79 252 62 53 253 275 157 132 17 178 106 208 154 158 0 8 115 107 129 35 148 241 125 164 99 140 46 61 234 122 
128 276 228 5 254 159 21 198 121 145 138 270 145 257 64 222 187 159 103 104 270 27 226 216 156 176 137 132 174 58 144 112 262 184 250 284 225 297 116 91 249 203 67 136 205 48 219 156 211 65 50 223 97 108 128 214 159 114 104 164 231 57 54 87 82 14 127 177 35 215 158 152 181 35 276 295 70 294 47 6 253 150 206 128 207 246 176 62 5 222 122 243 53 207 174 278 280 20 217 60 
283 169 235 43 252 264 118 246 62 182 4 93 112 167 209 171 71 219 156 230 291 138 204 31 83 3 143 59 35 54 198 193 9 228 99 97 119 10 127 176 12 48 114 137 149 163 209 123 234 153 87 216 237 197 279 106 38 117 68 68 151 290 97 255 198 39 271 86 297 122 252 158 190 68 66 266 247 278 276 242 47 215 21 93 250 56 217 237 77 270 119 182 125 70 185 152 70 59 265 81 
91 271 194 52 209 135 246 171 47 48 189 38 71 222 205 69 234 41 244 76 165 20 3 181 177 93 24 66 188 158 298 59 264 97 236 106 220 116 243 185 213 274 148 176 138 129 293 188 178 34 266 263 41 78 20 213 282 88 17 242 157 118 19 133 69 97 73 152 15 291 142 177 168 280 65 72 155 208 296 166 234 82 273 257 218 61 174 233 241 78 252 3 53 199 142 153 286 298 219 109 
64 17 261 149 88 52 272 129 203 107 162 18 37 58 168 72 84 167 65 295 46 247 201 99 94 267 81 203 46 152 269 82 173 165 150 9 15 108 145 173 205 119 103 265 288 164 3 106 98 103 293 25 44 243 248 260 7 276 15 273 10 144 266 99 254 247 260 35 138 291 12 278 122 183 132 199 271 63 181 44 265 58 222 252 107 107 297 143 190 250 251 22 293 17 240 4 200 24 270 173 
244 237 49 241 125 80 291 12 33 180 220 25 24 126 52 140 1 174 32 284 84 295 271 9 168 43 230 29 238 199 262 72 7 83 48 178 123 205 125 236 6 34 287 143 160 53 180 92 143 41 118 11 268 61 214 3 66 54 28 193 6 20 183 20 291 56 85 157 167 262 206 134 119 273 262 72 196 227 132 78 179 35 205 268 199 275 156 168 108 15 242 33 45 279 177 141 189 245 181 169 
251 203 211 212 220 137 145 81 129 178 138 240 177 208 122 122 36 210 69 243 5 281 293 142 241 217 188 191 213 132 242 255 4 189 78 208 184 35 17 118 99 84 292 55 97 76 118 190 84 217 161 38 194 169 19 161 22 249 192 169 234 167 190 243 200 27 81 163 108 194 172 123 117 1 152 239 186 148 219 112 218 92 168 27 35 25 173 125 284 236 33 105 113 222 159 49 187 101 154 292 
280 143 87 220 67 27 176 240 52 163 139 80 255 275 62 59 143 291 59 17 33 217 283 269 201 231 271 73 84 8 171 9 278 236 258 116 47 76 190 145 260 185 36 170 155 51 11 118 127 135 262 4 252 208 250 266 211 60 192 39 20 54 131 32 41 91 294 113 186 104 281 179 298 110 288 13 213 151 51 188 18 55 80 247 59 173 38 271 6 33 108 18 63 294 270 250 159 84 85 257 
163 109 104 34 9 227 218 162 270 15 183 129 205 141 299 54 151 285 288 162 11 168 282 239 56 57 187 87 53 121 41 153 56 41 181 274 98 288 34 153 105 164 137 264 67 149 281 89 263 295 34 153 10 47 130 50 15 85 116 139 262 204 49 24 157 123 299 31 124 67 23 210 39 261 182 58 9 225 44 68 71 299 214 229 238 281 48 183 265 97 20 170 87 29 48 280 195 256 142 209 
72 74 159 277 31 151 47 243 123 79 147 94 93 274 226 210 291 7 184 94 170 62 263 11 247 50 60 215 42 287 26 279 281 144 29 18 118 184 62 255 228 83 69 88 251 103 240 256 191 156 98 186 1 251 109 203 59 121 88 114 205 40 271 82 84 206 201 180 140 62 89 265 132 235 108 194 177 218 86 91 148 88 2 188 271 256 219 86 258 21 216 145 272 187 290 166 205 182 95 236 
148 128 223 283 69 29 203 140 112 196 66 146 62 59 188 12 299 273 219 36 273 59 211 196 237 177 165 179 87 63 44 6 298 103 224 219 160 288 182 42 31 188 75 22 258 186 264 26 246 215 2 265 256 170 59 242 29 33 41 204 103 158 266 202 88 186 115 122 288 61 117 199 192 294 109 55 119 212 190 46 48 37 160 124 114 218 192 145 191 27 66 231 80 245 190 151 287 157 90 12 
223 26 268 236 52 290 196 117 218 13 171 247 44 271 186 167 83 63 56 287 137 108 217 150 203 27 33 103 110 237 72 73 25 126 171 194 281 65 231 52 119 254 93 119 282 266 66 248 253 26 148 269 287 171 104 222 179 36 157 92 207 60 17 132 83 158 82 198 287 286 240 71 41 298 266 108 56 41 190 60 2 122 48 11 170 20 137 11 277 65 176 107 106 141 145 115 37 288 38 31 
86 262 251 223 97 269 272 179 191 0 280 98 238 160 16 120 58 172 222 185 153 269 148 224 40 201 12 120 290 171 125 160 232 216 50 296 222 152 49 83 94 156 122 96 290 78 133 258 258 122 69 47 254 296 51 102 17 242 203 112 131 127 144 172 92 48 98 10 177 62 279 126 142 264 267 220 209 210 53 239 255 242 249 170 116 159 279 159 52 279 268 230 7 37 180 140 236 138 247 189 
9 139 200 30 154 28 235 243 172 52 222 228 208 185 2 199 273 29 138 25 265 168 92 180 27 8 163 224 141 243 122 196 27 220 191 208 156 97 273 141 15 90 194 13 14 246 264 211 138 6 87 89 158 14 260 4 218 212 11 72 94 230 73 229 63 136 84 56 48 125 199 190 229 210 111 166 80 165 202 57 126 118 298 227 29 264 118 183 201 178 155 48 119 79 21 222 236 179 227 258 
203 155 228 38 95 224 259 214 251 94 190 224 267 158 191 63 90 210 247 65 20 69 70 207 154 115 83 44 163 37 147 18 237 296 172 68 52 238 244 171 51 298 60 299 21 241 138 112 262 157 196 102 142 101 90 286 168 241 77 39 143 227 26 291 237 78 79 269 297 222 253 299 103 184 110 75 37 16 291 108 200 152 240 50 27 295 258 245 212 37 253 114 205 224 124 22 232 204 126 165 
85 71 254 119 180 241 141 148 187 122 118 101 6 123 126 168 257 25 98 64 40 96 290 219 200 33 247 140 94 290 55 248 93 278 63 70 21 263 149 282 98 63 39 232 85 275 196 118 237 98 154 139 16 221 172 68 37 89 24 226 29 65 79 82 57 294 216 110 43 297 298 213 94 267 118 60 51 159 193 130 34 179 150 257 9 260 174 250 47 252 295 119 160 132 170 266 136 235 293 117 
137 60 253 44 285 163 104 299 28 67 125 272 134 166 94 255 31 241 278 85 87 146 249 206 41 144 5 37 179 241 226 225 0 54 104 84 204 102 95 247 107 239 32 218 181 46 6 194 197 169 195 268 137 20 24 62 273 259 286 36 225 217 163 148 4 154 181 177 46 200 204 222 61 128 286 239 80 172 26 179 168 91 133 161 0 89 209 184 127 287 291 68 275 130 264 290 228 116 242 71 
125 134 228 162 298 61 159 114 255 154 6 13 143 4 100 62 41 157 109 284 151 80 118 148 248 205 209 13 256 41 13 250 49 175 109 192 101 179 87 88 257 270 83 279 127 247 40 108 175 297 7 66 167 64 9 191 25 196 59 223 118 139 216 65 247 155 9 291 194 201 74 281 226 220 75 244 268 168 190 135 47 168 170 17 1 181 263 248 74 21 88 186 11 69 41 110 111 135 3 257 
179 55 88 145 264 134 183 69 53 31 24 155 188 298 252 279 21 18 148 208 290 192 122 152 214 128 111 75 248 238 15 272 57 285 130 235 89 238 156 262 178 9 279 43 191 272 216 110 72 40 231 163 121 179 35 190 272 198 46 225 231 148 252 9 278 76 298 113 281 152 25 219 245 221 292 180 4 104 78 127 102 86 78 41 245 284 17 223 276 270 166 291 219 242 172 224 126 59 125 73 
45 90 105 92 295 163 165 154 298 273 233 161 270 244 20 137 191 203 171 129 88 245 87 211 61 194 46 29 65 10 76 16 208 130 58 148 247 276 268 249 2 280 163 202 104 278 189 121 286 158 120 34 112 270 97 123 1 7 226 151 226 50 114 278 88 275 31 76 90 47 31 257 103 91 163 189 14 133 245 95 171 3 266 291 94 237 176 236 134 42 216 275 53 178 98 62 226 158 115 88 
291 4 24 38 78 33 9 13 141 96 85 136 121 49 228 32 151 82 8 62 52 225 268 38 63 2 126 278 188 6 224 76 188 160 110 23 194 63 62 255 108 200 235 184 162 5 74 249 142 86 73 149 100 107 182 61 44 47 257 72 98 207 213 224 125 298 252 277 176 295 228 247 73 288 220 287 146 242 88 113 200 244 120 49 282 136 275 255 295 144 214 257 203 246 126 299 291 286 148 72 
7 175 32 76 204 16 100 28 51 188 266 290 200 24 91 117 125 21 13 15 253 5 259 253 140 65 19 90 146 133 125 112 28 43 182 248 10 216 268 192 206 3 192 126 20 111 99 42 182 65 241 188 97 218 247 12 173 43 97 6 289 25 79 9 267 165 267 85 207 237 42 171 5 8 62 54 284 264 289 288 160 269 192 279 112 52 66 193 185 141 82 172 33 33 34 138 179 139 89 36 
250 166 248 189 260 286 56 198 153 55 235 51 260 55 144 208 126 86 72 257 20 293 243 71 89 198 250 153 109 89 270 65 136 271 105 142 11 46 67 129 63 1 79 299 206 113 23 51 138 277 53 100 112 222 0 170 250 242 51 236 292 229 144 156 236 33 132 62 153 58 173 177 225 129 196 267 77 226 76 136 156 159 294 190 18 112 122 288 112 200 61 243 121 145 165 80 195 174 283 116 
70 124 167 20 56 47 257 297 78 107 290 74 61 147 113 163 121 280 91 34 178 84 269 100 80 209 264 163 196 33 9 145 143 272 290 27 247 240 200 31 72 91 79 71 245 298 227 227 90 97 209 100 128 251 93 234 108 91 125 147 36 187 294 221 4 88 232 150 231 35 32 82 212 114 230 145 167 282 253 289 24 103 22 66 48 36 158 8 37 89 43 97 11 130 217 292 76 126 67 61 
211 140 53 133 105 137 15 269 32 246 273 162 209 195 196 132 95 19 113 27 56 262 136 29 164 133 296 101 212 198 218 255 236 107 199 238 288 251 258 38 119 150 201 298 89 100 42 217 140 157 44 159 177 299 299 182 208 9 178 170 47 42 152 10 294 201 138 51 84 40 295 66 77 299 183 181 65 170 55 126 152 285 101 12 71 47 208 178 298 253 8 49 214 228 59 92 176 129 102 266 
142 284 278 151 134 140 265 167 129 289 49 187 250 187 135 229 231 182 259 159 163 233 164 231 64 119 206 186 187 12 259 208 102 124 43 114 253 133 57 79 164 202 215 244 120 252 57 92 140 12 29 290 274 233 255 76 178 208 245 131 134 81 238 80 259 263 174 27 11 250 37 14 43 181 129 229 58 119 17 283 143 70 208 87 240 50 193 279 224 178 208 253 202 244 269 81 66 298 271 50 
151 276 180 204 129 124 115 25 69 236 262 55 136 215 137 150 180 219 87 174 225 145 179 62 78 289 181 82 202 187 82 63 198 271 126 49 11 161 113 41 97 264 36 132 110 71 40 170 251 24 75 31 234 17 254 292 263 117 271 93 136 284 172 61 11 173 51 189 1 47 279 66 25 137 115 105 277 91 222 188 85 130 30 55 290 299 281 125 93 203 129 256 291 105 187 33 195 200 259 227 
166 134 17 109 46 110 11 72 142 218 137 100 289 140 61 190 258 222 189 265 15 3 117 19 152 292 157 83 25 283 22 13 234 103 216 205 291 108 32 263 69 160 291 54 144 274 103 80 125 215 188 238 145 218 257 100 91 83 24 35 286 195 144 89 222 93 42 269 1 269 218 215 273 86 298 286 1 61 191 240 4 196 107 254 49 159 143 218 207 46 18 169 134 186 261 208 270 173 216 4 
224 212 177 200 99 227 264 248 125 108 163 124 130 151 155 43 88 14 162 64 220 239 78 280 68 254 41 121 177 173 271 35 11 65 14 258 147 239 4 215 215 235 186 218 100 156 290 155 9 151 270 231 275 120 31 21 161 275 85 154 32 19 89 106 126 69 299 168 172 143 150 116 48 239 228 15 262 117 118 127 189 219 86 83 244 204 251 196 124 99 191 165 47 299 236 145 239 275 137 12 
