72 171 46 115 84 101 200 37 126 220 184 199 285 45 161 163 17 275 100 194 188 296 0 230 267 76 275 272 283 27 284 74 287 183 239 135 212 222 206 250 68 224 137 279 255 220 220 188 52 279 255 168 34 54 287 226 122 298 75 115 160 125 77 39 28 98 154 89 199 259 131 50 66 14 45 252 110 206 192 139 229 219 232 88 268 93 128 12 149 201 38 71 291 276 214 241 207 136 55 81 
193 93 19 188 124 296 182 128 70 34 277 270 103 46 171 33 4 47 69 108 283 41 62 78 45 18 149 152 59 282 54 98 213 218 150 217 40 140 231 172 294 12 175 6 91 173 88 104 234 170 288 136 81 99 122 193 141 131 129 115 145 243 111 53 124 5 4 261 1 41 228 272 51 192 286 11 133 107 255 53 227 118 263 123 26 185 246 164 33 73 37 12 84 160 102 42 193 35 89 48 
285 260 125 200 252 207 239 281 156 184 220 20 187 297 5 96 59 274 10 222 181 182 187 225 17 32 51 113 233 270 250 42 192 112 22 280 278 32 32 20 117 0 251 97 229 125 21 152 243 263 270 253 126 5 158 75 276 87 102 102 228 249 61 106 251 81 99 255 20 55 94 163 123 116 97 232 42 29 89 195 99 50 134 159 276 239 162 150 184 113 44 232 101 156 195 146 78 75 124 26 
75 109 286 187 79 119 252 120 85 114 112 292 6 222 290 1 282 151 75 177 253 263 179 245 84 152 61 132 244 299 41 277 283 137 34 237 176 289 202 282 131 199 298 89 33 231 278 23 37 293 9 186 124 16 33 35 187 276 229 9 82 284 214 212 287 127 0 290 63 3 137 222 220 12 151 60 140 58 182 121 272 225 272 175 257 212 272 51 151 148 37 88 180 23 188 255 175 248 138 233 
248 200 71 200 3 61 176 286 110 142 275 46 296 288 4 145 36 120 50 160 3 197 188 151 117 238 21 249 72 275 42 85 94 112 162 292 204 163 7 151 84 20 171 36 53 197 245 204 71 203 1 20 32 130 285 16 129 111 58 59 14 0 167 69 221 32 188 197 56 217 213 75 25 286 208 181 66 149 36 24 65 185 11 69 77 299 294 240 209 290 124 101 140 24 169 14 11 151 140 33 
299 196 262 13 226 102 132 90 295 82 179 284 4 154 43 168 280 268 18 179 77 109 257 211 67 158 131 280 165 85 157 2 276 86 187 195 230 288 209 127 245 50 79 234 272 59 113 265 289 14 221 61 204 6 251 81 251 94 211 135 42 47 297 29 76 85 118 247 74 90 153 7 56 149 5 156 274 240 17 260 198 156 267 18 191 277 141 118 255 100 160 114 128 175 163 57 27 105 289 2 
54 118 62 136 79 285 23 171 138 35 134 141 200 159 220 17 293 108 14 220 47 257 226 290 95 240 243 52 27 128 226 164 85 143 247 200 239 112 3 70 19 78 163 79 37 198 176 95 291 21 176 1 108 156 130 272 244 235 273 160 123 224 227 4 112 166 268 276 100 62 75 247 226 260 177 103 221 29 31 192 156 27 110 298 122 102 250 238 195 154 205 154 161 1 86 64 298 278 200 92 
133 241 173 232 194 237 237 58 72 284 245 220 81 271 252 99 80 73 235 136 263 80 140 154 66 281 29 22 168 103 173 131 286 39 260 159 248 194 19 9 49 208 111 23 218 252 150 211 51 232 65 52 84 229 160 272 233 298 283 227 269 26 258 27 244 19 32 198 4 174 179 143 252 56 219 152 78 202 72 264 207 180 121 40 20 10 130 68 3 295 4 263 238 153 279 2 203 26 117 85 
33 150 158 199 26 128 294 261 226 213 230 40 195 3 77 226 20 26 267 225 19 97 84 218 38 30 277 29 94 247 43 34 267 224 278 168 183 169 93 204 285 74 56 272 271 224 147 268 163 141 265 112 34 103 111 15 154 289 138 72 130 82 202 255 28 90 208 63 82 102 71 274 4 32 262 48 196 251 205 167 279 284 37 17 175 225 5 152 130 193 131 211 122 107 22 266 25 8 105 216 
184 263 115 134 86 264 277 275 174 1 161 86 92 174 244 248 75 187 290 87 97 298 44 245 231 247 191 249 129 192 136 243 28 65 147 282 296 108 275 15 280 33 185 299 51 127 97 1 42 126 282 125 148 92 46 296 285 101 133 61 97 228 152 51 91 163 49 120 153 198 185 214 67 23 87 244 60 156 19 87 159 221 201 133 198 220 219 270 187 50 272 293 280 120 87 61 92 261 175 253 
298 194 248 205 90 19 170 98 214 132 256 111 179 28 232 253 84 25 129 260 217 80 261 175 220 206 224 222 224 108 8 289 103 186 155 8 218 86 238 241 66 87 27 25 133 20 289 227 37 143 126 214 160 130 286 269 213 116 259 228 155 259 128 272 155 224 209 30 286 31 195 289 191 186 8 237 226 276 22 100 278 7 72 263 244 109 269 144 148 277 75 95 256 86 287 218 171 188 236 265 
111 239 209 61 226 152 219 139 165 156 77 24 183 108 82 29 200 179 92 172 173 78 266 297 75 205 161 142 58 184 71 123 145 73 248 47 259 33 64 247 239 197 236 15 219 102 283 282 137 174 273 125 287 198 179 220 2 241 166 33 177 114 201 5 15 209 244 105 241 213 295 292 172 214 241 265 146 269 121 83 103 141 294 47 55 249 75 10 266 65 246 15 152 241 296 195 258 99 229 164 
208 297 148 27 295 67 74 229 14 122 87 176 85 273 205 185 93 235 60 61 102 194 10 280 58 90 171 233 81 276 103 288 293 156 275 192 48 97 142 5 60 232 57 192 147 8 17 256 7 225 295 258 56 286 36 92 231 80 62 211 269 115 195 280 248 219 140 47 149 183 121 55 119 200 191 85 226 26 46 180 132 146 188 68 276 183 65 118 96 259 217 240 277 4 99 178 84 212 160 3 
215 289 86 283 241 153 293 125 266 121 135 13 90 18 195 181 155 69 170 59 5 235 132 17 238 76 44 288 170 189 65 194 177 288 11 159 206 215 219 5 150 231 162 15 162 130 21 239 293 170 193 24 297 281 23 294 87 206 291 223 97 266 36 170 269 162 267 90 151 70 109 133 71 239 238 281 151 125 20 3 261 160 204 118 169 160 119 43 274 219 298 263 182 49 34 104 67 242 194 87 
200 299 116 77 228 74 4 76 285 11 98 289 240 191 41 124 44 0 30 220 80 77 159 291 33 180 137 120 124 133 229 231 272 73 74 284 94 238 166 136 86 189 169 65 49 225 42 121 267 254 117 136 135 130 161 29 145 191 207 129 264 89 6 206 208 265 268 160 49 285 33 133 260 290 39 118 185 204 274 296 174 141 289 188 39 265 295 299 7 208 183 65 250 173 162 64 203 269 135 95 
248 111 9 243 207 106 123 58 183 179 4 170 192 38 272 260 67 183 151 194 198 221 192 42 155 125 29 128 250 243 21 298 119 187 66 110 52 190 221 43 52 83 102 135 205 15 272 120 0 131 180 278 87 213 8 265 126 166 8 260 192 11 260 233 163 265 141 181 110 121 212 254 108 55 131 51 223 210 79 128 62 33 170 51 201 97 286 126 116 27 297 154 134 183 199 283 192 209 36 141 
87 211 262 127 74 183 191 49 7 182 99 23 280 89 173 48 157 80 30 33 220 248 162 243 3 5 165 50 121 92 53 178 108 196 150 45 51 232 210 31 184 224 119 3 294 148 205 275 62 162 96 85 271 254 29 263 85 80 240 24 175 69 58 16 31 109 104 86 174 212 52 99 231 119 74 50 13 169 218 174 149 39 152 64 80 208 264 17 253 109 283 146 218 136 185 114 232 277 36 72 
124 209 145 30 55 247 118 33 225 253 60 90 106 4 150 272 29 86 226 19 73 183 138 280 189 101 297 170 11 221 171 52 52 159 118 64 282 17 18 140 253 283 212 271 248 276 258 134 39 45 274 275 37 226 97 173 200 253 126 150 59 192 183 26 255 137 93 249 96 264 290 46 30 51 52 36 76 268 193 157 276 216 202 70 25 254 68 195 72 24 267 159 60 234 265 110 164 99 199 168 
143 20 166 49 232 61 29 275 153 54 117 39 12 79 201 188 39 212 107 132 233 156 150 1 219 19 21 111 256 45 25 74 84 209 130 259 69 30 120 142 296 241 15 94 258 154 127 49 210 175 186 93 82 103 202 119 168 116 144 22 47 88 293 191 281 88 243 113 168 17 167 266 48 158 48 224 99 146 4 244 256 108 261 206 296 0 283 127 126 188 68 87 124 83 193 75 114 136 83 199 
287 194 280 47 142 199 194 251 31 130 52 2 186 10 68 19 222 56 217 139 138 223 47 38 252 298 279 58 287 65 47 156 263 246 201 180 233 287 51 184 217 199 59 51 35 69 228 231 253 261 296 108 207 42 151 227 134 214 105 36 263 212 11 14 239 200 104 175 239 234 125 282 201 120 77 27 127 5 7 64 149 149 177 122 26 224 98 126 83 254 290 12 26 76 136 51 68 128 28 234 
293 188 146 63 97 141 259 166 176 299 23 256 17 100 214 173 10 145 187 222 51 54 81 59 189 54 128 200 5 282 44 2 261 186 85 57 226 118 119 8 55 226 274 204 1 169 196 156 168 174 34 164 161 262 68 249 152 32 213 17 151 291 190 159 227 164 34 121 187 156 10 128 27 122 78 252 186 224 244 268 264 141 70 180 149 3 162 162 106 264 161 6 109 31 137 21 2 80 165 295 
181 102 113 39 10 252 97 231 200 245 140 78 253 41 45 54 88 12 279 277 0 193 98 294 296 252 285 7 219 28 33 39 55 148 174 125 184 43 177 199 74 25 274 256 147 159 86 190 194 74 299 148 273 228 91 226 196 184 234 239 270 191 176 32 191 67 275 170 282 215 49 258 217 231 192 42 84 113 237 43 186 112 202 293 222 268 28 202 172 270 120 43 202 82 146 143 149 70 226 298 
64 284 221 1 145 211 280 14 157 46 62 126 161 66 232 169 166 45 244 42 257 262 140 248 255 175 213 57 194 221 241 32 245 227 120 240 77 26 285 186 17 195 201 99 222 84 134 104 86 284 257 50 162 93 192 18 58 141 158 211 202 57 127 1 98 151 224 74 77 10 218 207 6 94 147 146 114 127 50 193 250 203 234 18 236 38 73 288 167 9 249 236 16 28 160 205 54 121 188 221 
82 14 97 297 88 205 274 35 53 102 21 138 81 85 123 57 2 118 211 32 157 137 2 107 129 129 116 276 234 100 20 187 36 63 297 280 188 84 71 289 30 289 256 141 164 135 89 232 193 231 3 20 165 248 282 91 32 297 266 254 50 144 109 61 190 163 230 280 286 181 279 118 45 221 93 39 6 95 46 27 76 23 239 233 15 254 299 273 30 286 152 246 169 169 293 223 69 129 104 160 
253 143 284 16 271 169 106 212 72 260 155 282 168 14 149 51 90 200 219 157 231 191 178 62 87 292 125 37 172 122 131 222 182 111 156 64 288 217 65 168 281 158 28 85 53 138 288 190 230 57 284 71 54 85 14 216 54 216 273 18 272 248 215 164 260 50 13 129 216 262 172 258 282 78 94 247 58 173 247 137 100 25 288 23 155 218 129 25 207 145 26 172 217 226 32 259 296 29 193 169 
17 79 98 168 242 3 259 33 16 210 116 117 88 97 74 12 299 56 191 208 116 144 114 221 94 249 287 82 57 236 143 90 226 252 174 84 222 9 184 159 270 182 218 190 105 96 165 224 94 75 36 123 33 204 55 210 163 259 50 247 200 157 30 285 85 46 138 99 174 237 142 229 1 268 37 184 188 238 103 193 83 58 229 296 74 177 179 135 229 239 158 164 73 42 36 170 278 36 153 141 
105 86 156 99 265 160 29 267 196 135 11 212 55 37 0 57 206 212 136 11 200 53 48 254 115 66 24 177 230 242 183 205 80 220 97 177 257 59 178 239 114 296 93 156 37 156 183 204 57 220 253 176 59 142 154 105 154 34 6 294 137 196 128 29 122 196 287 194 217 179 268 75 49 188 169 291 230 100 72 173 212 69 9 84 99 293 210 205 212 209 46 160 38 75 180 247 12 97 129 231 
54 279 183 148 166 40 43 163 78 236 265 70 247 128 234 112 116 202 115 250 62 87 152 268 78 98 71 268 186 71 7 292 188 128 71 106 221 211 199 213 260 8 121 269 161 256 35 288 117 46 100 235 43 156 152 67 12 134 126 168 139 127 57 265 242 240 180 197 161 117 205 193 237 268 299 16 243 9 72 127 78 112 63 61 245 165 255 18 165 257 71 226 23 199 127 57 285 10 190 137 
155 42 145 283 36 153 61 93 140 235 253 299 256 296 67 64 216 293 283 144 105 57 131 260 279 86 185 198 256 106 114 49 98 227 116 275 130 206 62 17 225 115 34 290 43 278 140 252 297 212 277 184 75 270 99 56 243 13 143 170 104 13 294 290 243 143 32 252 30 116 294 243 258 188 55 277 242 43 110 265 284 259 194 61 56 38 261 3 2 234 33 38 249 90 112 288 229 186 259 183 
157 118 113 261 26 255 136 252 126 26 69 150 164 193 68 88 103 119 243 161 273 164 267 158 286 209 138 275 93 285 39 124 202 56 39 33 137 178 150 63 10 272 277 256 118 139 289 297 48 249 163 290 27 47 273 5 120 55 118 183 255 227 170 83 166 22 160 288 192 284 279 245 287 268 290 3 177 283 191 72 61 70 175 257 25 288 296 5 58 187 290 283 30 28 26 20 125 17 228 294 
283 154 160 252 253 282 132 11 238 171 92 152 220 144 298 164 223 86 126 204 253 213 28 248 222 233 33 50 258 288 96 55 189 106 110 222 111 26 228 272 48 78 127 127 177 38 283 81 128 69 73 71 196 250 3 23 29 113 134 242 290 228 246 242 19 179 195 84 73 157 228 81 216 141 143 175 125 33 80 285 40 194 127 226 152 60 19 285 268 136 285 180 48 103 63 233 101 177 265 18 
292 10 21 236 206 259 274 293 264 288 172 152 221 44 62 273 92 286 280 53 250 263 125 108 37 131 28 274 54 132 15 87 260 165 292 139 273 288 199 196 133 271 39 297 84 263 232 39 65 245 286 210 141 284 276 18 100 136 187 14 154 237 24 281 144 279 227 259 130 285 46 126 248 67 297 138 236 128 175 137 223 67 73 247 233 154 209 58 158 188 22 137 106 80 190 170 53 255 276 272 
280 96 63 2 31 266 122 261 39 138 10 67 29 195 173 189 275 214 76 259 167 37 11 234 134 75 256 247 267 41 221 85 84 168 74 35 175 74 262 191 113 257 73 181 116 82 18 264 139 42 245 142 226 211 164 131 53 268 114 192 241 230 44 16 225 38 91 22 187 7 94 120 139 78 248 183 127 190 40 72 120 205 169 79 143 12 260 86 104 30 8 168 203 257 192 11 12 172 207 11 
109 92 224 279 16 183 103 165 179 265 36 113 106 135 46 298 200 126 139 168 50 162 262 61 294 270 245 59 144 265 292 137 157 169 297 2 138 91 118 6 95 95 200 26 43 25 157 174 82 12 177 9 12 259 216 277 254 65 47 216 178 173 39 26 24 218 86 23 254 75 293 71 240 42 161 284 296 226 235 277 20 211 46 181 69 241 258 5 102 179 210 73 94 49 53 16 10 72 197 15 
39 273 272 144 17 52 180 267 228 22 158 157 248 106 186 123 290 296 160 225 31 127 110 28 295 136 88 4 218 2 236 222 254 216 187 29 39 249 15 187 17 222 24 151 110 93 169 148 35 37 210 233 104 206 55 11 178 210 214 206 65 92 273 56 58 32 183 150 94 295 292 296 7 129 75 287 23 12 131 105 219 203 109 80 298 19 153 159 26 4 249 54 202 7 114 264 161 242 18 50 
73 172 234 245 259 79 173 272 111 184 8 139 219 262 43 4 257 18 12 144 16 117 163 171 226 286 58 0 267 161 269 262 177 136 229 28 165 297 92 176 273 236 204 73 298 47 78 27 136 263 268 142 215 273 70 99 204 81 272 50 1 69 161 234 149 253 68 235 100 6 58 45 213 44 283 298 245 149 164 126 263 231 130 260 148 193 140 64 213 224 126 207 283 39 168 238 2 269 69 231 
169 90 278 152 81 61 114 5 107 120 267 133 75 205 296 183 295 56 252 179 37 24 219 30 220 2 180 294 260 243 155 47 163 162 140 53 127 18 127 23 153 177 33 227 80 281 39 264 127 38 202 180 231 100 79 21 177 90 68 114 186 76 242 221 67 293 284 60 79 224 120 20 11 95 92 214 29 68 260 184 141 11 138 218 160 285 206 10 109 24 219 193 48 215 114 223 57 19 230 68 
206 265 123 264 100 178 223 216 79 185 158 106 124 8 220 3 163 154 28 103 165 91 271 12 95 252 23 98 296 236 246 295 115 143 298 259 93 59 286 174 162 28 232 189 85 288 60 25 153 295 273 6 248 3 143 243 243 123 49 122 240 37 52 143 91 65 140 216 57 265 124 184 149 142 116 128 59 140 18 265 49 140 270 163 19 68 67 106 183 177 141 79 70 105 48 169 58 188 240 212 
117 52 99 61 220 78 5 124 139 46 234 55 12 134 209 120 230 291 95 176 284 273 45 285 22 289 18 281 43 111 160 295 16 268 282 175 128 236 263 281 172 120 1 15 73 232 83 128 256 99 291 15 117 15 6 263 223 63 127 174 287 146 255 117 263 162 197 12 1 92 17 171 199 266 257 116 245 202 217 206 198 89 103 5 231 252 205 70 94 265 221 233 1 214 285 66 17 137 185 281 
206 135 229 238 16 219 291 51 208 21 133 75 279 144 163 279 282 211 48 34 174 295 65 291 70 17 70 66 63 62 64 210 152 64 158 93 278 107 276 64 85 48 153 163 248 48 215 293 29 296 81 19 64 175 172 238 22 2 266 244 81 99 7 179 154 156 64 86 130 122 162 23 105 47 231 66 140 45 56 286 45 28 210 93 88 131 0 15 156 190 225 129 134 274 198 55 169 34 172 167 
39 249 255 76 107 235 289 279 88 172 160 220 37 130 77 23 25 111 195 181 180 51 203 25 83 239 274 28 229 266 136 260 66 234 270 63 268 67 210 207 75 228 88 141 89 278 253 287 148 57 116 254 43 132 149 32 239 104 17 168 169 128 245 223 94 288 42 7 7 79 277 155 47 9 149 50 63 57 46 159 252 143 171 232 1 57 13 57 111 183 261 36 201 181 55 251 296 176 253 253 
117 20 112 97 69 4 198 267 153 294 255 252 122 236 15 272 249 163 80 78 26 76 252 112 178 224 287 7 272 100 202 265 198 280 226 9 267 96 210 164 167 197 22 249 169 133 190 278 24 297 299 273 273 181 124 63 192 169 123 260 209 51 101 59 89 30 3 209 125 165 39 168 18 218 278 204 126 21 115 214 138 51 48 291 160 92 156 275 178 177 185 182 188 250 214 39 239 251 155 111 
246 252 256 224 294 22 227 3 52 220 162 255 74 98 9 52 58 65 107 86 177 15 155 145 276 12 53 96 203 37 130 4 227 256 80 132 254 284 34 176 228 242 251 38 224 117 293 143 123 78 91 57 169 231 283 192 202 149 178 171 10 91 105 13 292 209 149 244 134 89 97 213 226 128 150 284 157 104 211 226 173 245 67 264 209 218 16 205 49 297 165 196 63 30 122 95 80 235 278 32 
44 267 181 82 177 49 75 95 77 196 241 27 145 237 211 174 293 11 169 34 26 157 106 219 39 248 26 49 63 87 35 188 166 33 82 53 134 134 295 231 99 244 58 11 174 255 179 205 126 194 188 132 1 92 10 76 290 83 225 173 34 112 36 223 256 168 65 160 108 41 24 274 144 8 202 246 10 193 279 95 252 59 284 187 61 123 31 154 139 155 260 5 209 287 77 202 147 42 288 181 
100 193 291 286 207 260 181 35 33 42 67 137 186 279 169 226 118 100 242 99 118 254 69 183 259 283 238 209 74 130 181 258 69 103 213 120 157 153 67 156 80 151 79 139 189 69 51 47 113 37 100 37 168 258 294 284 185 28 52 116 254 188 266 71 32 281 116 84 237 82 32 183 43 134 72 201 92 190 74 112 274 10 203 117 169 183 269 251 274 86 193 47 203 17 105 174 196 166 178 166 
32 120 212 197 5 266 112 238 36 81 278 258 216 49 209 138 8 291 32 70 271 78 122 145 248 128 120 286 91 122 162 278 266 286 11 250 107 15 252 256 169 126 204 225 20 156 249 126 46 224 154 255 248 219 184 207 290 109 101 194 238 277 239 51 170 44 297 94 148 278 93 45 142 221 22 53 150 286 206 151 187 101 299 231 128 121 201 117 236 28 235 95 115 156 171 39 117 266 171 53 
217 214 117 46 51 239 5 285 129 228 182 210 70 19 134 22 231 89 283 79 71 134 278 117 194 207 97 8 118 109 31 218 225 275 222 159 1 231 90 7 41 93 124 115 147 21 29 88 199 258 84 181 115 214 182 60 266 176 73 251 30 68 10 286 45 78 123 263 132 61 11 33 55 193 196 134 75 59 111 29 161 24 78 67 231 73 231 159 16 69 71 111 276 219 205 225 69 298 215 164 
127 238 138 184 203 33 110 187 186 197 212 276 144 76 216 232 223 90 45 188 152 21 143 86 129 151 46 167 48 39 212 284 47 45 269 251 136 107 94 281 83 148 128 34 158 33 37 293 204 89 272 121 5 97 161 90 261 95 63 188 158 134 273 264 288 214 6 96 299 282 60 242 47 131 288 211 175 275 159 118 90 142 160 3 163 151 241 128 55 27 215 227 265 209 242 200 53 22 111 81 
59 75 232 116 297 179 250 51 156 142 117 263 8 162 93 217 275 38 19 156 36 36 30 129 258 123 111 207 258 288 18 108 41 204 122 135 94 135 275 66 185 239 59 35 191 76 284 249 209 39 111 150 67 89 199 78 20 121 88 287 288 144 254 143 229 180 19 253 138 23 287 71 73 129 253 32 278 20 75 17 228 28 81 38 253 130 180 190 153 285 229 62 39 267 15 194 294 43 261 209 
236 75 147 156 84 205 11 64 150 79 247 83 81 76 146 203 37 215 32 21 253 254 206 105 42 11 29 39 32 294 273 294 272 104 73 107 212 186 266 236 131 244 277 37 48 115 0 246 208 213 175 26 205 196 275 80 142 211 20 189 100 296 92 153 4 33 291 217 202 156 228 168 48 224 39 112 56 170 157 223 225 267 133 35 153 140 240 231 286 8 16 159 242 105 36 118 257 130 19 149 
93 223 294 99 270 97 111 75 33 232 143 142 253 170 90 242 296 177 286 261 199 160 241 134 25 74 43 241 274 40 79 169 247 28 272 127 108 29 64 296 224 113 236 31 136 288 235 284 58 192 47 224 8 34 51 38 178 182 264 293 229 89 190 143 184 134 23 94 110 91 237 49 1 194 95 237 53 204 50 96 257 199 209 258 123 174 35 94 149 105 98 232 74 12 268 212 13 105 221 137 
206 236 104 43 127 278 127 229 29 207 88 284 263 240 102 224 17 173 279 132 245 212 295 100 138 222 96 216 170 62 124 208 290 91 68 58 87 1 290 259 191 267 197 126 104 119 176 70 144 130 140 114 298 102 154 98 184 213 92 267 246 256 170 47 102 296 265 78 224 223 291 271 144 299 94 199 69 166 261 227 64 25 235 277 129 299 187 106 190 120 103 13 122 199 117 245 223 239 31 154 
107 69 82 121 31 195 57 55 201 275 39 249 176 251 214 257 254 191 290 63 233 192 9 69 237 232 168 51 273 117 166 176 191 90 103 93 5 260 236 78 70 101 169 74 289 275 131 262 4 295 43 191 171 256 22 124 24 22 75 29 179 169 70 234 293 99 206 150 158 9 74 24 197 225 163 195 151 113 233 268 144 154 6 168 264 48 223 2 266 133 173 231 177 284 75 93 285 271 91 113 
221 134 82 84 168 158 280 224 48 290 35 290 89 73 55 23 152 152 286 263 44 157 48 197 77 93 246 117 230 206 178 190 234 75 138 56 155 172 98 92 47 9 151 277 116 119 214 104 274 161 288 103 226 147 99 19 60 104 213 41 249 236 232 105 246 81 217 34 290 168 172 53 14 86 228 81 257 152 259 14 150 282 105 121 71 82 42 272 117 105 37 203 285 22 135 269 245 48 259 86 
159 272 210 77 262 114 110 262 67 96 47 211 5 31 178 222 28 7 42 257 146 297 15 9 107 147 152 284 227 214 140 254 241 10 69 21 142 231 41 276 126 268 248 133 139 237 145 11 204 57 245 58 83 255 105 272 274 263 96 0 290 129 164 277 138 266 51 265 11 188 133 218 240 215 252 113 55 39 212 29 164 64 280 79 77 267 1 140 135 211 61 122 149 24 135 30 110 51 77 105 
68 142 258 157 102 109 193 95 70 189 217 223 263 156 291 144 12 202 93 260 198 30 61 10 150 40 93 30 175 241 283 124 222 203 292 94 67 187 193 83 235 216 62 276 246 254 175 164 215 271 207 190 58 84 186 39 21 291 138 125 238 236 190 96 184 154 143 66 240 12 150 264 79 263 18 171 185 41 138 168 219 62 198 84 239 38 282 143 292 79 6 203 34 169 160 207 43 55 147 116 
92 208 250 248 105 246 185 165 3 261 73 108 67 243 253 3 219 43 272 204 268 276 298 219 248 31 147 270 195 215 45 23 277 195 224 125 254 30 162 214 252 155 253 120 208 95 294 143 99 219 296 195 264 268 280 103 263 274 113 213 7 17 3 98 211 290 156 144 78 257 183 14 109 254 237 60 62 142 108 4 42 110 109 204 65 22 249 13 113 215 240 187 288 293 195 162 267 233 6 41 
132 282 211 229 170 22 292 104 228 118 279 121 262 157 285 11 166 211 206 218 26 161 91 94 257 216 19 35 273 194 290 199 148 234 146 226 226 284 276 147 74 37 291 200 35 128 43 275 1 56 210 18 55 252 277 56 3 173 109 109 248 275 200 260 32 59 180 42 290 223 192 174 13 90 28 283 126 85 87 150 146 158 92 20 8 52 128 82 125 160 199 107 37 67 16 18 61 208 278 285 
266 219 124 285 97 49 7 183 291 186 234 238 218 125 114 234 116 22 251 36 196 54 87 163 275 126 30 150 158 249 298 131 181 280 72 204 17 127 38 148 109 118 186 60 5 179 267 202 136 154 174 197 260 74 36 243 19 269 150 192 113 27 201 228 187 43 88 70 74 183 238 261 184 193 124 260 106 154 110 41 83 26 269 103 204 20 42 16 85 7 268 260 162 29 211 23 261 39 4 181 
139 190 19 280 278 256 116 233 258 293 137 235 194 20 60 140 157 201 201 254 212 213 57 161 46 256 121 205 203 61 100 115 229 94 258 27 40 174 175 229 272 121 203 204 65 75 255 117 50 40 41 268 32 21 3 120 249 286 217 262 168 59 108 277 232 25 265 63 149 247 131 282 37 37 196 7 247 291 238 162 96 233 254 204 231 93 48 150 158 209 57 254 205 120 72 151 43 155 150 20 
203 36 130 81 9 253 172 237 284 233 250 55 106 128 132 176 154 89 142 48 138 61 127 9 117 117 20 180 262 30 188 265 90 160 230 2 91 261 219 26 241 156 241 195 241 278 199 137 204 223 223 33 192 152 281 159 37 224 265 258 271 116 18 268 27 103 13 236 223 62 90 6 46 81 80 240 28 186 179 243 206 245 73 108 33 76 6 39 249 172 229 131 15 184 214 67 218 110 201 69 
286 203 99 249 10 254 84 260 40 96 128 118 211 131 62 132 144 68 118 254 28 57 58 32 257 119 15 43 90 284 4 99 4 77 35 159 174 49 19 116 121 65 67 257 293 247 37 82 186 41 33 180 111 68 138 49 127 284 57 72 232 261 45 279 172 182 279 79 34 6 267 56 190 28 114 258 148 127 130 90 59 154 2 93 21 88 147 154 129 51 176 138 251 2 196 253 95 204 245 258 
177 87 59 143 40 266 258 55 33 62 21 104 202 243 271 8 74 297 235 106 244 241 76 61 16 198 245 245 149 35 283 276 211 186 206 67 70 201 16 253 260 41 274 296 164 24 23 11 44 68 76 286 228 216 189 96 51 133 264 102 184 209 103 53 141 190 6 298 157 203 203 91 200 279 33 121 100 90 235 20 193 35 157 127 240 219 215 268 171 219 105 225 63 244 119 177 123 148 102 61 
212 55 70 147 278 252 158 24 39 12 153 92 173 165 10 278 80 203 254 273 180 33 136 67 48 68 9 7 108 239 154 4 60 214 267 135 114 100 293 33 84 239 286 23 265 211 23 146 62 198 70 175 211 74 109 134 16 115 183 104 201 67 38 223 297 183 205 73 214 288 230 32 144 266 246 141 137 63 160 190 231 15 127 77 84 211 88 150 110 239 16 168 233 64 10 205 258 246 63 111 
13 279 209 89 106 97 6 145 180 0 205 221 46 206 186 17 274 130 26 297 155 199 48 267 93 195 78 87 120 228 123 5 265 161 155 59 60 148 140 172 10 299 254 4 5 140 9 69 18 89 49 37 78 4 155 237 93 147 30 93 202 268 260 85 51 19 138 120 3 252 289 30 105 262 155 223 276 292 90 10 107 136 106 259 48 101 41 185 232 41 6 3 29 182 150 77 74 0 79 166 
245 244 58 291 190 256 204 150 176 118 119 188 258 245 294 99 240 54 246 57 6 20 158 13 100 130 237 215 98 208 183 210 230 44 118 271 92 174 14 141 189 251 258 255 11 90 188 117 75 3 238 67 264 292 91 175 188 85 194 265 41 116 201 255 213 217 204 49 153 170 107 107 274 2 262 94 297 103 15 157 141 201 21 296 14 93 19 56 72 198 295 36 77 51 168 123 255 33 86 279 
77 295 64 213 100 295 286 298 237 110 153 14 37 43 163 100 187 88 212 49 209 66 277 99 42 105 134 20 260 147 299 15 157 25 242 208 174 231 288 27 110 101 225 10 136 5 65 34 40 200 252 198 27 91 112 236 225 231 266 107 167 256 143 182 113 101 79 293 45 288 187 77 117 127 138 47 217 240 193 191 153 49 105 131 93 163 173 293 41 212 144 100 128 202 81 40 184 290 269 163 
168 25 235 180 253 33 182 214 233 179 13 36 192 220 17 231 84 242 58 187 96 88 231 131 100 4 215 20 135 220 247 89 108 143 20 40 203 258 28 290 279 130 287 299 88 52 18 168 283 138 205 174 51 31 9 120 47 163 240 160 57 115 168 170 201 56 22 28 238 38 164 105 256 282 81 48 191 217 187 132 15 201 112 142 160 74 5 74 8 118 253 58 195 60 202 187 190 255 29 53 
59 269 258 241 140 266 221 125 10 47 152 64 111 99 281 155 267 244 64 255 196 293 80 159 288 203 268 144 264 145 285 295 22 276 30 35 146 126 69 4 144 139 288 60 144 170 275 140 108 294 244 205 162 120 250 171 229 250 66 93 210 72 42 34 6 210 181 43 198 251 120 63 50 144 221 168 158 36 57 298 238 243 154 224 135 276 55 73 238 71 248 145 233 130 45 90 180 220 125 241 
94 172 30 184 207 283 294 291 108 164 293 65 41 135 218 102 215 184 88 119 290 265 210 230 136 223 72 82 207 12 163 93 3 201 58 184 156 199 127 82 287 195 42 49 90 174 177 274 277 76 71 123 118 189 136 158 168 133 168 203 204 260 7 78 40 163 130 218 188 64 197 17 230 152 32 26 181 165 217 267 69 133 129 78 13 297 154 266 285 154 178 113 14 160 90 165 23 88 65 144 
92 46 254 156 246 199 191 71 137 167 279 258 17 210 283 276 188 239 212 10 246 158 277 44 70 7 254 178 176 259 219 88 176 78 103 115 282 148 275 205 167 72 248 47 46 207 188 177 50 259 203 93 23 195 72 228 27 52 97 125 36 165 81 15 107 279 64 226 63 156 44 244 274 165 127 218 231 273 295 16 292 160 137 81 294 159 173 104 35 82 194 266 143 40 1 93 210 205 6 144 
152 190 55 276 219 193 299 174 281 231 258 127 270 42 175 116 172 26 183 178 63 38 136 48 144 199 64 190 32 269 11 242 154 195 226 61 49 132 234 77 151 249 196 280 91 165 258 35 52 142 241 92 141 94 101 140 64 198 222 145 214 278 13 80 213 293 250 26 73 283 11 201 263 76 289 152 191 22 76 22 264 41 153 227 189 118 44 263 262 210 92 72 183 104 226 138 16 54 44 137 
123 244 197 243 285 102 188 87 95 260 3 253 248 294 286 130 182 68 137 290 179 14 220 245 160 176 48 247 188 290 262 260 154 10 38 55 58 166 43 264 51 159 26 51 285 290 44 59 221 38 236 148 190 34 288 217 257 57 126 165 228 27 54 100 110 166 165 272 98 281 197 237 198 59 116 97 159 88 227 64 298 279 45 284 148 111 210 140 273 31 287 226 13 99 138 165 129 262 254 188 
124 141 167 224 133 297 27 124 1 132 235 74 160 236 16 265 76 292 264 233 201 283 209 23 122 290 164 62 4 209 101 41 233 285 127 50 244 169 162 181 143 242 100 17 47 15 285 76 144 137 60 226 224 256 287 204 244 222 178 109 122 244 115 64 161 125 190 275 142 97 37 111 231 283 187 257 256 90 168 157 253 151 76 9 283 222 261 33 211 1 262 20 21 133 154 237 18 194 64 162 
27 203 52 237 78 230 58 230 239 221 233 68 289 117 55 251 5 81 223 61 122 74 63 16 169 106 159 231 23 59 158 245 128 166 155 70 43 171 210 39 75 203 161 220 104 231 169 52 247 262 45 125 58 102 25 153 287 19 286 136 166 41 214 58 225 31 46 275 256 239 136 61 133 20 50 215 61 229 294 148 120 288 19 53 202 156 92 22 191 254 76 58 80 298 269 242 261 232 105 172 
121 77 298 72 237 88 13 67 261 0 202 182 61 144 13 21 11 52 240 21 284 293 47 194 72 40 132 5 265 71 261 29 251 41 22 52 170 152 79 17 116 35 229 32 194 40 84 225 120 18 13 216 127 76 105 92 186 183 270 95 293 140 56 38 134 96 230 21 4 47 26 257 41 79 115 8 138 187 298 253 234 259 283 240 139 137 0 220 12 157 22 291 223 126 287 42 193 289 216 230 
140 41 248 262 160 247 260 231 34 186 108 204 200 94 58 133 197 206 2 165 44 136 290 47 226 13 263 206 165 208 135 237 230 195 220 34 7 3 168 152 77 199 15 103 39 252 111 3 0 211 294 69 50 239 41 149 128 245 174 115 257 290 107 100 21 264 165 55 19 55 140 261 260 121 201 62 147 3 44 229 205 34 240 226 107 99 75 158 46 63 62 134 250 278 187 152 14 164 293 162 
142 24 138 252 126 36 32 77 259 1 162 224 296 225 223 217 231 87 92 233 123 298 181 190 67 96 29 288 136 243 59 279 232 173 200 54 148 92 287 95 284 110 202 41 208 127 41 174 213 127 287 72 56 182 173 158 173 148 284 50 72 138 267 118 249 46 284 167 118 202 229 222 273 168 162 98 137 145 5 152 249 147 263 77 168 35 57 1 236 79 204 204 229 120 205 106 160 228 124 259 
87 234 240 212 15 265 212 255 173 242 111 25 13 160 277 218 240 146 0 100 135 284 70 263 172 50 209 229 173 254 14 202 163 254 43 74 177 97 251 238 89 146 203 51 82 85 226 201 175 227 60 159 155 196 232 271 257 287 231 189 273 264 148 71 116 56 218 204 264 70 142 177 224 113 274 143 79 23 38 103 234 284 100 66 55 297 271 244 131 15 3 175 248 183 121 11 231 163 21 50 
20 242 151 205 232 192 298 69 94 116 137 271 37 23 104 96 68 82 167 266 263 50 46 163 97 209 189 139 159 292 96 115 68 208 273 194 97 262 100 13 295 255 284 223 159 71 272 111 133 120 233 24 248 33 154 216 157 221 79 104 202 154 131 52 265 181 4 248 92 227 20 246 27 273 133 209 32 124 52 125 199 293 279 243 271 267 176 216 7 40 113 161 188 221 98 269 282 48 4 143 
81 124 247 297 102 80 178 86 182 67 241 39 154 196 151 120 107 152 177 197 232 68 82 69 138 129 253 130 60 41 133 226 283 148 51 43 111 35 137 214 286 283 117 209 193 233 187 116 257 81 67 216 292 284 206 119 128 275 100 179 146 204 283 179 279 55 54 113 283 270 200 189 287 49 241 206 152 157 133 98 77 141 276 213 22 113 274 276 57 14 124 52 33 94 78 20 236 198 122 262 
157 33 285 274 179 135 257 128 109 158 227 173 246 48 178 283 194 153 36 176 18 266 259 168 148 278 142 138 147 24 109 261 142 49 46 106 246 276 94 185 213 79 143 176 204 47 267 108 225 54 177 219 90 12 291 68 232 169 163 224 195 41 246 297 93 254 134 290 201 197 222 146 123 237 252 188 213 9 118 122 71 108 49 80 14 259 150 280 61 121 230 108 21 18 284 19 67 258 265 200 
44 223 103 263 236 262 58 153 258 102 55 278 159 50 169 269 117 279 54 248 222 73 161 120 57 154 289 255 32 291 187 180 266 171 39 276 227 193 65 123 250 122 182 84 162 260 251 64 88 269 65 239 140 166 178 293 190 141 172 257 127 120 184 112 216 153 88 244 142 251 73 13 123 258 122 200 155 30 209 14 271 188 97 107 50 30 231 167 201 199 197 293 201 62 68 146 33 275 221 248 
133 99 118 148 33 229 45 105 59 101 257 107 165 224 45 90 157 31 170 182 225 245 176 254 109 108 51 272 214 207 122 253 130 209 132 89 29 80 239 268 130 152 73 262 198 262 253 81 44 284 77 13 223 190 69 217 180 198 145 176 246 212 194 76 298 5 147 294 119 54 170 74 3 43 168 141 52 209 12 292 0 14 2 210 46 203 52 278 149 112 162 186 274 47 23 92 284 116 295 295 
230 51 123 29 183 114 185 70 264 105 236 55 21 227 92 255 203 187 286 185 61 179 42 168 34 199 240 92 201 285 73 130 250 103 230 225 117 14 34 214 69 150 212 153 42 103 159 233 57 234 41 210 267 238 30 53 149 280 29 51 40 0 43 201 57 103 75 176 162 238 22 41 253 173 248 27 76 268 115 36 269 268 142 72 92 173 264 276 72 102 87 238 299 294 298 286 152 170 155 80 
177 59 257 190 92 297 201 133 6 128 203 88 15 74 130 249 68 145 86 46 74 34 28 69 82 210 267 91 62 52 48 255 167 128 143 267 159 207 73 183 257 98 101 252 202 263 223 267 134 193 66 3 20 43 13 16 70 36 240 32 101 94 152 107 239 105 220 118 210 113 85 141 128 175 185 161 23 243 27 43 103 237 142 226 33 54 22 135 79 173 79 295 109 199 177 292 46 266 256 288 
232 293 141 59 60 261 261 183 197 183 124 44 230 38 184 33 158 121 116 269 272 232 139 231 187 267 217 192 244 128 23 161 229 147 158 104 132 142 170 58 233 246 252 160 44 39 262 6 31 162 201 283 182 169 207 131 219 59 115 201 200 190 90 225 3 105 170 69 65 14 16 126 266 224 294 229 145 156 243 34 79 89 170 130 16 121 9 288 252 230 26 273 151 125 87 136 240 93 227 298 
23 116 72 98 53 70 213 113 75 90 259 209 186 204 132 107 223 63 64 66 23 164 160 242 244 219 183 285 20 99 59 51 205 200 108 124 74 30 27 126 221 279 78 227 293 113 42 209 126 123 92 97 223 74 40 101 132 70 143 137 48 269 216 147 56 294 257 254 236 51 199 168 169 214 264 16 232 208 71 11 122 133 9 16 5 99 34 93 210 122 129 124 115 13 193 188 159 143 192 9 
0 166 141 161 88 24 213 279 95 247 9 240 15 242 103 197 241 7 166 48 79 193 175 282 43 71 1 228 71 230 175 245 285 109 149 43 45 51 21 85 124 248 23 213 148 109 54 14 98 26 172 248 15 285 139 183 237 237 102 112 23 87 108 57 104 207 299 8 89 186 184 42 226 290 33 234 274 203 146 248 164 285 168 98 233 6 51 134 31 277 107 168 188 122 290 42 256 49 119 34 
139 25 194 226 263 150 39 123 84 271 260 178 252 199 22 154 289 178 270 48 149 210 172 212 146 256 17 33 234 49 50 189 288 81 79 153 183 63 93 155 179 173 142 190 134 284 186 24 117 267 288 41 170 121 273 243 248 289 116 200 185 89 282 291 172 9 132 34 99 193 191 260 198 113 37 107 169 181 157 4 50 52 65 229 99 20 234 50 91 227 221 116 218 73 188 147 130 42 7 95 
43 32 217 84 22 176 58 284 242 29 149 109 39 122 288 168 132 82 259 109 206 96 255 88 129 268 93 280 278 58 62 54 238 201 299 196 275 285 47 218 264 157 160 8 66 44 15 81 288 240 4 248 70 59 146 166 205 38 31 103 141 283 151 204 133 183 85 216 116 148 182 237 232 259 100 57 123 30 134 262 207 224 106 247 298 161 86 96 191 39 92 16 247 249 232 208 132 87 67 219 
281 214 69 176 238 57 99 264 47 172 131 209 227 125 283 206 15 92 299 131 22 24 74 167 67 102 19 100 229 83 26 167 84 46 250 173 129 235 199 57 78 171 127 255 69 195 104 80 16 218 142 127 291 39 267 163 214 268 270 278 247 273 284 270 70 180 96 266 42 67 294 15 231 206 138 103 116 15 254 174 206 19 37 240 49 159 234 262 272 82 0 283 60 85 251 65 170 104 47 100 
72 95 123 275 26 38 184 127 173 292 131 116 265 218 5 133 1 121 258 274 200 125 193 23 37 73 217 36 209 47 206 55 208 50 77 190 97 233 46 69 203 298 49 154 208 83 167 71 115 155 105 196 198 188 297 74 69 123 24 291 66 49 43 279 289 97 30 165 210 41 106 111 260 230 275 51 32 194 141 154 210 88 122 44 107 175 160 152 105 279 190 221 183 260 93 291 20 191 137 31 
45 254 46 199 252 47 52 29 68 276 45 154 67 209 137 57 7 266 98 40 284 115 21 207 16 114 24 49 88 284 34 167 219 42 244 253 184 237 178 26 57 96 297 211 53 297 30 157 189 290 187 27 135 133 4 282 259 150 136 175 10 188 173 236 291 55 146 263 280 17 96 235 114 38 179 1 265 264 61 254 246 50 207 101 113 296 107 263 13 188 162 202 94 12 158 195 294 152 99 119 
55 29 66 200 228 27 106 139 186 114 106 145 49 131 202 290 63 129 282 157 288 229 96 58 199 91 206 48 268 6 74 151 50 248 196 221 95 97 225 274 25 148 257 178 107 55 248 158 21 51 193 287 0 112 239 146 282 158 215 23 260 232 253 289 260 271 46 249 18 167 50 94 114 61 223 256 8 100 154 236 10 110 292 0 173 226 284 272 150 267 234 163 259 126 139 70 110 228 20 189 
174 194 24 187 76 242 90 169 139 246 126 130 14 214 75 193 270 237 293 74 76 8 296 2 124 93 276 161 8 242 42 33 282 252 227 281 123 9 68 23 200 24 38 42 143 268 222 50 295 255 159 133 115 97 279 58 228 183 0 208 225 229 116 25 99 88 267 35 128 140 7 83 133 238 228 285 191 171 197 43 97 36 11 61 120 208 212 136 79 127 83 85 53 6 162 61 192 299 220 50 
251 111 180 129 115 140 34 134 214 216 145 64 160 46 36 109 94 15 40 60 92 198 197 173 109 176 85 261 266 187 126 163 79 88 272 97 269 226 158 175 25 89 56 120 143 63 261 231 71 182 58 178 227 214 210 156 69 44 167 260 236 275 193 43 253 169 18 39 189 273 70 158 159 76 43 144 15 178 40 49 204 3 137 149 249 6 159 154 196 272 10 15 55 252 226 101 9 213 133 298 
175 265 73 204 77 21 231 253 283 24 296 224 39 68 107 62 298 214 274 122 279 186 96 170 187 196 263 280 234 105 119 135 72 64 163 105 31 62 58 280 264 80 117 120 144 61 39 53 17 159 124 290 66 74 23 189 299 90 173 127 112 228 223 262 263 180 176 89 28 201 150 220 45 38 287 69 214 192 57 278 163 104 142 216 124 14 173 19 0 98 293 295 180 90 241 115 106 100 8 220 
65 66 10 112 23 167 26 238 166 71 297 149 28 193 190 237 149 152 208 66 9 293 225 72 102 96 253 213 162 257 23 165 1 247 25 287 70 177 18 237 40 297 115 161 247 247 98 253 58 191 207 16 115 230 167 246 197 276 187 130 106 225 17 29 81 230 133 226 229 99 147 272 135 267 79 232 196 129 228 135 95 132 98 14 249 137 222 212 242 293 187 124 215 227 118 52 209 94 253 233 
185 98 193 88 207 271 141 64 256 251 10 261 123 66 256 20 52 259 117 36 204 100 81 176 112 60 254 10 180 148 17 128 297 224 240 69 69 95 237 214 187 34 267 241 35 217 7 218 168 214 186 80 244 183 9 286 187 170 249 251 78 27 77 254 266 36 132 230 25 23 247 290 84 45 27 124 242 2 294 7 184 269 124 217 142 217 96 106 8 212 232 290 180 263 265 241 263 38 250 97 
