180 120 89 210 285 241 183 58 94 148 79 102 3 203 222 40 177 46 62 125 187 28 159 11 193 126 203 0 174 294 12 273 124 20 196 15 140 167 138 273 225 62 7 14 148 16 235 97 182 153 105 119 159 101 80 43 131 179 24 89 249 207 276 235 205 100 293 67 149 293 187 119 108 85 151 85 35 288 20 279 89 95 234 82 40 191 40 253 144 254 57 197 216 163 245 266 115 11 84 9 
1 188 112 116 210 37 271 188 234 118 27 262 265 21 193 4 220 57 251 195 61 250 285 289 236 5 287 295 67 166 21 240 19 103 91 19 223 102 110 51 29 54 39 185 139 142 78 95 195 103 261 59 202 131 146 185 13 153 298 180 69 71 8 49 5 130 202 186 197 25 66 50 173 157 103 134 162 95 65 84 69 13 278 105 246 90 191 189 186 104 247 121 116 65 262 40 228 174 156 179 
137 77 110 185 197 161 1 55 175 246 179 87 48 48 147 63 93 246 220 160 272 269 160 88 96 109 81 141 138 86 92 163 110 91 170 39 271 285 280 237 209 225 126 239 255 211 206 67 272 211 113 144 162 1 166 183 187 97 114 163 23 158 88 274 234 262 282 254 172 118 116 0 257 188 131 166 244 222 132 187 263 29 170 271 221 166 30 116 155 216 94 172 111 166 115 279 221 114 206 84 
250 102 189 39 163 218 199 138 84 242 166 93 241 137 172 26 221 274 174 29 260 146 131 86 104 259 81 124 208 163 111 142 165 284 107 16 166 95 16 188 178 242 142 30 71 134 45 181 37 81 128 38 287 232 90 10 113 232 22 283 155 158 283 91 117 293 246 297 127 59 88 96 107 210 202 241 40 12 2 191 125 53 214 193 239 145 148 136 88 62 278 237 145 170 259 217 108 100 46 283 
165 47 165 262 126 207 81 44 29 128 103 202 79 36 258 213 149 249 232 75 85 163 282 270 251 103 92 222 57 157 15 246 89 153 217 109 64 240 146 157 138 97 93 76 96 218 115 157 105 141 49 293 6 2 204 270 272 22 212 132 50 292 26 62 198 104 126 11 220 129 267 33 30 132 94 298 155 201 273 250 86 108 193 72 152 284 277 125 297 150 273 152 280 146 281 274 85 285 158 262 
71 271 111 132 285 235 148 104 102 99 119 88 293 202 271 217 74 99 234 294 73 107 237 117 250 70 117 200 230 46 96 143 69 109 142 82 217 244 45 250 25 299 207 139 121 199 203 52 21 242 41 174 169 42 286 274 4 92 239 54 172 94 36 154 169 195 160 179 119 18 55 79 157 74 56 38 19 76 97 53 92 189 96 265 213 98 214 126 292 257 113 25 40 2 290 214 35 293 93 158 
86 150 101 20 234 34 282 23 231 132 237 251 117 61 293 3 188 279 171 30 204 148 73 205 153 33 254 265 241 116 105 124 291 191 51 58 67 74 169 204 252 64 263 264 208 225 262 92 38 218 180 295 272 129 85 17 56 215 72 265 164 183 92 249 245 153 124 290 172 195 234 26 138 231 223 258 146 221 165 7 160 142 153 46 1 145 247 262 16 204 36 195 259 227 78 77 138 45 22 143 
79 79 55 104 138 49 53 258 155 41 228 261 214 71 82 70 170 47 58 105 126 117 54 287 84 90 92 188 190 169 260 124 85 117 213 156 120 34 69 8 166 282 10 2 12 225 107 65 233 235 46 16 166 229 87 261 175 98 192 165 11 24 206 92 65 49 189 4 47 195 204 199 216 192 235 14 156 181 120 189 83 117 239 167 11 117 105 20 273 183 267 194 66 67 73 132 197 124 25 74 
36 235 4 153 252 57 227 85 13 178 25 248 90 250 165 104 289 211 297 225 194 155 142 265 145 88 191 76 205 101 166 256 163 86 134 232 191 279 242 206 297 85 10 3 126 33 284 202 89 177 236 289 293 240 203 71 64 266 5 280 218 220 121 251 258 141 71 29 93 237 200 139 21 65 248 133 111 111 188 112 123 71 172 173 35 38 108 271 227 13 211 84 72 30 233 290 116 255 77 84 
93 187 257 78 216 74 253 44 95 271 33 19 26 11 111 232 255 295 8 135 97 34 154 115 142 226 5 47 115 144 62 192 131 34 165 192 74 132 98 18 249 181 279 11 91 211 68 169 134 169 154 61 26 60 224 286 213 280 147 92 160 285 53 267 156 189 240 116 45 120 32 265 39 221 178 147 134 46 178 75 155 264 0 122 123 187 130 66 144 213 62 70 46 17 90 143 124 277 271 60 
98 145 53 42 278 80 187 189 230 253 223 295 279 122 161 226 60 72 165 72 132 184 222 61 294 40 128 141 230 100 268 230 32 11 11 64 285 293 192 167 7 295 170 225 38 41 153 253 56 130 32 47 216 69 95 213 211 219 177 1 79 40 85 276 65 283 36 66 152 172 278 250 158 232 95 17 239 88 124 247 264 173 154 282 145 252 285 113 34 72 24 219 114 125 232 76 9 19 42 63 
49 178 98 142 27 285 98 7 131 212 254 127 155 78 69 188 71 166 24 183 218 222 137 138 120 221 259 218 197 10 224 64 14 78 235 283 117 136 155 18 101 171 223 114 158 44 264 234 221 50 280 49 280 246 272 227 189 214 208 24 157 69 258 262 27 120 104 49 21 96 62 59 246 139 275 264 196 267 39 36 232 25 185 172 92 186 129 239 188 264 293 52 236 174 172 198 213 229 287 55 
258 2 227 294 1 264 154 5 278 40 246 102 211 21 103 152 17 145 60 80 22 273 89 32 75 296 74 175 267 44 99 18 137 156 142 239 79 41 237 33 208 149 85 155 275 16 130 188 176 251 198 74 174 27 104 194 37 172 56 143 59 177 252 90 222 117 48 98 27 6 98 47 77 141 104 241 15 98 163 154 144 233 289 103 129 253 181 7 243 161 58 240 266 56 57 95 136 109 235 122 
206 179 179 253 34 125 3 258 96 30 196 56 126 210 66 229 250 224 294 206 173 19 168 292 106 54 60 225 227 285 176 25 16 53 118 253 22 239 94 223 154 124 123 39 13 163 78 73 242 223 214 69 194 30 90 40 3 218 236 275 232 220 24 233 160 103 189 224 2 14 73 8 36 68 2 151 286 202 215 108 144 46 113 138 266 243 180 251 293 245 61 246 79 290 49 227 219 113 94 245 
165 42 84 268 226 30 227 207 89 165 27 223 209 201 128 194 175 197 207 243 78 106 176 139 119 132 237 242 148 212 239 234 256 216 24 85 154 87 253 297 149 19 136 197 261 273 261 153 126 28 153 18 41 185 187 291 65 141 91 100 8 175 22 105 210 247 31 85 17 263 235 275 22 57 88 260 131 25 249 203 18 265 55 134 268 10 199 213 13 41 258 75 167 286 281 115 88 183 67 153 
94 92 131 270 153 102 174 298 192 166 24 299 72 203 262 32 23 122 184 216 290 153 172 29 168 177 83 124 142 261 170 125 163 152 160 110 46 70 98 281 223 246 219 3 271 158 136 11 40 272 147 79 108 192 216 207 95 125 124 156 11 84 298 293 148 202 42 195 161 242 120 66 245 299 200 209 281 115 295 154 60 24 54 155 140 198 118 144 137 81 272 179 264 44 21 96 146 211 61 228 
112 89 8 128 217 101 65 150 98 81 166 128 138 119 43 264 50 179 258 127 94 110 155 24 52 202 29 99 192 190 137 147 78 279 18 201 244 138 76 94 239 128 197 58 127 276 212 198 89 264 32 95 101 223 169 164 260 41 189 219 168 167 18 62 221 276 186 199 98 208 95 116 48 189 111 253 194 191 27 48 34 16 184 10 207 40 210 171 288 241 189 21 287 10 220 18 229 5 96 59 
130 190 217 22 56 191 122 138 277 177 155 248 288 88 38 82 31 261 139 257 67 211 29 64 80 68 23 263 120 285 216 37 128 105 269 158 252 222 221 200 188 17 191 28 208 130 238 11 266 63 214 266 145 117 157 255 76 200 76 280 127 229 30 109 26 152 141 205 119 298 248 137 48 111 65 93 78 189 9 51 112 1 60 217 35 262 241 289 218 78 157 195 245 279 2 271 293 275 228 183 
126 268 95 107 285 235 240 15 169 234 289 241 180 143 2 227 69 67 29 47 152 115 176 62 259 73 281 238 8 299 250 44 169 167 266 148 298 278 108 169 277 3 299 204 82 234 230 288 170 222 249 97 298 274 111 278 112 143 261 211 257 91 299 79 267 0 50 157 96 239 265 237 160 291 48 21 243 129 98 24 19 74 249 127 21 59 72 271 70 47 224 14 132 27 227 49 128 93 217 145 
130 231 167 33 159 186 250 188 127 232 160 231 87 167 290 145 57 55 265 109 21 107 228 119 2 267 190 287 89 172 52 50 221 273 106 42 145 109 79 225 38 188 38 41 139 74 14 110 113 289 100 63 182 175 87 158 107 280 172 222 38 257 24 290 101 101 39 120 175 107 149 135 150 120 283 289 159 126 182 3 110 233 80 106 157 57 156 274 94 177 94 161 258 227 283 39 273 259 88 259 
136 20 230 12 254 32 278 80 158 283 135 125 71 72 112 182 41 63 146 4 287 250 138 175 54 190 231 190 281 40 206 218 266 52 237 62 240 137 109 222 68 38 163 261 193 237 166 3 219 224 179 37 284 4 153 75 122 250 178 190 115 75 282 99 97 268 234 254 240 62 191 227 151 106 108 18 51 100 213 85 202 37 262 42 219 118 156 274 149 139 26 238 28 180 234 232 118 127 269 168 
163 107 4 42 52 299 257 123 158 113 53 16 91 57 183 218 236 184 193 120 179 282 53 21 27 12 248 158 41 150 170 275 157 56 96 285 146 58 145 287 134 241 254 215 109 4 178 208 188 275 278 133 13 35 21 244 13 74 238 248 1 184 117 33 9 270 79 42 163 18 30 11 206 191 216 11 5 222 235 179 166 206 57 1 11 112 273 268 173 178 290 248 95 209 70 184 116 184 265 270 
55 75 43 179 243 152 272 96 19 288 54 252 203 1 72 215 220 191 237 234 125 153 151 104 106 93 137 157 213 15 99 165 35 121 204 31 120 219 184 138 146 237 287 199 107 69 170 272 281 11 89 145 233 34 200 134 107 273 246 136 45 157 255 287 71 209 13 190 22 136 185 36 275 266 235 180 157 57 123 104 257 5 85 184 202 37 87 256 34 76 269 256 196 16 10 171 254 86 18 170 
236 291 35 264 281 266 176 6 42 93 6 243 105 136 233 90 140 55 119 226 274 191 131 7 57 76 37 186 36 261 83 101 63 149 31 228 69 193 211 43 289 118 229 129 0 92 21 252 66 90 144 238 207 100 270 163 93 263 274 4 291 105 56 68 39 21 131 5 294 259 85 277 235 114 195 169 147 225 189 218 105 97 70 86 239 253 240 253 79 87 163 169 280 50 165 175 243 195 29 11 
141 277 28 145 124 179 77 173 206 148 222 116 156 233 273 140 63 290 243 125 59 232 6 93 62 88 91 13 95 172 48 130 50 150 150 207 71 153 9 55 124 68 22 65 60 172 125 30 34 9 101 15 223 224 141 224 47 276 124 192 89 95 147 245 52 10 145 6 268 287 64 32 178 53 242 234 129 297 270 165 257 244 80 42 97 141 35 13 171 161 241 110 190 56 48 185 167 285 23 8 
180 277 142 224 99 236 183 48 218 136 77 216 203 119 230 116 117 34 223 249 263 23 103 48 9 287 74 107 9 132 7 163 179 299 11 54 208 240 259 149 287 66 252 33 294 20 118 163 60 0 7 124 71 235 280 46 291 69 9 272 211 135 5 8 112 206 236 283 20 53 204 1 142 234 64 226 110 61 292 64 174 82 218 166 38 196 198 192 63 293 76 183 104 204 72 67 0 261 183 172 
36 56 264 86 56 40 218 16 25 185 16 87 18 0 220 70 297 202 260 129 251 260 125 143 202 113 114 52 35 8 250 55 252 24 169 42 248 157 44 55 0 265 134 83 88 51 77 174 135 178 253 286 127 185 76 87 245 229 18 90 20 168 99 132 119 29 298 23 39 72 148 135 57 196 110 62 290 245 253 280 233 207 183 280 37 124 275 60 2 85 120 167 95 72 260 45 278 4 211 239 
196 13 225 116 204 74 20 214 137 204 140 261 262 137 201 276 262 81 107 174 293 135 73 217 245 296 160 101 128 175 52 118 125 293 42 61 245 87 224 220 248 28 35 29 183 140 7 1 265 105 284 77 165 234 275 265 26 165 90 143 26 33 45 242 170 163 29 103 134 52 30 80 17 92 196 95 148 57 117 262 43 123 22 221 86 295 143 219 201 274 280 56 287 191 166 214 152 255 249 46 
90 80 230 46 144 120 248 277 132 147 199 18 139 204 234 293 22 260 45 6 43 171 253 256 180 131 239 121 199 46 130 130 219 211 197 21 138 44 148 61 4 107 165 186 131 62 294 50 87 200 226 80 195 212 97 298 268 92 100 236 10 158 100 63 250 278 185 134 115 277 86 136 83 188 47 134 275 195 116 256 125 279 216 271 246 130 204 40 204 175 141 223 30 90 251 192 238 244 0 30 
198 210 152 194 22 106 258 150 100 39 106 39 201 58 297 104 119 204 194 208 64 174 262 162 138 19 243 198 227 1 28 38 248 275 164 199 88 37 156 106 42 244 242 135 106 224 91 187 183 159 87 99 47 115 252 152 127 35 0 101 87 66 71 77 172 21 112 114 46 154 54 97 244 240 94 11 221 193 148 179 146 62 3 249 246 18 209 82 125 105 146 57 244 186 47 54 79 171 247 109 
15 256 45 36 191 98 72 145 150 210 154 130 255 93 95 226 140 61 286 93 171 241 1 222 146 269 190 224 56 293 184 22 173 3 203 292 206 71 247 43 56 146 123 106 167 244 177 238 70 54 184 275 41 200 22 192 170 220 183 264 228 67 77 294 217 20 86 282 90 86 287 86 24 237 242 196 77 20 2 192 131 101 213 44 257 217 27 298 12 102 90 74 263 22 273 137 109 122 132 281 
46 251 164 189 97 75 151 140 190 32 51 269 176 164 275 298 76 272 170 41 295 207 191 202 0 225 20 30 97 189 31 48 123 187 46 242 144 121 238 298 281 240 2 253 85 205 49 191 201 22 101 25 295 223 150 220 120 93 166 127 252 262 54 262 173 88 201 63 21 190 139 149 271 49 5 228 189 112 127 61 69 270 106 226 53 299 11 183 178 217 255 46 239 8 252 288 259 196 261 45 
143 95 210 94 184 242 170 181 249 299 156 2 99 64 131 183 61 46 34 168 39 169 67 144 78 291 295 14 114 167 258 252 150 79 83 22 119 243 43 142 80 144 30 90 209 229 294 282 103 69 231 271 202 165 247 217 280 267 202 276 281 96 24 148 39 42 110 167 117 25 99 69 154 218 88 27 163 268 74 169 154 67 258 76 248 98 201 224 213 193 5 101 277 27 24 1 162 16 191 157 
157 38 82 127 5 258 258 228 266 165 251 65 246 268 123 251 24 243 174 3 38 280 252 67 157 48 16 214 298 194 75 174 296 45 164 220 119 22 44 200 94 45 137 26 236 296 119 51 259 280 171 220 203 137 43 4 122 224 65 264 148 95 92 212 161 215 221 116 72 101 202 168 198 279 208 79 172 168 180 186 149 274 266 16 215 103 290 297 108 198 64 295 272 135 55 261 221 2 25 290 
137 80 205 240 171 151 276 118 21 263 295 250 233 196 65 99 7 242 90 218 126 26 71 287 16 223 61 123 119 33 280 88 138 105 39 284 76 121 281 277 216 221 137 160 228 198 170 249 98 14 185 190 264 109 44 124 191 30 53 222 40 217 290 188 226 83 5 215 122 230 31 257 72 279 289 247 117 177 87 13 69 76 104 291 115 58 242 193 159 288 258 240 108 136 223 207 242 82 292 270 
89 193 266 98 134 232 118 237 97 140 183 113 156 207 192 151 247 61 220 284 9 294 86 271 154 224 251 100 149 235 62 174 64 206 26 140 101 240 178 200 3 139 93 299 118 155 203 119 200 255 32 291 184 35 128 201 251 153 170 57 172 165 169 269 75 210 116 162 30 187 64 134 212 39 251 200 139 225 247 167 188 218 101 275 257 163 223 68 110 278 285 168 222 92 207 19 92 256 170 177 
237 90 228 149 140 115 288 207 297 116 278 151 70 41 11 103 251 87 129 193 188 127 222 266 36 165 194 206 156 209 225 6 193 57 29 281 42 251 4 222 285 192 170 178 8 57 182 13 219 149 117 55 76 212 283 47 142 227 156 168 254 139 118 67 26 26 217 84 19 115 227 7 198 10 10 213 38 184 30 75 200 52 239 152 43 286 62 283 291 282 175 59 239 136 180 84 126 195 119 96 
274 184 221 172 114 21 34 173 206 177 107 266 195 89 67 98 133 280 89 246 291 263 178 21 46 195 10 219 266 291 180 279 120 77 114 219 101 5 93 223 29 108 193 30 260 186 85 130 193 6 91 107 76 96 173 218 145 261 142 234 49 270 158 11 76 127 67 293 24 202 257 22 101 190 5 283 138 262 162 272 79 84 127 284 67 104 220 264 48 185 171 30 1 249 30 125 71 244 106 141 
199 85 141 9 286 50 53 209 202 165 244 132 93 183 59 19 215 136 227 294 244 67 228 11 202 39 84 40 205 86 88 181 137 49 245 247 128 125 118 163 211 136 100 74 200 178 242 0 154 206 250 163 193 284 207 281 93 213 129 30 285 253 38 63 102 187 249 17 270 197 13 271 186 246 42 277 283 194 68 249 12 253 261 212 262 55 3 84 138 69 187 17 59 187 146 244 20 218 118 255 
136 28 44 191 66 128 67 178 159 98 257 89 178 9 216 269 160 48 8 299 24 241 227 82 20 114 134 116 4 294 262 213 155 90 157 223 120 172 289 133 123 34 33 179 60 7 152 182 202 75 182 76 96 117 38 189 164 234 188 243 161 87 178 199 163 297 258 233 4 168 34 150 173 94 16 184 225 202 19 50 113 157 150 265 221 47 155 158 58 161 298 288 185 274 43 8 235 147 57 192 
165 131 245 257 86 279 258 40 97 247 54 62 21 261 166 55 228 81 61 224 219 185 279 188 128 150 247 86 224 12 57 139 139 74 49 133 41 4 244 147 58 156 42 59 265 100 287 105 232 195 58 113 95 9 250 248 167 179 35 267 85 74 98 251 159 168 20 147 62 26 224 112 214 271 213 131 89 96 233 109 174 87 129 235 245 214 229 142 206 250 96 135 287 99 283 8 241 145 17 88 
279 79 183 213 225 28 117 226 247 119 193 233 118 259 269 55 105 291 99 146 232 178 37 168 133 126 82 226 197 170 76 293 293 81 2 28 148 125 184 178 296 149 85 210 87 102 296 257 280 76 172 278 98 211 77 289 272 8 98 124 125 198 121 225 251 224 259 174 258 156 28 273 39 208 27 112 25 205 37 208 18 254 96 252 39 22 258 277 256 239 231 259 20 181 88 31 3 142 272 135 
125 240 144 249 113 134 69 147 206 115 204 102 142 79 151 58 88 246 263 165 12 66 114 288 160 231 129 42 241 21 16 34 106 262 208 132 37 243 161 223 151 276 157 13 81 161 281 186 32 179 196 73 77 138 213 41 185 89 148 79 166 21 70 65 183 265 16 66 165 89 118 287 83 160 141 38 170 280 231 160 248 245 173 5 26 21 157 114 161 226 61 282 282 276 244 186 64 221 140 53 
57 146 19 56 208 68 178 293 86 231 75 146 104 33 62 52 208 58 178 13 137 239 136 75 172 108 281 98 181 263 140 44 86 261 278 118 258 227 277 13 249 18 290 211 195 54 111 96 214 201 173 72 128 18 286 5 57 108 53 33 284 285 256 174 196 95 274 229 90 193 62 256 214 193 117 122 234 53 252 63 41 187 68 1 131 53 77 138 96 217 104 99 88 45 44 136 202 19 251 281 
52 51 206 160 281 17 26 220 164 232 197 242 61 55 56 10 177 24 154 92 62 118 70 267 95 263 40 242 133 81 185 69 179 180 27 58 92 129 127 13 82 58 10 69 53 297 198 80 212 205 14 272 131 207 123 182 197 114 232 156 284 45 84 126 168 152 31 262 56 149 286 181 275 256 135 267 201 278 217 26 144 38 267 202 50 24 235 224 180 174 225 93 264 48 124 288 2 40 200 108 
132 206 77 271 24 148 33 82 2 209 4 6 170 255 175 162 79 190 206 145 181 279 233 126 221 241 10 159 294 103 40 16 10 239 167 104 97 85 46 208 120 114 17 174 78 82 45 15 283 32 140 65 235 126 293 280 174 153 48 283 7 201 266 261 194 136 124 101 21 75 0 298 66 62 143 223 147 109 168 178 202 26 38 172 195 74 86 161 83 90 75 235 234 55 10 104 93 293 147 51 
48 95 1 188 153 96 234 185 46 19 154 23 147 93 298 25 276 275 78 133 122 38 164 165 23 144 119 93 158 19 170 117 51 8 7 34 237 276 146 256 2 25 290 74 207 128 85 289 280 278 83 214 128 161 281 123 277 44 159 128 279 1 224 198 298 246 120 11 249 202 163 275 232 266 248 207 274 276 232 196 67 158 196 206 156 297 196 230 61 295 209 60 253 72 5 193 76 298 130 16 
225 255 69 180 243 210 148 85 83 55 265 82 290 55 265 31 127 100 75 278 294 126 129 199 218 271 209 71 66 82 40 266 210 162 48 245 268 221 26 294 210 299 250 51 225 65 13 199 208 70 284 58 153 0 131 203 222 190 133 276 104 213 234 95 256 24 248 51 63 224 270 100 272 151 146 246 35 185 22 138 269 13 221 4 205 38 276 53 117 25 235 216 53 96 248 291 54 255 249 146 
107 2 176 128 125 0 81 144 145 202 147 130 190 83 84 246 175 123 170 213 62 289 176 239 297 37 298 232 273 49 168 245 269 140 265 286 232 45 78 229 202 201 64 78 92 147 4 221 114 299 238 171 225 37 180 92 145 131 148 76 117 278 247 242 212 209 167 37 98 298 263 17 211 125 129 233 35 146 173 237 227 6 152 130 183 101 272 165 65 239 214 140 269 289 231 123 121 49 195 231 
202 148 95 264 0 282 82 8 86 103 187 233 10 45 237 151 216 62 274 244 280 79 160 24 181 210 33 217 3 56 114 234 297 61 226 225 188 172 44 227 254 250 138 27 118 79 295 179 147 75 276 22 103 38 98 84 186 213 59 156 59 91 202 103 74 252 180 30 183 192 117 206 22 31 218 197 64 232 48 244 41 176 164 62 73 153 57 260 284 214 219 239 13 9 221 146 270 142 277 241 
254 65 22 44 179 271 187 96 247 121 262 30 133 10 160 30 187 66 211 143 18 242 220 4 244 126 213 90 157 101 270 127 125 111 160 162 89 201 165 180 196 229 191 279 136 0 215 160 197 244 189 219 73 205 33 157 124 18 72 217 50 144 9 155 11 211 81 237 23 134 277 141 258 260 134 45 69 218 245 157 278 211 232 50 240 217 32 275 283 226 205 61 206 59 279 167 49 240 87 291 
125 260 9 38 210 255 6 41 57 277 169 297 267 60 262 256 252 276 88 138 38 250 36 243 220 251 96 205 239 98 256 204 16 81 14 272 116 276 241 263 0 267 269 256 287 274 121 47 80 189 201 194 268 252 105 203 229 35 9 83 64 22 54 246 20 177 213 276 163 182 218 195 105 27 92 50 54 297 164 246 5 109 143 98 171 54 131 1 144 135 132 183 168 67 59 267 72 270 24 119 
132 162 65 173 220 170 254 62 242 238 226 100 247 231 278 204 39 275 188 84 50 256 179 289 188 189 237 73 213 34 129 12 90 230 30 156 135 158 231 213 145 131 197 242 133 99 142 70 289 196 127 254 107 281 193 159 48 137 195 58 123 113 79 230 134 65 237 17 243 94 172 27 151 107 276 56 200 297 299 61 125 155 17 193 278 234 153 283 231 90 193 230 225 33 153 52 47 136 98 56 
215 194 283 296 105 55 183 50 255 226 282 173 278 191 208 178 139 224 237 159 10 116 243 59 215 132 269 163 270 45 6 253 229 119 109 52 111 29 182 179 115 93 185 141 132 33 233 164 204 130 52 181 48 19 165 96 262 25 102 183 70 186 131 212 201 8 58 194 124 144 57 257 271 286 205 71 69 39 208 169 158 216 274 186 2 92 103 176 10 205 68 168 136 183 98 20 56 46 39 124 
196 9 40 182 52 38 203 269 87 232 98 119 232 54 275 77 48 226 77 292 78 143 275 10 148 119 48 87 94 91 290 16 69 126 75 203 266 260 273 280 146 224 81 4 196 161 263 264 89 106 159 156 291 255 167 172 277 6 199 143 186 253 117 211 136 97 294 28 188 272 41 220 263 60 187 294 90 100 206 89 17 175 270 264 248 169 52 220 152 152 157 133 281 248 122 188 224 146 242 176 
206 243 197 136 209 11 126 213 167 12 144 1 217 177 244 135 254 158 38 288 124 125 204 60 198 174 179 97 75 28 209 29 281 16 35 118 85 209 128 207 251 80 13 148 297 112 202 170 225 73 265 116 2 90 78 46 66 137 287 56 293 27 240 49 13 147 174 20 211 183 131 138 105 136 13 118 288 113 209 230 180 275 73 278 222 139 262 65 20 256 82 118 39 219 228 285 141 173 269 271 
198 220 129 28 238 288 213 166 211 35 147 289 147 238 199 253 170 222 187 211 69 96 295 211 29 213 211 41 118 205 10 167 83 72 29 11 293 21 43 154 182 234 50 275 231 112 45 188 233 289 103 198 297 0 96 195 38 8 215 141 264 167 248 40 257 183 187 12 59 34 4 76 100 259 164 42 272 197 249 68 45 215 105 158 127 152 212 134 267 132 275 160 74 27 203 194 241 162 207 206 
95 35 261 133 261 116 287 156 89 32 45 81 171 173 41 81 56 84 243 295 235 209 14 227 88 166 259 32 7 240 209 259 138 213 177 293 50 112 62 75 71 100 299 183 262 126 139 137 191 41 217 115 91 92 134 27 215 243 164 131 154 18 65 153 95 131 143 127 243 12 85 173 218 4 145 1 231 102 175 56 145 242 263 202 38 93 22 258 275 127 203 3 138 183 123 125 252 201 25 13 
171 210 64 178 33 149 281 133 209 221 209 280 1 256 239 100 105 54 210 44 259 1 254 264 4 123 87 63 26 212 182 161 259 261 59 276 296 225 70 245 125 204 218 46 288 158 174 253 144 145 150 263 168 121 298 97 192 218 273 79 87 295 269 252 18 250 278 98 228 195 176 142 127 258 24 69 41 136 292 80 62 161 206 105 174 227 115 160 93 177 246 33 103 162 16 238 189 188 177 167 
189 136 27 160 118 192 200 91 202 258 18 66 260 31 126 187 59 36 50 139 28 71 84 240 253 169 178 275 231 247 96 224 14 3 282 210 98 204 171 170 216 37 6 136 129 73 242 177 178 139 245 199 237 296 289 69 58 185 43 150 165 295 155 97 244 28 272 206 288 192 271 251 209 228 114 211 182 237 299 63 125 108 278 204 86 181 35 244 42 121 267 60 67 129 158 166 62 24 118 262 
132 48 290 298 245 199 160 190 126 167 23 153 105 296 288 86 202 45 120 105 40 2 202 270 136 140 126 66 25 145 45 31 165 54 94 131 27 99 134 172 54 266 27 38 193 294 282 48 295 40 218 212 60 126 37 210 97 212 225 150 29 225 77 133 80 124 137 285 32 214 219 24 222 34 36 68 174 78 2 199 38 275 223 148 284 212 154 252 233 294 172 27 277 44 38 96 61 69 118 22 
280 251 167 51 137 167 124 173 71 64 119 47 194 157 10 147 65 113 206 102 81 261 36 87 217 25 113 211 115 190 184 148 130 187 293 229 167 186 285 209 285 249 69 40 180 18 134 63 202 235 274 170 36 81 195 278 166 36 256 280 238 18 237 264 82 184 183 234 273 110 153 150 119 140 288 94 175 255 237 100 296 125 140 201 155 87 115 134 284 289 88 101 155 145 256 86 209 9 216 81 
267 215 222 287 222 190 180 29 144 222 38 224 262 275 153 47 46 238 143 173 70 277 258 47 178 28 69 249 59 279 272 156 124 77 27 99 214 294 177 264 146 242 277 78 114 90 258 24 12 190 107 269 1 135 284 189 142 113 156 211 155 153 31 77 273 265 219 151 22 228 47 60 230 56 70 129 12 285 102 256 210 156 282 12 57 111 184 273 8 179 109 250 158 35 106 269 134 7 4 99 
115 112 122 13 36 142 289 130 57 52 60 266 223 83 98 282 225 129 169 13 227 295 240 259 239 141 171 92 286 229 97 111 68 111 98 187 23 167 183 221 153 31 78 151 224 39 30 45 269 62 223 191 40 231 273 190 7 200 71 242 97 249 66 114 298 200 207 18 216 163 18 194 183 239 131 143 44 128 34 152 58 290 89 261 283 146 217 110 114 283 146 186 192 182 159 86 28 168 46 209 
122 23 143 228 0 136 159 242 172 111 118 206 272 7 281 143 7 264 158 245 251 206 73 293 23 4 8 225 223 145 73 101 178 98 223 157 267 28 38 120 183 275 70 268 126 51 210 235 228 2 5 265 50 198 22 3 161 152 293 248 286 145 250 274 43 204 136 131 185 133 4 117 50 209 31 282 181 237 152 196 151 107 279 203 285 134 267 92 7 225 43 27 299 88 35 108 266 18 47 255 
66 14 229 244 197 55 83 144 132 262 115 25 4 151 214 139 233 30 278 204 13 216 136 53 279 72 54 19 155 179 65 121 25 44 153 214 175 23 199 205 24 96 208 91 70 71 232 241 85 83 25 23 57 179 265 36 120 11 197 94 205 151 185 241 186 173 108 79 125 181 64 102 33 57 201 134 62 30 0 97 34 0 243 132 146 33 107 206 22 228 254 190 272 63 46 178 150 235 266 259 
78 292 108 160 150 41 103 193 144 284 165 146 83 201 200 188 38 287 220 80 260 124 180 136 269 202 78 117 221 202 260 41 123 116 285 53 199 287 118 282 275 90 65 153 6 183 164 215 150 47 278 162 151 178 195 58 164 20 284 262 178 60 120 187 239 105 257 213 121 247 115 247 267 227 111 162 255 220 298 141 257 279 71 240 83 246 19 56 185 30 188 237 42 75 48 227 163 175 274 290 
288 85 196 141 29 271 235 141 119 267 104 261 192 82 169 25 151 133 236 136 246 71 62 286 208 23 206 158 191 267 62 18 151 242 199 16 221 26 81 77 230 221 109 81 142 277 263 246 159 81 166 232 158 143 258 72 209 22 260 84 238 289 3 55 3 69 86 32 30 125 81 144 259 260 178 167 256 50 85 152 288 188 89 157 219 10 48 45 89 74 68 176 180 103 256 175 240 298 127 213 
133 227 175 0 119 71 69 228 137 80 290 113 86 254 57 255 117 197 148 207 295 87 260 144 251 171 65 106 201 138 253 158 265 289 259 226 30 218 79 108 114 144 144 181 48 26 182 174 266 23 194 215 220 283 63 266 40 48 22 266 298 243 59 232 83 193 173 154 218 82 100 18 271 109 66 34 39 32 281 66 135 169 134 45 191 196 168 155 194 119 35 122 52 144 143 239 171 218 110 104 
186 150 57 144 51 207 52 266 299 108 228 218 87 41 269 292 149 137 101 199 251 95 160 129 191 118 68 187 268 169 40 279 272 123 40 136 18 162 286 226 242 271 136 155 71 13 145 6 137 163 85 281 39 148 69 260 114 287 58 16 170 180 220 141 129 43 106 219 234 131 297 114 59 280 218 205 166 249 291 53 276 5 8 231 111 146 18 179 198 282 109 5 167 282 155 0 276 204 44 85 
77 61 263 218 108 75 280 0 202 75 156 258 25 11 226 39 11 186 44 198 158 284 45 39 0 163 231 189 245 206 109 162 251 129 145 178 62 173 232 72 203 45 30 29 285 205 227 202 170 59 165 184 251 11 90 234 208 12 18 23 274 127 84 181 153 137 24 89 228 1 13 24 250 243 259 157 96 288 228 56 13 249 250 258 73 102 37 214 248 272 199 244 73 161 59 148 202 23 222 233 
159 299 263 198 15 11 270 228 73 207 215 137 123 105 16 29 263 198 104 203 171 19 241 274 194 107 249 229 275 279 148 172 178 52 221 236 125 191 34 172 173 187 73 217 105 34 61 187 297 125 80 97 51 57 62 90 298 82 206 237 208 259 95 62 18 154 157 151 269 214 177 146 291 30 183 39 54 140 3 80 96 50 154 91 20 151 257 192 217 41 209 80 56 217 134 245 18 48 274 226 
286 245 106 122 264 118 95 16 191 88 204 142 52 185 108 54 131 292 42 160 90 24 176 73 204 265 252 44 91 19 208 215 181 171 141 228 3 111 23 232 260 205 278 291 32 159 31 58 0 169 213 234 201 211 286 2 55 73 123 138 225 129 91 72 41 12 286 243 125 243 45 171 196 243 52 101 77 203 4 11 226 229 214 169 204 63 152 17 174 47 98 28 279 289 59 190 52 112 93 269 
26 100 43 257 155 19 6 62 3 101 110 120 6 84 5 274 260 283 152 79 48 14 213 298 190 183 76 197 83 116 298 56 201 74 91 245 91 244 264 86 29 10 164 35 23 270 198 113 108 188 263 80 122 167 52 188 133 44 207 225 132 223 53 45 158 135 135 0 173 290 101 175 219 100 248 70 186 24 149 170 22 105 193 183 132 25 14 89 157 147 82 242 19 166 23 95 179 1 150 286 
100 289 280 144 210 290 105 214 227 105 235 145 122 106 255 254 101 168 118 47 153 213 62 187 55 135 90 20 249 167 144 271 194 206 2 100 14 169 151 155 69 138 10 29 265 7 151 31 82 272 225 192 186 208 76 233 241 185 151 250 67 206 89 159 31 260 24 132 46 111 126 220 224 69 147 96 151 105 190 251 278 10 184 9 259 10 218 292 236 197 87 39 99 101 193 125 48 40 186 20 
199 163 142 71 34 116 267 8 251 139 45 258 158 277 223 202 153 207 46 112 125 149 60 89 289 248 260 279 205 288 40 260 140 22 275 74 188 151 272 214 214 261 19 64 173 2 186 62 52 65 86 109 212 244 248 60 222 187 126 167 285 246 22 3 106 27 197 230 209 40 284 214 159 0 147 116 272 139 202 267 51 262 28 2 296 14 277 30 22 171 95 74 128 118 185 86 81 126 116 279 
270 17 270 31 147 262 35 236 23 238 13 79 283 290 95 85 98 255 157 298 52 195 135 187 136 266 127 2 16 215 205 261 142 105 277 270 81 270 14 242 85 143 277 283 55 147 175 48 129 288 179 79 220 135 247 96 27 248 266 189 7 71 66 255 111 25 175 96 38 117 284 227 42 60 200 115 252 247 187 88 125 233 183 178 172 212 229 191 149 120 32 247 91 141 72 43 261 256 143 287 
266 81 80 119 39 291 108 31 294 281 221 5 248 164 293 287 226 21 215 5 171 260 275 58 176 57 124 275 230 142 113 75 256 181 64 49 72 164 103 206 112 218 260 34 248 291 45 213 178 238 67 270 88 214 190 92 245 28 56 172 47 88 97 118 273 250 136 151 97 201 207 73 274 136 156 248 97 81 226 58 229 152 283 54 118 218 21 39 291 5 270 125 198 124 255 218 288 95 90 295 
260 256 191 245 61 230 258 24 96 199 43 132 122 62 257 129 202 270 63 273 110 284 64 228 227 213 267 105 214 140 287 122 168 108 139 124 57 201 180 72 233 131 209 44 238 176 19 38 274 0 26 154 241 278 204 243 170 240 125 57 38 281 55 76 79 298 119 266 21 99 171 40 155 236 129 146 269 51 228 159 90 95 37 236 264 70 53 72 49 91 37 239 85 199 186 68 213 297 47 281 
186 247 279 82 167 223 283 182 10 186 8 238 129 40 168 218 232 128 275 117 83 177 127 138 290 81 141 284 111 133 55 27 191 85 149 116 192 102 71 216 2 225 218 296 232 145 243 119 273 160 298 182 10 170 136 28 230 227 174 74 9 34 27 189 285 94 123 104 87 12 242 59 220 225 48 52 91 217 2 184 154 55 114 181 159 39 86 63 185 150 42 263 62 21 23 299 124 169 183 236 
91 49 190 184 185 120 189 100 93 257 234 173 116 180 19 24 53 279 247 160 278 5 270 243 251 41 223 113 67 114 67 144 37 74 129 211 25 289 193 130 14 295 5 166 10 144 137 61 268 46 173 147 206 128 9 142 216 271 123 171 19 214 285 198 16 174 253 216 203 221 217 107 288 54 72 30 257 6 92 242 142 293 266 144 40 232 146 59 116 117 268 200 55 196 243 233 109 65 172 159 
263 54 243 199 172 154 168 186 57 62 208 124 33 235 76 154 25 140 35 96 139 77 80 114 28 200 283 220 220 60 145 87 154 199 192 110 49 176 143 243 77 160 173 298 289 244 273 271 45 88 259 91 230 247 237 279 261 43 108 172 144 30 279 70 296 48 180 211 188 227 231 59 65 125 144 226 155 293 172 169 126 125 2 253 21 281 61 116 119 156 122 169 102 7 0 194 120 170 124 180 
156 43 46 278 106 56 171 238 159 77 69 213 171 273 212 25 71 133 294 264 9 211 161 291 69 155 79 132 295 248 106 195 171 25 186 38 292 233 176 135 24 256 12 255 250 139 205 189 29 79 255 117 144 128 229 193 146 131 72 79 201 174 40 273 141 64 97 21 190 149 41 57 62 150 265 262 212 268 93 63 34 293 283 285 144 36 158 297 257 186 215 281 221 117 72 266 139 48 141 237 
209 239 120 76 111 44 272 128 280 190 224 33 215 77 132 37 236 146 248 93 285 133 60 72 79 260 248 229 21 26 129 140 29 83 291 236 196 13 293 159 115 172 242 57 195 294 69 189 57 143 299 246 34 11 111 37 176 231 179 288 202 108 21 78 5 42 72 184 104 130 272 220 120 266 123 27 215 237 278 49 82 189 75 219 169 292 52 84 20 167 40 237 91 201 293 217 133 83 278 169 
41 94 1 127 40 133 11 41 215 257 27 240 292 98 273 50 210 272 248 237 122 151 109 9 283 270 1 208 118 258 285 179 39 133 252 15 159 144 15 98 150 102 232 208 114 122 187 5 100 144 281 76 239 11 93 272 67 145 53 22 136 91 140 270 23 35 186 274 100 116 273 169 237 48 89 151 9 228 46 298 208 27 116 100 298 287 32 262 55 181 237 116 70 255 21 34 205 21 37 178 
163 111 263 91 51 232 46 86 116 156 179 35 126 269 234 26 236 296 298 154 14 130 93 270 249 265 271 166 224 102 163 156 221 35 51 108 57 185 99 185 216 166 208 165 5 83 61 162 296 201 163 125 272 273 74 148 68 50 231 67 173 150 30 56 222 108 79 232 174 36 93 271 193 154 227 39 81 136 211 264 227 75 131 23 246 81 14 197 36 249 75 105 239 170 128 114 285 224 81 10 
51 71 86 122 74 101 59 211 223 164 174 176 289 237 138 132 144 291 266 258 233 278 244 184 231 257 55 150 171 25 195 163 87 140 123 268 128 31 227 3 151 160 164 265 245 151 153 204 229 133 131 288 146 33 10 248 148 135 297 139 84 162 220 212 179 223 97 294 126 174 253 76 8 247 268 212 168 89 174 263 58 133 23 29 103 55 245 240 115 192 285 174 31 268 124 15 143 90 278 200 
53 180 124 258 199 273 162 125 137 108 2 168 211 279 276 9 141 27 218 242 80 77 267 271 96 250 139 32 286 43 92 46 65 204 92 185 283 287 133 24 241 103 138 216 123 281 236 14 168 181 263 4 114 198 107 262 4 196 229 29 209 10 242 171 189 283 277 24 177 291 155 289 71 82 8 171 254 53 1 146 235 290 286 247 181 125 185 135 19 34 158 204 99 281 283 241 65 264 163 81 
56 192 115 216 264 70 246 205 125 198 114 27 199 141 17 163 167 124 129 129 112 145 22 199 105 110 153 170 202 203 166 98 85 215 281 252 196 162 246 122 144 49 271 99 60 30 190 211 213 222 83 137 196 148 249 116 63 108 235 195 188 172 202 120 20 54 74 170 14 102 134 229 242 133 248 90 153 202 136 157 58 7 107 139 122 144 99 235 0 284 297 135 246 152 152 231 108 160 192 226 
243 47 173 139 176 170 36 118 194 140 119 131 92 264 41 135 187 139 200 34 136 41 91 268 9 234 62 146 218 81 52 260 146 127 87 200 193 13 78 250 100 12 202 170 95 204 145 9 191 228 177 131 80 75 213 288 152 158 177 223 177 126 186 103 196 125 0 132 298 272 263 273 135 194 47 282 176 32 24 168 241 40 52 112 164 246 247 76 188 173 78 216 6 230 143 237 68 258 203 187 
87 221 196 228 298 275 149 242 131 82 68 238 153 289 115 199 79 275 21 268 73 38 139 290 244 93 217 164 19 96 218 288 111 28 133 79 230 186 232 196 247 184 247 229 217 230 56 85 174 177 16 116 2 225 170 173 260 176 90 105 272 218 101 33 78 156 110 138 82 40 24 26 37 162 47 174 262 199 229 197 252 128 258 296 44 119 213 232 242 198 188 68 296 49 238 284 25 261 147 272 
111 224 213 285 200 134 238 124 227 276 20 37 10 69 92 167 42 47 74 5 173 243 121 216 31 255 14 106 276 295 113 2 145 174 60 161 33 82 138 17 122 218 147 3 100 195 211 11 148 81 228 266 121 188 215 95 92 50 249 171 10 207 22 137 223 66 15 178 183 78 213 243 199 193 197 4 165 139 89 194 20 174 10 224 252 272 144 207 136 162 227 18 100 104 176 167 189 93 3 299 
291 160 214 247 51 83 118 112 273 19 184 69 288 21 194 259 115 63 67 205 290 190 97 224 178 90 257 272 196 122 77 53 257 94 205 161 177 146 26 139 18 21 34 275 160 262 15 287 289 122 156 265 227 282 241 70 26 198 127 54 104 133 155 45 200 35 98 233 255 285 69 265 177 24 297 206 81 217 241 127 107 172 131 79 90 166 273 102 59 251 201 31 12 83 123 209 200 176 224 35 
226 149 195 109 61 1 208 240 39 83 240 269 260 165 64 258 196 11 39 172 143 205 6 77 29 243 31 153 163 228 262 222 85 165 248 124 95 55 254 178 29 167 12 271 98 281 107 140 173 0 185 106 271 176 188 82 135 193 61 155 279 103 5 271 89 69 8 134 138 82 105 72 83 290 122 294 257 261 28 75 52 225 22 26 258 141 106 258 153 158 28 161 100 173 162 278 45 145 119 99 
32 139 176 226 215 83 168 6 203 140 179 204 105 126 93 30 45 71 168 239 11 241 11 120 203 71 293 127 295 286 221 183 45 113 103 131 171 122 247 138 121 183 160 250 81 252 8 212 159 3 98 276 14 126 260 88 251 92 270 254 223 31 27 17 271 284 134 269 7 195 187 32 258 48 252 163 36 198 6 177 93 228 272 272 38 6 18 53 101 92 86 78 54 232 207 107 91 96 133 34 
224 67 217 226 79 89 253 5 130 137 263 60 254 38 110 288 34 183 129 275 169 156 43 145 88 82 103 123 147 218 248 179 225 49 63 33 11 122 208 230 297 120 251 271 15 249 53 200 195 244 37 181 122 227 198 281 196 56 285 242 3 17 40 276 255 129 87 33 204 121 282 108 252 175 6 220 100 10 183 272 52 46 50 73 25 149 88 35 259 170 159 107 15 17 155 12 102 176 176 110 
130 292 118 131 273 142 168 152 60 292 173 187 46 231 208 17 93 23 296 175 164 89 127 72 294 43 218 269 257 197 57 283 122 3 175 145 89 274 237 187 268 100 8 18 24 282 119 286 39 12 257 288 40 52 259 51 176 242 274 241 157 52 52 177 132 144 231 13 295 34 18 77 291 28 118 254 240 27 188 155 162 140 157 283 22 247 122 233 254 227 281 45 173 41 48 84 275 241 277 286 
131 131 41 77 150 138 156 105 255 7 153 102 151 128 27 89 119 35 216 178 248 0 145 253 222 277 101 36 84 277 84 269 279 115 107 117 124 213 155 167 271 273 183 109 90 291 115 116 115 126 241 46 165 67 256 285 228 83 231 297 154 29 78 186 88 20 117 55 250 238 158 158 100 89 151 93 282 137 284 100 265 175 161 201 2 287 120 152 286 96 54 271 102 72 162 213 189 222 165 228 
156 288 164 44 189 196 219 242 24 70 248 195 1 11 40 10 150 285 124 284 132 95 22 261 36 106 224 245 16 239 217 236 193 299 51 19 231 13 93 212 167 123 2 107 197 112 206 110 22 212 204 63 111 272 19 12 255 195 0 35 77 73 199 250 170 272 114 21 90 136 136 298 92 23 291 262 231 233 255 277 121 148 211 190 111 263 125 168 11 264 42 119 221 232 73 116 86 134 129 146 
236 210 47 198 230 259 205 174 187 270 47 287 244 102 215 20 287 185 124 145 289 164 83 85 140 270 34 208 230 205 20 212 20 154 256 42 74 114 21 240 294 204 142 52 107 240 199 131 108 61 228 26 289 44 41 209 297 157 106 43 17 105 131 286 24 232 226 235 139 164 95 15 119 222 165 55 121 265 227 149 113 164 82 169 274 278 245 255 129 68 113 173 284 11 150 155 77 57 53 117 
