265 178 109 289 162 255 145 48 204 111 57 34 1 43 179 233 267 191 40 26 82 24 178 128 235 63 110 16 72 154 230 71 261 295 171 275 13 125 297 214 78 139 41 103 13 262 67 127 201 90 2 43 1 288 5 123 236 43 143 238 277 249 253 255 240 135 203 107 119 7 184 235 44 268 9 105 98 219 161 190 113 105 250 75 71 261 239 68 33 56 57 240 63 166 126 119 287 58 212 84 
79 129 142 231 297 127 162 226 139 274 263 66 167 27 231 96 292 62 148 220 285 178 178 42 237 205 104 92 248 53 260 92 266 67 104 90 94 75 246 143 68 136 114 162 22 177 115 199 207 20 231 71 208 18 112 244 48 247 39 70 227 172 118 265 23 274 236 107 82 100 63 288 18 156 183 164 158 202 81 100 132 178 54 13 180 175 249 238 252 79 19 85 15 257 210 228 107 181 3 143 
230 283 92 76 101 130 204 54 48 278 293 231 24 256 84 14 30 45 163 132 112 174 28 140 265 218 140 224 177 164 170 166 166 99 196 77 0 267 15 253 120 142 163 280 283 18 181 137 17 85 105 121 32 243 150 241 117 54 28 219 134 44 99 144 241 152 21 45 104 218 14 184 161 192 55 118 212 9 277 255 219 214 78 190 289 246 37 62 170 130 210 127 90 120 88 249 263 143 26 57 
113 115 35 77 16 159 277 75 256 148 201 76 172 76 236 139 35 283 1 84 44 0 106 253 124 0 28 256 234 298 123 209 198 67 8 158 184 160 125 293 238 236 43 208 41 115 114 292 297 239 126 254 56 23 184 117 161 141 115 10 139 108 236 16 171 61 199 165 158 81 271 8 115 116 64 99 74 200 92 188 40 205 93 58 74 140 24 131 64 142 72 227 297 186 41 12 153 61 3 132 
154 33 8 238 123 44 24 164 150 194 206 125 171 153 144 82 225 129 226 223 6 15 93 191 42 14 194 119 272 212 48 163 143 288 274 122 137 252 180 125 165 258 68 49 271 264 92 152 162 61 107 108 30 48 33 222 170 295 299 146 295 32 230 172 57 215 126 19 137 89 54 136 113 111 175 229 228 65 14 62 261 100 193 287 257 110 148 79 102 133 80 153 163 260 273 70 117 9 269 106 
249 174 268 190 107 69 241 285 5 97 152 277 121 107 98 52 146 180 126 56 78 157 105 288 259 201 69 136 67 26 121 251 234 243 176 114 186 240 159 224 271 206 116 128 230 101 16 107 298 215 55 115 201 22 163 50 240 81 278 159 142 87 152 2 31 145 0 78 44 33 173 76 269 190 145 189 137 166 225 84 53 281 56 125 59 185 52 161 69 99 188 227 35 171 213 166 18 166 223 112 
101 11 144 51 15 188 278 130 182 247 16 126 94 29 143 21 170 88 158 295 252 199 224 263 298 118 71 33 11 13 65 57 234 202 78 218 271 85 221 196 24 283 164 138 242 212 269 245 272 141 179 177 30 42 36 165 202 201 176 81 39 263 73 121 279 263 201 297 31 176 77 167 184 6 259 72 160 172 282 171 25 284 265 123 293 27 113 195 247 183 291 239 1 110 65 116 59 145 51 260 
71 201 50 259 37 112 8 104 285 152 35 280 86 43 178 128 165 66 76 222 186 56 164 59 271 57 256 154 55 192 150 166 168 80 8 291 120 258 99 158 296 180 270 220 130 116 200 250 113 252 107 182 235 40 59 244 94 53 226 154 242 213 237 96 146 10 219 85 220 163 168 150 142 193 237 211 95 254 226 291 178 188 192 51 161 120 252 252 296 157 187 269 149 175 64 82 96 298 83 99 
222 172 203 43 51 6 47 9 134 274 164 144 108 286 278 105 293 71 239 157 5 105 84 23 95 42 198 108 254 233 164 30 298 160 204 94 54 147 143 37 201 287 109 157 257 75 180 223 46 266 128 56 89 249 27 276 61 170 293 82 198 210 295 10 143 163 223 7 123 152 171 93 168 197 171 57 24 54 280 190 65 36 11 133 127 182 93 60 247 80 80 28 273 41 270 6 178 77 93 242 
75 174 38 39 99 205 141 2 11 275 225 226 246 45 264 155 267 43 90 138 212 187 243 289 142 278 54 56 114 163 228 10 130 273 52 243 112 273 123 58 27 31 91 87 48 81 76 280 270 248 159 115 173 100 279 98 263 154 108 2 252 172 293 45 284 19 21 79 290 23 110 218 91 292 190 265 215 229 117 82 68 194 6 264 169 254 102 207 12 48 90 221 19 288 169 265 103 134 17 186 
167 175 36 194 96 209 266 255 21 200 145 222 132 152 137 158 201 249 173 52 98 180 62 93 264 120 250 107 202 277 144 275 167 40 258 250 173 75 259 58 291 70 226 84 111 42 254 112 120 213 104 125 77 51 114 237 159 239 182 131 27 57 6 59 212 126 108 69 95 164 277 275 180 240 182 68 124 293 231 41 175 299 24 269 140 172 4 239 171 177 123 248 2 24 207 122 3 201 143 257 
9 191 228 111 229 41 47 293 0 12 67 296 166 190 207 281 256 199 187 89 184 131 151 188 97 176 279 52 79 30 125 168 4 120 284 209 5 29 171 205 106 219 230 166 56 98 178 45 264 132 250 80 248 20 257 37 13 89 127 36 21 272 172 79 40 124 282 212 66 292 53 194 287 111 87 275 125 96 278 297 81 220 251 176 260 196 213 164 65 213 13 4 16 111 150 122 220 254 292 35 
224 111 241 209 259 194 104 251 286 183 298 129 163 87 141 109 219 271 74 193 38 215 138 182 262 64 105 12 221 74 52 263 88 30 299 150 277 259 80 226 235 123 273 181 5 231 204 114 107 18 182 136 195 168 299 239 87 274 268 251 258 257 92 184 86 83 239 236 141 135 11 99 295 73 61 48 11 202 60 33 196 173 56 188 270 29 227 7 212 77 282 129 256 58 118 54 169 72 57 177 
289 232 293 275 179 116 129 83 294 259 289 4 187 130 32 267 171 195 13 161 77 141 77 255 214 73 124 100 250 256 197 163 166 5 87 162 227 100 97 18 238 270 276 276 68 115 295 7 115 178 123 43 213 191 28 125 169 111 180 20 296 291 51 107 227 86 287 68 262 265 265 245 202 216 35 197 86 47 179 33 26 296 248 163 213 151 195 86 69 159 113 80 264 226 195 77 30 20 254 41 
272 84 85 235 119 92 243 82 245 6 233 21 299 219 247 202 256 103 118 208 265 249 287 17 206 172 153 25 43 62 144 196 234 184 153 54 228 35 216 57 239 69 157 130 207 190 178 248 279 61 221 45 286 158 198 3 25 238 266 154 143 213 50 254 112 126 53 112 246 59 231 176 17 239 32 146 161 266 32 253 246 128 176 170 199 73 138 113 185 254 120 225 10 215 26 71 265 296 213 282 
225 158 130 168 26 12 152 103 214 14 297 140 40 240 239 247 245 62 35 97 144 118 189 183 67 62 162 239 6 45 213 48 196 40 159 197 96 217 267 222 194 178 129 38 105 262 79 56 275 33 81 233 175 22 123 193 11 254 112 54 106 146 81 17 159 219 89 30 183 109 67 279 32 18 80 211 42 81 14 296 178 211 132 242 217 16 228 106 213 269 98 80 30 241 62 219 28 57 295 105 
136 236 198 1 36 67 39 227 175 86 281 257 217 263 280 144 259 14 218 293 18 233 235 20 62 61 246 100 116 61 151 228 227 175 18 38 155 40 88 254 119 155 229 77 297 201 213 67 256 224 231 13 277 81 111 179 145 166 111 125 218 48 260 208 183 1 237 20 113 162 112 132 79 30 292 149 30 14 252 70 146 16 46 75 283 94 206 97 116 49 111 150 64 149 262 193 225 278 142 104 
37 99 260 204 151 183 252 121 235 5 51 51 225 288 163 11 4 131 171 254 30 57 156 79 294 268 157 99 260 203 109 98 132 69 82 283 90 44 172 124 37 19 295 12 286 199 262 137 111 260 88 229 271 70 164 39 153 94 249 278 225 99 158 294 10 32 24 153 36 39 31 148 203 282 37 190 205 270 171 257 221 197 136 108 177 129 109 111 297 121 138 17 276 218 225 171 285 154 0 198 
294 55 259 227 174 196 160 192 253 116 138 194 189 3 296 177 146 268 42 192 285 128 124 145 296 4 298 130 152 21 288 174 256 277 299 90 65 8 11 296 23 181 287 25 208 81 210 125 198 18 299 167 53 96 239 222 89 234 145 60 77 93 266 272 37 80 179 249 165 11 8 148 267 237 262 146 217 116 223 116 110 236 164 43 11 27 247 80 20 111 50 263 101 272 112 221 42 104 7 268 
170 8 230 66 291 285 223 141 193 299 179 110 286 76 37 279 40 196 80 54 209 64 145 299 135 44 33 253 170 181 107 166 83 215 256 268 198 184 42 10 51 170 187 174 217 117 2 250 199 91 99 250 299 283 15 50 236 136 37 136 10 208 187 80 81 225 0 210 142 158 12 208 221 145 17 145 51 104 87 157 18 77 230 74 59 126 154 178 31 189 0 74 38 240 267 70 115 109 5 154 
36 292 135 81 128 221 46 295 266 171 208 84 101 165 203 271 48 241 143 236 57 118 158 174 89 30 255 12 10 283 179 126 51 65 100 55 218 137 179 200 123 221 293 135 161 43 76 221 283 166 79 164 189 19 83 14 259 89 235 238 33 75 134 128 183 249 44 211 167 277 51 172 145 243 255 134 150 112 107 176 236 11 205 18 80 100 47 108 129 257 112 132 257 58 75 226 50 181 154 184 
298 6 201 194 210 227 220 292 163 283 187 155 238 208 148 78 86 246 218 73 275 138 168 229 93 15 276 93 262 92 261 164 72 162 263 184 254 156 29 38 265 144 171 15 78 215 218 139 38 220 32 261 128 261 73 22 298 143 10 204 151 238 251 289 157 200 240 96 106 174 243 157 199 132 249 116 267 90 106 155 9 130 90 163 77 153 241 19 68 80 13 205 142 40 223 256 96 49 264 255 
182 122 0 18 114 125 40 122 242 116 251 28 146 197 190 172 34 266 38 52 202 112 290 242 250 113 125 177 137 151 266 57 257 231 226 244 97 282 164 297 94 206 43 283 102 84 98 285 169 149 10 68 145 103 43 0 113 197 120 20 73 61 280 97 96 33 124 246 81 268 141 113 176 199 189 195 204 167 44 32 277 177 23 105 180 191 242 267 60 0 222 5 236 8 1 113 254 148 81 151 
34 1 287 173 295 163 73 30 53 267 226 117 176 122 88 285 164 166 17 167 277 251 58 71 161 71 194 71 48 265 35 108 67 136 118 154 16 94 167 70 61 83 270 278 275 216 297 249 28 24 102 160 76 145 141 112 197 170 85 48 77 96 137 189 1 78 218 100 295 217 287 184 239 191 274 125 137 20 193 161 13 239 264 9 25 239 161 174 127 269 135 120 206 15 155 214 291 241 167 95 
179 219 70 96 47 80 297 36 23 221 206 69 163 201 30 147 147 280 27 189 248 49 4 266 219 124 73 90 174 51 246 223 137 45 130 14 183 249 63 125 276 140 39 108 65 105 134 146 58 12 299 179 292 297 217 4 159 122 255 115 53 80 165 171 296 205 32 2 148 110 295 209 69 252 184 231 80 164 167 110 31 211 282 279 202 45 196 252 291 34 217 167 13 42 37 64 77 37 292 7 
125 20 155 211 197 129 82 82 207 265 25 183 298 110 162 84 26 142 134 199 6 14 155 51 106 299 7 230 87 237 7 66 96 77 62 289 13 75 83 21 291 40 168 44 178 204 248 3 54 75 52 273 185 244 249 151 295 123 182 233 159 268 287 99 189 264 72 201 193 119 128 196 47 133 120 274 16 85 125 204 115 180 69 2 167 68 160 10 116 28 169 73 16 13 62 182 105 234 138 280 
104 284 33 107 196 169 173 293 115 270 28 3 148 102 240 17 181 189 130 54 247 112 46 21 40 227 275 43 152 125 146 26 3 222 103 173 237 47 284 257 168 274 40 139 162 100 83 120 279 243 88 165 101 215 248 283 268 183 149 29 209 48 181 207 37 182 52 71 7 12 207 22 290 237 231 270 112 274 17 217 104 54 207 140 209 151 82 37 130 123 230 141 1 63 195 198 247 271 250 125 
86 254 31 151 122 64 216 138 256 141 58 149 92 15 245 203 165 218 254 60 10 147 105 168 23 139 269 209 196 293 107 215 257 275 177 10 164 117 126 176 126 91 21 260 232 241 208 190 9 291 163 103 87 281 14 147 180 191 185 118 269 145 57 8 81 123 195 297 3 159 107 100 231 195 288 197 76 12 151 296 22 155 181 220 26 19 45 209 247 111 293 174 278 222 79 258 189 120 39 117 
183 107 258 13 51 166 206 46 227 200 277 166 124 73 140 65 119 76 202 133 77 136 3 297 90 276 68 235 226 104 223 278 78 179 255 273 41 134 56 93 50 242 108 201 242 53 40 31 249 33 105 250 61 81 261 242 298 124 2 132 103 255 233 223 245 150 58 122 298 66 80 163 165 102 279 150 12 215 281 278 152 64 122 81 1 174 213 203 49 177 208 229 245 31 115 134 103 161 280 189 
258 14 255 148 183 134 6 20 76 192 260 174 193 71 5 66 234 20 201 138 20 39 126 90 280 138 183 93 294 142 43 58 195 239 193 143 140 228 125 38 83 191 207 287 260 154 118 297 142 2 268 48 138 210 216 34 211 55 152 253 250 23 188 164 232 144 235 286 293 63 148 111 92 68 251 52 296 68 46 53 81 180 54 233 292 55 50 198 215 111 98 70 60 28 39 297 223 50 287 275 
162 216 143 208 165 256 21 78 70 69 283 0 210 194 267 65 261 93 84 42 243 9 33 103 72 239 269 31 101 47 222 219 18 221 54 45 74 262 75 45 74 205 178 56 166 29 147 183 114 145 90 42 188 165 165 150 157 70 264 163 173 245 81 226 26 48 246 26 132 278 107 165 23 85 128 94 261 80 30 1 43 121 289 230 249 275 106 141 108 129 162 173 19 128 167 8 242 221 261 111 
291 37 275 22 125 48 239 170 174 188 120 129 199 232 215 222 131 12 60 213 112 214 81 229 293 258 215 148 176 195 228 239 278 282 37 3 277 226 277 263 233 4 121 20 191 243 153 89 49 291 3 270 278 27 291 286 57 45 63 264 67 254 124 111 226 137 148 266 267 80 181 171 204 192 233 25 214 220 72 88 24 41 40 188 5 56 239 118 143 4 110 10 205 174 71 144 178 271 264 269 
74 33 242 212 88 192 293 170 125 154 18 263 84 236 141 210 86 155 93 87 232 204 92 11 11 96 179 103 215 127 236 209 267 233 2 223 35 293 31 13 271 265 93 10 264 262 243 185 101 138 100 6 204 116 105 262 92 19 34 51 260 65 154 185 173 128 116 60 297 158 113 83 21 101 244 12 9 215 83 166 121 16 58 143 82 128 248 161 213 7 246 27 42 53 69 67 9 91 24 35 
70 95 237 280 203 107 198 171 298 69 95 271 42 58 46 49 266 72 220 42 29 216 166 294 33 104 297 61 182 257 10 111 153 293 165 40 268 219 269 77 60 242 13 292 186 131 292 266 62 125 114 243 221 131 29 101 208 177 123 76 25 187 246 138 290 83 259 67 24 135 84 39 290 102 36 255 94 127 108 288 279 274 127 102 160 200 125 284 88 209 61 156 126 8 16 50 262 41 249 204 
5 17 19 85 29 219 27 58 269 2 87 192 240 252 51 64 107 61 17 199 32 246 292 85 200 36 88 240 61 92 126 296 100 20 134 31 221 51 20 134 269 241 67 46 103 201 214 176 214 88 125 53 205 83 264 179 116 255 179 16 82 66 50 160 56 229 37 244 153 229 10 219 242 219 77 102 36 80 241 120 156 8 213 76 246 57 290 125 233 238 287 205 198 210 212 209 11 219 16 213 
254 230 25 21 229 276 21 31 148 254 154 50 33 281 29 214 240 282 112 184 40 56 125 225 220 277 102 234 161 66 179 114 155 241 193 80 26 149 88 126 187 169 79 287 3 96 138 136 239 121 108 17 76 241 58 110 201 137 275 226 23 238 278 7 1 194 6 143 220 265 216 100 44 280 34 291 179 0 50 130 138 278 288 17 242 54 296 81 269 1 255 244 109 96 253 272 107 201 24 260 
24 80 59 50 248 255 277 26 68 170 94 135 73 70 126 23 262 114 137 282 287 262 227 21 250 31 289 245 62 119 103 149 273 83 151 127 202 242 126 287 196 244 146 181 258 123 296 102 215 205 87 72 99 250 77 121 239 295 252 277 129 147 267 131 292 117 278 170 219 298 67 179 151 189 135 246 38 48 104 129 5 204 176 101 186 283 190 16 291 237 228 277 281 298 272 197 264 226 207 270 
250 59 219 239 110 98 67 31 176 258 57 213 98 50 143 135 204 285 218 145 243 32 215 37 130 162 207 245 266 179 85 36 256 103 230 209 141 296 100 156 265 219 55 134 43 211 12 127 116 291 10 118 26 180 131 105 59 74 190 237 226 107 114 268 69 292 216 65 67 232 140 293 184 202 138 108 51 47 255 21 291 149 180 181 93 250 202 12 229 79 7 42 235 2 137 14 128 161 25 57 
137 18 109 269 75 196 38 254 124 251 59 41 40 119 110 283 188 133 246 280 207 203 44 196 170 152 186 46 50 27 273 35 258 128 278 97 226 96 159 161 50 38 98 266 116 138 178 44 178 249 22 179 266 48 151 75 2 174 5 119 222 113 136 153 27 232 99 110 267 142 65 58 246 257 224 265 11 253 266 51 123 115 174 202 289 29 42 254 292 143 222 10 141 59 294 1 63 157 207 57 
63 290 224 35 52 115 271 159 56 160 217 198 5 142 129 29 197 203 135 15 223 200 113 183 74 13 123 71 211 164 188 81 25 37 264 292 63 112 88 18 60 295 138 211 197 234 297 124 286 76 209 40 72 208 3 86 202 4 67 229 275 236 209 205 102 26 118 199 99 48 79 234 234 211 143 23 98 59 101 138 27 164 76 182 102 231 266 155 72 103 235 174 278 189 150 172 285 209 280 226 
174 48 88 21 267 267 103 2 194 278 149 112 129 289 16 265 170 57 91 13 277 194 233 41 137 299 12 183 172 23 11 83 285 299 284 245 222 36 126 119 129 182 162 134 243 293 272 181 92 71 219 2 285 206 235 103 27 103 173 22 231 107 172 144 95 249 109 24 268 169 284 48 108 288 46 284 30 291 222 93 203 52 36 248 131 178 211 236 45 32 194 93 79 285 289 157 150 107 29 196 
212 162 149 99 255 274 186 158 153 212 174 166 132 8 280 136 132 194 235 219 178 147 123 152 132 126 20 8 126 280 286 285 75 87 157 121 189 282 186 108 153 258 234 168 298 40 101 133 107 219 273 202 7 202 185 178 185 237 156 84 152 164 142 205 281 265 80 262 282 216 99 69 177 283 243 207 210 79 137 293 185 260 231 235 68 115 190 200 71 110 184 172 152 256 272 50 225 91 51 178 
268 70 55 134 246 183 141 255 167 149 135 290 134 1 208 207 120 30 263 171 133 114 62 169 201 11 299 142 116 42 136 57 1 206 240 211 156 129 65 159 62 203 262 54 96 275 172 142 279 17 145 156 84 60 9 135 172 13 65 15 265 200 204 58 293 108 84 64 174 241 17 165 75 23 100 295 22 20 287 36 90 146 91 82 147 104 45 238 88 39 293 262 93 67 252 178 117 290 69 76 
277 247 34 159 45 252 112 149 2 295 53 185 285 113 40 192 187 50 222 113 70 64 287 90 159 251 278 17 96 298 290 149 148 56 253 194 33 91 78 70 1 261 298 24 84 72 14 245 240 279 92 66 90 156 167 65 268 270 44 143 120 68 226 173 12 287 104 62 194 10 226 64 290 96 54 122 1 245 248 226 117 14 235 207 147 243 105 169 260 126 280 128 226 130 39 157 32 104 89 154 
237 200 168 257 182 87 213 23 107 275 294 71 103 228 103 145 229 18 149 39 118 163 280 47 116 250 104 129 149 283 71 3 265 18 60 95 196 266 171 267 264 7 220 268 189 232 177 31 217 0 3 231 230 99 171 113 146 79 181 137 243 145 82 42 167 110 15 178 193 178 52 70 256 208 10 124 212 186 67 183 115 201 215 121 230 136 45 74 263 2 110 84 297 22 49 5 294 58 155 92 
41 146 285 11 292 142 28 237 207 62 222 288 50 166 186 5 287 53 26 46 172 97 15 291 208 288 70 201 251 202 85 244 147 103 156 248 240 269 90 185 259 177 19 237 207 130 226 130 148 71 105 253 1 239 236 34 275 1 272 105 38 73 130 189 259 159 159 267 23 10 92 5 188 222 268 59 61 26 237 233 231 125 104 250 1 293 225 205 207 224 215 163 38 235 92 240 270 240 12 61 
222 212 214 217 189 137 179 218 113 12 225 70 228 127 11 167 16 57 155 120 155 238 255 257 132 144 293 265 108 246 205 125 41 220 116 160 166 207 258 45 19 110 156 113 208 33 280 266 16 154 44 179 240 129 220 40 255 221 299 112 76 23 56 125 142 204 111 232 61 23 147 182 226 172 72 226 179 280 64 280 186 4 293 201 193 99 231 132 32 144 32 220 187 229 187 131 48 266 221 43 
159 161 253 231 39 4 31 88 20 147 47 212 213 20 87 95 219 228 110 293 14 124 23 247 93 199 281 12 165 66 292 262 51 137 280 137 153 148 276 0 123 227 181 204 298 77 92 253 162 271 178 50 142 294 255 3 285 282 286 44 30 158 178 241 202 16 31 280 121 171 230 119 182 254 15 298 8 279 22 23 241 164 24 268 180 120 126 153 63 269 154 39 298 196 21 20 151 70 244 276 
286 102 231 182 235 10 163 8 93 223 76 136 17 119 166 215 83 29 283 181 4 228 197 177 222 224 39 258 12 217 254 244 149 264 270 184 126 55 75 248 65 4 97 214 121 161 54 195 232 174 22 122 52 243 131 241 37 280 274 136 5 123 261 74 1 173 215 40 240 159 61 202 93 274 51 127 62 193 174 116 94 238 123 34 198 7 168 220 144 102 177 219 292 95 33 224 123 77 54 13 
68 236 3 64 101 250 213 68 187 95 40 254 230 297 110 127 103 291 252 238 126 253 16 256 206 253 67 255 223 85 87 292 11 281 276 188 272 42 11 249 253 228 135 256 259 55 63 62 170 44 127 187 196 258 43 158 225 162 261 67 228 232 67 49 41 267 291 72 179 157 153 70 256 258 238 139 90 249 170 91 144 192 169 231 158 168 58 180 97 165 112 227 27 115 192 44 205 209 258 178 
185 192 131 14 131 240 163 55 287 70 276 213 241 277 255 69 35 31 77 133 14 215 117 9 163 224 143 20 260 167 116 43 179 45 49 54 123 227 189 196 173 111 235 122 220 47 291 139 43 123 196 150 271 278 202 251 105 217 21 179 65 82 273 170 241 139 199 46 115 129 260 86 28 86 53 88 13 97 83 179 292 49 263 15 40 232 28 198 44 6 236 139 225 4 269 1 70 90 285 138 
68 293 284 188 25 9 16 76 26 235 269 298 44 172 274 200 2 133 188 198 65 1 285 237 248 264 208 146 294 111 159 90 45 48 37 67 24 188 29 234 40 177 255 207 255 89 74 161 41 11 173 134 239 40 45 65 85 99 294 18 262 245 94 90 255 264 295 228 76 257 145 130 42 187 143 124 70 250 89 41 252 148 106 96 0 91 111 203 160 63 95 269 18 193 4 237 177 196 162 272 
126 14 99 252 226 206 235 99 24 109 296 73 168 131 145 170 265 212 190 78 238 287 16 119 57 17 91 92 132 201 247 10 106 150 238 139 60 54 234 89 14 42 220 6 296 29 177 117 116 161 276 11 159 143 287 55 236 11 5 163 216 289 84 53 139 18 64 88 289 193 272 282 88 187 267 41 253 89 190 269 189 222 140 138 234 220 109 75 235 95 244 214 96 143 278 248 9 233 124 143 
260 1 281 210 21 14 95 105 194 99 204 290 275 237 206 151 252 113 215 37 89 115 154 260 117 295 266 280 185 3 282 108 67 261 293 101 14 283 107 5 284 96 135 115 127 116 78 158 241 34 167 74 26 149 201 107 126 218 182 269 99 101 18 134 271 274 4 222 186 152 226 4 191 226 203 186 85 158 12 190 32 268 231 58 31 268 28 273 184 299 292 75 2 257 160 163 247 282 246 146 
154 239 254 251 26 84 224 109 80 196 208 165 37 282 33 92 280 37 163 3 154 234 31 21 271 66 184 153 204 140 43 45 286 91 42 82 210 135 114 65 168 16 86 17 37 52 135 186 104 51 149 293 209 200 26 9 109 149 218 17 65 13 59 63 77 17 94 53 298 197 285 234 230 276 46 71 24 35 132 18 228 98 212 223 161 115 79 101 73 256 170 55 220 47 118 248 279 184 190 3 
127 61 253 235 202 20 172 167 161 294 280 101 231 263 27 228 129 82 185 102 79 266 165 219 73 129 281 279 269 224 230 230 236 299 31 290 279 291 97 136 185 9 239 223 118 120 250 165 242 106 72 184 234 151 241 248 265 259 202 13 79 229 30 80 138 260 193 289 278 125 199 160 275 68 165 36 17 47 186 6 199 145 100 258 266 112 287 135 244 250 7 139 0 288 18 190 89 71 53 193 
43 122 243 273 184 40 14 131 15 144 157 15 77 198 129 102 164 112 176 125 133 93 150 46 245 48 142 44 284 136 85 166 5 75 74 164 271 204 74 269 52 138 200 204 191 242 51 198 40 207 158 247 297 220 85 233 153 286 295 85 259 208 199 276 256 3 254 209 237 217 133 115 165 189 35 141 266 132 158 199 129 150 239 256 3 112 98 131 253 272 255 275 91 178 266 126 141 58 93 67 
90 214 175 134 10 181 295 245 129 204 106 261 56 288 202 155 0 260 143 275 133 176 47 224 164 22 161 289 0 117 82 156 145 7 120 197 102 63 298 125 53 34 252 240 73 229 46 267 103 232 203 2 200 190 280 1 270 157 54 177 228 50 96 106 291 256 85 211 114 242 278 173 250 115 14 99 119 110 57 105 41 76 62 256 290 36 44 226 71 277 184 34 78 28 161 74 55 262 52 151 
141 154 81 37 271 14 113 36 26 294 162 265 246 117 136 113 229 200 81 39 278 125 87 144 125 144 80 100 78 76 270 130 104 132 141 148 209 243 238 217 283 173 245 299 257 27 205 188 262 126 10 31 201 286 163 259 238 288 9 244 135 286 188 232 279 135 1 60 231 295 203 115 234 171 66 175 291 52 285 199 232 288 34 215 60 290 148 102 272 111 20 285 11 133 184 9 69 51 224 79 
146 5 294 169 218 1 105 84 135 118 152 132 32 288 111 160 153 212 42 230 180 162 197 25 166 32 4 281 231 228 188 262 233 221 225 57 60 174 90 35 186 232 254 44 53 89 72 148 209 173 177 175 298 112 76 182 31 7 159 175 48 111 152 57 249 268 114 25 279 163 61 192 111 174 267 263 205 184 237 251 242 35 249 233 89 65 241 229 247 167 292 252 61 40 60 296 122 85 272 159 
184 198 246 71 23 273 199 285 88 256 270 263 68 76 191 71 274 285 293 25 261 159 245 212 33 145 168 194 291 216 47 241 39 278 286 108 137 0 295 109 164 121 23 226 275 84 129 231 264 297 278 284 293 111 161 287 85 24 184 92 197 225 251 163 67 256 103 90 214 140 25 172 114 287 260 41 162 189 61 51 128 56 161 236 109 263 12 217 228 32 196 146 159 49 160 119 248 218 234 195 
186 87 67 146 212 59 25 92 33 37 177 276 57 142 191 35 107 68 170 42 67 153 276 204 70 171 50 204 156 175 204 249 224 115 187 275 158 236 51 115 201 284 171 54 0 232 94 151 231 17 275 5 26 136 277 26 293 152 65 49 248 135 79 169 209 7 295 203 104 210 180 2 18 60 201 169 233 65 116 176 134 155 95 187 256 52 101 100 137 31 177 23 47 267 281 54 28 96 290 214 
297 38 173 196 111 247 25 40 51 5 183 256 172 65 234 40 298 38 101 225 281 124 62 98 258 134 177 162 110 253 143 223 5 167 75 263 149 133 166 124 142 249 5 253 108 43 129 148 115 156 178 262 214 95 56 217 284 60 182 31 222 298 188 187 257 210 240 249 203 84 143 182 120 184 173 53 151 265 10 2 232 168 78 119 264 49 200 190 83 133 166 191 209 96 24 266 269 5 246 194 
258 282 246 243 86 26 227 226 12 284 278 296 28 158 271 92 98 173 128 299 67 234 240 220 19 154 19 184 184 154 279 120 101 282 194 206 67 55 223 97 12 63 234 192 4 108 200 32 61 195 178 161 9 6 36 18 43 260 69 208 299 284 213 202 197 189 39 142 181 180 65 141 178 46 272 55 224 28 96 209 136 24 116 264 173 18 166 243 178 110 238 172 37 88 203 171 50 14 165 54 
100 32 9 256 111 54 290 220 71 221 205 77 112 279 44 32 142 137 26 97 231 17 90 178 79 249 48 176 3 249 88 219 125 276 23 192 155 250 51 29 186 88 222 245 56 56 160 293 197 23 60 142 279 200 285 235 28 247 38 85 109 298 24 217 12 3 59 118 157 214 114 89 104 156 155 277 73 200 30 142 237 96 192 124 77 160 83 119 213 91 172 154 59 210 154 228 172 265 285 290 
109 198 173 11 46 145 296 221 275 30 217 12 287 77 234 208 250 271 113 109 118 84 134 290 86 76 224 104 77 242 117 152 40 103 155 76 259 207 21 76 249 110 117 75 31 173 175 181 134 259 297 23 86 254 288 123 265 100 247 132 21 11 19 232 122 9 184 4 216 287 286 67 55 284 193 203 40 193 121 181 204 56 60 247 82 229 150 267 109 299 36 205 253 175 208 177 167 202 48 114 
44 24 163 234 295 141 139 172 110 35 261 34 72 140 59 202 165 98 284 91 174 200 197 283 20 298 78 92 293 252 139 100 296 187 140 37 210 280 46 193 299 197 100 285 299 1 148 16 16 40 135 47 55 207 144 230 284 241 211 197 263 2 77 252 148 271 89 292 283 146 11 151 48 271 24 298 213 43 217 117 106 231 29 210 52 5 247 46 237 159 297 268 7 213 250 3 167 68 127 199 
4 194 52 162 128 171 271 261 117 140 185 4 296 80 279 242 146 289 52 2 260 232 150 33 201 283 42 285 146 294 256 177 169 92 262 218 296 15 255 41 256 22 167 11 241 150 78 121 53 163 294 140 25 9 261 71 127 94 273 270 96 66 262 67 83 16 97 107 139 10 278 32 118 89 53 44 50 170 32 148 96 180 213 266 91 125 137 152 106 238 228 98 58 159 7 97 26 159 177 93 
263 225 91 276 126 19 158 244 91 162 67 111 76 35 145 229 147 148 36 294 37 150 121 208 127 173 77 147 13 156 91 139 296 191 290 238 180 42 162 55 255 176 21 282 265 136 61 176 168 107 265 73 53 210 201 17 292 277 98 280 273 151 221 46 32 268 23 2 189 225 49 92 191 227 252 52 274 35 63 297 255 92 244 83 1 146 217 73 229 294 188 186 5 5 289 186 12 9 18 271 
233 217 299 73 106 152 227 170 91 229 118 110 100 154 45 171 99 195 247 228 105 180 106 35 218 85 209 99 142 64 155 203 167 144 156 52 61 122 134 1 13 193 295 144 50 74 52 0 3 171 37 237 212 51 264 252 59 107 299 196 82 144 94 172 20 113 68 250 212 265 8 263 72 280 188 259 277 58 101 127 250 237 166 226 136 116 21 53 49 228 6 223 216 86 243 275 195 37 175 231 
102 174 35 60 211 120 230 287 246 209 244 256 76 294 142 57 46 182 19 66 20 19 78 30 218 124 230 164 137 110 90 254 67 199 14 154 15 60 53 264 9 259 14 247 264 128 240 127 241 150 117 10 139 228 94 138 123 185 295 70 130 239 287 157 200 91 193 287 72 49 18 293 245 265 57 211 135 234 238 204 143 79 187 158 50 283 200 235 85 193 295 219 97 240 171 238 49 191 204 224 
213 57 119 83 55 182 106 282 216 49 107 28 228 93 154 134 75 121 271 280 85 165 232 185 270 110 119 74 157 269 128 185 210 191 250 78 298 291 274 78 212 60 219 170 33 244 252 182 267 225 187 139 294 248 232 97 59 120 33 237 253 156 259 138 76 207 237 26 23 34 123 4 231 159 214 44 186 145 170 266 229 224 188 206 272 14 61 171 173 122 287 275 92 48 142 43 63 274 106 43 
38 285 199 252 224 90 228 28 34 235 44 138 99 89 14 154 141 0 141 139 135 13 248 103 87 98 206 43 130 2 211 148 6 208 292 298 15 202 198 39 154 118 227 101 25 204 174 119 7 69 70 25 206 32 119 239 242 57 125 168 246 114 178 35 248 297 248 209 269 94 90 264 209 91 249 44 260 165 238 277 238 245 102 200 89 67 2 105 248 1 24 68 18 143 194 62 143 242 290 34 
158 107 273 129 56 77 296 11 68 145 179 39 59 249 200 61 158 214 96 258 289 71 12 111 263 271 179 58 28 26 26 45 129 159 180 188 206 132 166 66 248 195 166 87 250 28 80 88 197 14 101 94 211 34 44 291 100 121 221 54 62 230 275 98 203 216 9 42 164 37 205 224 245 179 69 171 50 58 138 181 164 290 281 208 7 118 291 183 62 194 236 124 162 257 247 205 40 54 157 55 
158 167 44 291 42 6 122 180 255 143 222 27 88 71 100 38 236 248 243 214 253 105 144 270 203 11 293 261 206 91 57 263 171 294 226 185 96 159 191 1 151 84 192 100 243 36 186 286 211 207 67 233 48 278 61 238 50 20 217 184 80 29 100 238 11 283 81 283 106 238 110 0 15 4 192 58 241 269 203 225 3 143 283 12 168 117 135 2 127 277 136 208 176 144 149 287 279 129 52 149 
109 52 178 103 282 296 282 182 2 38 243 299 238 297 59 271 236 203 14 178 177 33 52 58 51 290 130 92 131 152 131 131 121 52 290 143 278 39 138 104 216 88 267 255 236 139 143 85 21 95 279 20 273 269 214 10 168 1 270 231 47 204 158 228 125 106 212 60 15 81 116 144 290 6 265 143 275 0 203 284 62 297 40 114 174 227 254 291 100 120 93 56 165 298 189 65 249 155 203 258 
270 258 25 273 194 160 194 281 16 37 287 146 240 226 10 54 133 145 21 19 258 240 55 257 248 237 100 214 263 289 91 213 239 75 51 184 113 63 247 226 53 272 223 8 142 9 34 30 293 187 177 60 95 24 112 89 246 258 175 271 240 7 104 204 141 259 0 122 102 102 142 38 134 188 191 158 34 50 218 42 51 279 200 171 270 188 20 47 72 223 287 84 131 86 298 49 89 34 190 185 
158 13 69 77 131 193 219 167 281 34 240 24 167 143 52 292 184 20 31 96 89 23 154 285 190 16 133 162 18 53 259 125 284 177 247 210 203 160 252 201 61 288 271 179 52 163 11 286 145 189 33 200 89 43 177 229 149 64 97 236 221 227 57 112 193 117 95 7 6 256 148 34 194 284 118 246 278 213 267 67 100 110 42 199 290 97 209 289 145 174 15 126 281 0 118 72 68 1 131 2 
181 73 149 171 267 43 87 170 42 235 98 69 6 239 79 96 294 128 112 25 90 239 205 98 139 40 125 214 238 246 206 240 32 236 245 196 81 24 281 263 28 96 291 245 58 81 222 237 265 36 172 285 203 58 188 278 159 180 142 70 235 207 0 164 214 260 278 217 44 103 4 209 115 57 254 103 161 15 256 200 124 290 84 232 209 279 253 3 64 112 217 24 266 156 29 256 144 25 166 157 
231 64 256 291 268 209 7 71 158 2 94 2 146 180 127 156 43 259 146 177 98 122 178 44 111 273 241 298 261 240 115 233 98 240 173 2 179 68 222 228 134 276 251 27 200 129 199 227 46 201 221 108 167 128 137 89 160 87 180 280 230 204 80 42 174 270 55 199 31 183 219 8 249 123 102 30 114 250 275 38 197 285 261 72 228 205 122 168 274 1 158 24 234 181 193 2 27 43 98 276 
160 292 230 129 234 2 229 273 99 57 15 101 21 204 245 248 136 125 241 9 192 232 287 90 22 296 174 253 64 22 271 133 32 201 75 64 129 50 207 182 232 53 263 116 46 129 255 121 29 257 122 164 256 138 276 276 94 67 55 153 170 115 0 272 132 38 254 40 284 186 175 154 276 207 75 198 275 208 170 211 75 92 237 101 82 93 231 281 241 77 152 112 169 178 14 263 38 130 148 103 
16 102 47 93 284 278 59 20 52 34 270 274 295 223 211 275 31 49 61 240 216 67 97 31 123 112 78 48 254 297 87 151 224 39 258 135 104 158 3 242 95 277 131 270 205 64 114 196 267 164 75 126 290 175 202 294 39 24 82 205 236 219 252 270 242 279 184 155 35 295 279 72 129 224 29 226 140 297 167 290 129 248 107 251 96 0 163 37 227 270 88 279 135 241 140 30 246 21 93 262 
105 206 139 210 221 32 108 75 97 262 43 242 98 85 231 123 153 134 260 284 108 51 118 57 255 34 294 223 121 70 25 72 32 30 156 40 209 275 40 21 127 193 25 84 61 169 250 93 110 266 118 114 9 246 298 257 165 30 205 163 291 244 217 169 253 67 244 29 173 136 265 268 39 188 80 71 147 210 231 146 66 79 147 89 63 75 183 37 49 58 87 13 287 74 199 237 39 218 73 38 
270 111 191 24 200 39 162 112 191 260 276 239 218 17 173 227 177 42 261 290 254 172 95 188 181 268 176 68 239 106 57 207 160 141 255 132 135 132 234 68 134 181 120 26 150 153 234 296 268 192 219 12 149 291 68 61 55 147 113 53 4 251 230 136 110 277 159 278 92 213 244 185 128 183 227 35 101 254 56 222 259 149 79 203 261 24 132 156 227 206 208 257 268 202 170 4 233 15 173 76 
74 61 123 295 128 53 29 168 204 16 42 112 111 247 124 198 207 113 258 116 125 289 27 144 59 34 275 217 144 164 131 247 45 245 117 156 235 224 122 255 182 196 279 297 64 36 206 3 94 93 198 71 250 217 296 118 30 51 24 229 68 75 135 283 259 264 289 170 284 202 70 101 116 113 173 258 93 171 209 28 87 261 56 139 45 221 181 51 221 22 177 117 168 180 15 43 257 146 116 135 
256 278 233 83 142 11 107 231 19 124 146 18 78 172 16 53 260 277 240 250 31 38 209 209 17 220 73 125 10 11 188 193 70 249 239 138 287 34 149 172 65 176 167 153 110 114 15 273 216 10 235 260 185 187 250 253 163 18 204 195 208 276 250 45 187 261 49 85 171 51 283 288 232 186 49 52 188 167 299 39 11 151 25 265 262 21 3 84 289 2 104 290 167 288 58 242 106 269 185 270 
235 225 273 209 159 59 9 5 207 40 201 15 185 44 34 81 267 85 28 91 291 153 101 50 160 183 253 226 72 273 140 115 115 117 235 249 163 109 253 134 284 36 237 148 181 113 118 96 96 86 230 82 103 222 91 82 283 66 257 219 65 18 203 142 198 278 133 9 63 166 162 168 194 87 36 107 52 91 1 233 0 57 195 185 234 209 98 136 59 296 39 2 140 27 296 276 1 260 11 77 
57 266 77 203 138 54 176 16 226 25 203 90 287 160 28 180 199 294 150 190 297 97 288 207 130 268 173 112 295 103 198 92 210 159 41 74 140 24 187 47 102 172 212 93 94 189 49 235 156 198 35 265 100 190 38 150 270 222 121 52 41 48 172 84 136 175 157 219 279 245 276 296 220 299 80 111 45 260 59 101 233 188 213 149 61 254 275 202 205 12 91 194 259 126 190 31 151 153 235 76 
227 198 170 210 230 54 27 148 219 155 208 123 35 276 236 66 131 197 166 89 23 106 137 11 60 133 29 234 114 210 46 122 14 218 279 159 153 261 102 275 57 148 62 257 210 219 29 279 115 156 159 221 79 20 206 79 44 190 279 113 222 109 294 137 89 241 258 93 187 57 287 237 255 111 203 219 105 20 242 153 213 262 85 63 109 79 182 74 37 84 46 76 215 258 147 105 267 295 47 189 
100 189 0 147 132 238 29 72 17 124 196 21 80 207 226 231 186 118 145 12 120 23 53 46 72 142 141 9 278 105 266 206 172 17 187 19 32 27 119 106 45 21 8 20 261 211 177 228 226 154 43 208 232 184 135 104 81 23 12 175 114 86 87 158 254 78 194 5 124 130 0 191 162 217 97 293 291 191 50 112 248 246 156 51 171 234 114 283 171 280 224 93 124 187 30 211 2 187 199 163 
100 61 154 220 183 223 110 215 267 58 173 257 117 198 60 265 189 69 257 33 74 294 277 292 248 215 163 118 117 204 116 83 7 234 36 37 165 100 97 101 272 117 123 296 100 158 167 142 199 181 284 94 169 135 235 236 113 138 102 19 107 102 52 95 222 252 258 10 36 183 137 132 215 299 222 277 10 291 254 214 101 91 159 260 69 10 262 28 275 288 115 74 19 195 51 129 72 16 176 22 
167 156 110 296 59 0 179 267 63 164 195 112 190 10 266 205 33 239 187 6 12 190 250 258 6 82 120 186 46 20 98 278 66 144 295 117 97 276 218 124 18 97 63 42 246 51 169 130 126 55 4 244 289 31 172 9 63 164 233 5 223 91 112 170 55 286 202 19 241 80 44 90 107 19 99 206 147 281 248 119 284 137 207 287 169 159 59 241 195 195 229 160 73 74 290 242 187 98 242 233 
62 255 11 226 135 269 41 181 286 0 200 276 54 37 254 115 266 19 77 295 210 202 280 61 85 87 253 158 201 40 123 257 21 209 257 80 118 263 195 46 122 100 167 125 221 292 239 211 52 46 32 227 59 94 223 89 113 201 135 270 31 85 186 225 5 111 0 188 108 34 296 251 297 106 278 109 212 145 285 297 228 208 222 85 98 121 292 228 297 20 221 145 193 152 37 178 55 192 274 138 
299 121 111 14 215 165 210 94 296 84 111 295 146 198 54 196 228 50 224 298 136 73 248 244 176 2 149 155 238 108 130 1 230 276 246 56 5 121 85 194 12 246 111 266 153 207 119 213 221 150 19 186 183 187 194 175 240 173 126 238 11 248 200 142 139 64 96 101 83 115 13 13 109 209 136 106 150 83 191 108 20 179 78 190 253 214 161 234 120 119 273 205 58 190 199 73 178 60 97 213 
156 214 248 77 210 132 206 215 64 107 93 269 82 32 231 168 15 235 28 204 161 236 256 41 14 181 157 62 72 216 145 20 125 46 132 125 112 280 73 229 180 49 97 108 134 153 276 89 297 161 258 123 210 198 213 234 144 254 289 261 17 132 72 157 177 136 148 188 219 271 121 151 6 48 23 188 9 295 175 221 250 228 197 45 28 259 174 140 99 211 87 77 52 285 138 61 93 267 135 115 
274 228 166 26 5 29 207 59 51 157 226 135 283 205 140 279 10 115 109 122 92 11 63 71 90 294 7 40 144 287 179 74 30 88 124 198 1 54 1 23 175 15 155 209 95 114 95 21 97 8 181 42 22 143 210 87 50 260 71 170 291 136 279 89 78 197 11 151 39 274 105 269 6 25 256 285 275 182 54 287 101 92 53 166 214 189 270 261 25 25 291 199 86 119 119 299 119 49 272 132 
259 169 4 9 171 20 20 112 238 190 61 244 141 234 23 231 51 195 0 109 19 147 125 174 104 99 131 102 92 284 85 35 52 48 160 2 11 80 7 10 221 84 36 213 45 75 186 177 174 201 272 38 3 26 131 116 78 169 131 44 246 248 164 146 271 282 190 34 237 123 5 231 187 103 19 138 115 238 2 79 11 105 279 274 94 4 63 250 67 116 15 26 168 235 283 262 91 136 91 3 
2 155 38 234 253 115 266 243 124 55 163 219 217 173 287 227 183 75 11 197 216 188 196 36 287 253 20 247 13 0 73 34 197 251 26 244 31 217 213 280 23 102 29 275 5 229 86 230 130 139 297 224 232 261 100 149 207 148 249 33 293 100 266 299 59 135 57 130 20 132 113 145 202 72 192 36 74 187 142 34 9 206 39 294 44 208 272 191 3 18 244 191 178 84 44 61 128 12 251 86 
245 181 200 161 189 96 241 122 185 165 77 177 198 238 291 274 3 128 205 44 60 3 112 162 173 194 269 202 283 293 93 252 185 174 191 101 257 187 230 225 222 71 54 149 145 34 3 5 55 49 273 105 169 217 88 190 5 4 80 188 17 3 65 102 249 221 87 193 18 235 248 240 191 39 124 63 15 11 226 227 197 160 102 298 295 58 114 219 263 49 237 272 289 212 152 142 164 262 103 181 
155 274 116 65 159 135 285 215 104 192 40 84 91 180 130 159 246 1 189 233 22 222 175 30 240 34 235 89 151 123 166 32 297 120 52 234 12 118 52 89 19 181 97 260 285 85 279 183 165 199 85 52 283 14 52 122 177 29 60 123 254 134 94 268 243 27 242 84 63 209 85 21 276 159 73 34 250 284 152 16 40 179 166 163 69 209 239 27 253 199 77 164 108 182 246 91 266 201 68 191 
