145 288 275 62 63 213 203 48 174 110 268 273 251 104 274 262 42 269 176 109 219 102 144 121 112 254 255 197 267 136 133 109 135 276 144 209 243 133 27 75 182 233 293 55 180 154 62 237 54 203 265 247 36 166 147 80 51 64 37 116 117 190 128 109 199 39 156 53 223 165 78 77 181 49 121 133 183 133 215 201 187 285 13 47 64 17 16 138 105 176 26 275 37 266 68 170 296 293 189 115 
237 62 196 229 76 211 261 151 217 256 177 181 246 226 74 102 10 229 161 7 207 257 15 246 105 120 14 272 211 115 273 267 229 287 253 176 59 193 265 141 117 52 188 110 227 266 218 25 55 286 284 163 45 232 52 85 274 153 221 298 180 76 50 101 16 245 153 231 281 41 201 18 21 259 124 193 113 42 263 123 250 218 287 221 29 155 130 3 203 208 280 270 70 76 282 293 22 23 296 144 
215 123 190 88 9 128 58 263 81 249 111 79 260 267 209 71 166 12 223 165 93 241 49 178 201 108 212 242 146 149 254 267 28 201 130 73 238 87 160 199 131 147 81 236 152 184 13 295 146 179 225 87 151 88 15 247 187 295 63 65 93 199 259 94 273 269 139 250 0 77 171 244 154 221 68 87 167 66 37 222 154 262 174 205 294 162 166 141 61 21 277 35 10 94 44 179 165 179 179 151 
66 217 259 81 30 253 90 248 225 256 144 243 265 195 96 75 145 18 154 260 286 31 9 5 150 29 175 123 273 145 268 255 277 235 229 159 132 286 10 251 281 174 66 260 12 42 93 8 265 61 31 171 175 231 63 222 172 80 82 290 157 245 133 68 84 108 79 134 124 257 140 16 0 185 167 171 182 189 23 134 226 70 249 84 207 24 95 49 181 136 27 48 236 115 153 244 12 19 211 262 
189 64 176 218 253 163 175 14 24 26 285 299 71 169 256 137 12 71 73 1 84 196 8 237 18 189 190 192 224 100 292 170 8 102 262 14 121 166 54 95 41 96 267 140 221 294 36 143 179 298 249 15 31 168 52 32 37 193 19 76 293 228 185 156 244 192 22 120 287 158 129 259 194 176 269 280 299 30 69 186 287 24 191 47 11 277 150 178 114 50 0 243 99 254 156 186 294 284 169 100 
148 50 194 117 35 201 275 193 6 0 35 281 40 229 216 141 54 286 164 124 132 77 41 95 61 278 132 229 170 56 89 274 103 98 106 223 207 267 49 241 181 109 15 118 168 22 254 156 168 207 217 119 161 284 130 86 239 145 277 293 279 148 191 81 30 234 190 91 142 2 75 6 173 139 51 187 252 74 86 178 260 164 165 186 261 14 75 25 103 273 51 85 185 294 64 279 206 39 36 14 
298 27 113 54 237 84 221 217 71 250 77 241 287 258 32 16 153 264 297 40 258 297 146 187 110 257 178 46 157 268 266 284 189 289 111 73 135 184 167 72 123 108 205 198 173 32 174 268 213 0 298 211 191 94 290 113 163 294 187 83 179 289 166 197 287 65 97 73 0 53 31 284 296 270 164 261 285 247 175 75 108 145 31 173 88 54 271 48 215 22 93 237 43 183 258 16 221 193 248 12 
46 21 188 224 275 288 132 21 31 2 155 1 95 51 32 212 281 76 113 148 255 22 214 50 62 5 261 278 42 107 122 104 289 227 241 233 128 268 167 128 261 145 35 186 157 199 18 234 7 240 173 105 6 38 85 212 52 59 22 88 63 135 29 183 220 24 264 255 86 220 144 48 28 0 229 33 131 164 287 168 146 3 5 46 170 204 85 33 40 25 63 20 216 231 259 270 172 239 128 234 
234 243 87 170 131 136 122 188 180 214 89 194 181 132 194 169 279 218 48 242 158 296 131 118 160 281 218 268 117 12 201 154 247 298 167 234 103 236 195 161 225 218 155 75 273 7 129 176 58 139 21 26 15 175 6 264 144 97 261 239 34 232 119 135 62 244 242 0 159 124 262 37 10 299 96 33 221 253 224 4 283 256 200 88 59 143 4 76 7 17 59 29 143 125 150 64 135 129 247 147 
149 105 37 200 2 45 42 6 134 241 233 160 25 184 29 115 77 27 269 8 246 11 266 203 73 69 226 102 281 269 34 177 97 62 231 173 193 173 36 255 59 15 170 22 145 231 204 21 166 231 213 114 281 110 249 281 60 116 147 109 4 37 108 208 36 19 155 82 169 125 174 24 53 236 85 136 126 5 165 132 61 3 181 190 22 71 28 267 211 265 277 53 105 136 151 81 142 17 287 253 
31 176 128 76 44 175 57 152 177 39 141 32 107 40 15 266 108 13 167 21 43 124 113 65 268 231 228 120 26 70 2 19 214 223 58 201 267 212 266 124 98 260 2 23 288 113 56 108 261 284 82 118 48 81 149 87 204 144 223 204 277 77 140 48 236 164 136 233 202 8 256 40 44 224 273 96 227 38 145 86 166 192 73 159 152 269 83 57 282 65 33 235 290 139 209 11 177 286 286 165 
199 233 107 94 296 16 195 290 224 44 56 6 230 10 152 228 266 31 37 120 93 42 272 295 2 242 49 182 106 109 144 241 283 174 259 80 125 83 218 202 221 238 227 209 250 169 247 129 32 23 209 92 22 117 234 257 121 17 296 39 283 78 298 125 221 220 24 68 223 230 16 280 27 104 196 174 213 294 39 54 3 278 253 21 141 196 65 245 66 69 22 127 123 100 53 168 151 113 206 288 
180 159 171 160 201 139 165 51 68 275 186 10 206 175 295 294 181 179 91 238 125 48 295 266 202 80 155 240 221 4 181 249 102 268 189 193 132 118 105 258 283 194 297 298 242 202 190 4 163 56 154 34 199 88 19 208 186 244 110 199 152 253 53 290 57 48 49 57 27 257 48 84 17 263 33 298 18 127 193 208 66 21 180 183 60 229 259 277 161 54 264 254 272 269 95 125 102 120 218 278 
260 189 261 153 54 20 32 50 51 131 226 103 158 221 8 222 87 90 49 196 107 262 283 169 16 35 9 200 252 131 46 69 179 188 146 25 172 67 252 242 128 70 240 256 69 105 62 143 233 3 54 98 129 182 181 191 29 84 65 200 213 189 228 66 245 277 198 200 200 100 264 149 114 46 55 70 13 276 178 122 293 208 71 47 154 192 288 126 158 118 29 13 178 167 12 120 286 149 181 277 
29 41 87 269 113 141 55 148 166 202 12 122 236 130 130 147 100 63 15 96 96 63 71 195 169 27 158 173 109 186 259 61 36 276 27 284 168 110 124 235 93 16 200 60 202 163 161 202 140 192 258 274 74 78 21 142 30 168 210 183 159 239 193 24 196 284 235 295 264 25 42 75 82 172 26 241 242 54 123 287 276 42 192 292 197 108 113 81 29 107 228 131 288 40 209 78 167 74 179 25 
228 235 58 284 80 292 258 251 213 256 144 15 264 233 43 197 45 140 242 49 188 30 189 249 258 170 268 203 101 181 75 216 225 231 218 46 92 224 12 66 210 3 15 34 52 250 18 291 105 70 240 246 194 280 147 256 36 148 294 214 276 5 55 194 30 286 235 248 177 207 121 52 106 206 162 228 174 171 242 128 1 111 298 12 249 65 211 126 96 111 12 65 257 34 167 45 56 46 222 251 
288 245 131 87 12 22 208 85 229 34 153 117 239 150 14 159 286 118 270 81 23 265 144 278 134 193 75 199 190 173 185 179 132 38 107 277 281 218 109 128 167 211 172 18 224 119 147 230 224 102 126 202 36 72 112 246 255 129 191 112 165 239 138 32 278 279 194 8 140 106 153 187 132 61 103 47 139 130 290 274 175 73 169 221 199 32 238 96 260 19 244 258 213 294 151 110 13 223 219 120 
54 242 60 224 26 276 198 3 142 272 297 79 77 152 265 54 54 223 8 162 8 33 244 131 13 0 2 248 155 50 225 111 235 163 183 40 170 208 94 8 61 144 261 197 152 18 200 140 7 171 41 146 287 205 217 245 114 28 194 256 237 141 174 259 126 48 140 170 115 38 173 200 237 194 102 156 52 111 272 205 78 43 21 285 74 31 169 66 75 99 35 240 125 298 105 102 120 190 116 156 
130 241 1 140 78 111 276 16 18 104 235 223 228 256 31 255 37 297 162 215 229 140 93 117 271 92 273 190 112 255 259 272 82 253 160 76 171 130 4 40 114 292 16 27 57 233 121 100 67 289 130 63 180 191 271 34 50 216 156 100 171 161 286 168 121 107 280 71 77 164 104 165 63 67 31 1 236 110 206 68 45 186 267 272 275 241 207 45 163 260 5 55 276 100 175 22 291 294 176 115 
127 3 94 27 41 153 108 180 13 203 166 174 110 29 40 252 134 48 32 104 70 243 124 41 144 74 76 122 161 102 275 10 130 85 24 134 22 31 127 22 214 273 145 175 295 85 236 172 286 127 115 4 50 278 201 252 235 201 100 90 159 247 255 85 133 290 144 229 263 76 48 269 264 123 292 127 251 250 157 248 299 91 254 41 43 172 236 45 48 273 22 184 196 242 75 116 193 76 269 126 
19 197 279 118 134 270 213 290 123 185 190 20 48 10 78 279 46 261 214 24 155 260 88 134 281 222 279 170 238 81 179 275 260 256 80 53 2 73 53 228 15 173 231 180 250 159 187 222 179 209 101 49 6 16 273 170 245 156 223 65 39 288 53 229 22 251 60 74 16 272 220 172 250 262 132 239 128 190 42 137 153 209 246 232 118 132 285 293 209 239 215 139 4 154 105 112 226 270 73 104 
237 151 23 28 213 128 289 194 47 4 169 169 269 80 13 172 258 249 164 174 117 159 43 249 155 254 210 47 88 232 124 252 297 171 232 298 11 276 250 265 79 144 66 94 187 170 183 254 292 118 50 223 172 36 80 175 13 200 112 200 243 149 270 47 67 139 221 95 273 237 244 188 167 298 187 260 222 292 182 118 96 299 279 14 266 15 244 113 13 56 187 201 20 193 113 70 96 139 60 262 
222 71 181 155 100 35 94 183 214 213 92 120 155 168 223 296 116 3 4 46 61 95 175 187 138 69 171 56 203 68 87 49 271 67 122 9 69 98 209 250 128 201 236 172 61 278 118 153 66 205 80 280 237 32 285 62 106 172 15 260 217 232 137 174 55 140 112 79 43 143 22 87 120 85 225 205 177 256 232 237 11 247 141 237 262 64 19 2 291 226 224 221 205 154 10 158 235 203 205 85 
161 239 88 52 265 152 217 104 275 278 266 271 108 191 165 194 232 129 182 250 218 19 68 236 12 227 205 93 95 94 279 95 108 265 95 274 136 86 51 74 205 265 86 117 269 189 254 215 114 213 247 55 299 32 26 117 254 61 192 275 10 279 288 33 271 77 295 252 124 99 151 36 217 180 289 69 297 155 287 15 185 248 180 70 209 208 30 132 54 43 166 100 45 57 38 6 215 79 140 224 
214 32 189 169 39 32 276 260 120 235 127 164 196 140 51 113 240 284 24 201 209 6 123 135 155 49 216 280 276 284 14 96 145 252 217 136 240 75 174 126 23 296 20 184 236 7 26 140 250 59 72 263 226 57 295 117 121 174 158 169 265 283 101 241 218 156 39 152 127 175 278 138 114 39 261 152 4 49 239 217 244 25 250 211 250 252 143 122 215 144 83 74 167 13 181 239 189 35 139 222 
285 75 18 6 160 59 258 96 273 140 253 202 29 206 250 93 200 23 125 158 96 104 293 86 41 188 38 106 169 41 153 234 270 164 53 8 150 76 3 63 255 134 99 64 159 51 116 141 237 115 270 273 216 153 171 279 188 2 185 226 163 254 29 232 13 41 174 125 263 242 72 191 137 130 75 207 250 271 205 7 296 183 134 282 184 223 81 115 179 27 32 286 298 219 0 211 83 18 207 9 
40 134 289 198 211 205 208 135 111 7 23 30 50 227 178 206 236 106 207 8 263 141 292 179 227 103 280 121 127 84 75 280 141 59 190 29 247 178 26 60 70 125 291 136 283 292 20 134 159 191 10 60 95 242 142 166 189 206 266 228 198 173 34 97 217 118 99 276 18 117 221 125 114 155 282 103 150 69 254 123 2 193 36 191 172 134 124 108 221 21 103 221 56 132 72 285 180 174 52 187 
143 66 85 148 56 221 82 128 16 58 262 72 4 220 14 43 194 99 80 8 143 3 285 244 232 282 277 45 163 251 2 229 276 182 210 79 131 141 93 98 116 272 102 244 26 145 120 174 72 167 17 137 238 100 190 257 202 161 34 6 190 1 183 224 81 64 20 75 32 129 234 183 163 70 25 274 188 67 283 102 191 110 206 234 42 25 9 239 215 180 161 243 108 205 13 78 295 93 36 127 
174 92 136 241 108 220 247 235 201 14 141 57 274 246 121 108 253 181 217 27 227 99 243 91 258 138 90 116 66 255 112 229 266 3 17 250 212 103 251 267 297 11 220 60 54 205 233 207 120 204 172 173 133 187 129 29 136 136 32 54 9 188 69 247 140 89 8 40 7 109 223 250 70 105 290 150 103 26 10 79 290 55 181 253 70 291 133 170 192 164 133 255 53 104 60 214 283 246 157 159 
232 145 242 295 133 176 177 21 168 230 220 211 28 56 196 27 250 3 4 162 241 249 75 41 229 229 267 202 176 259 292 249 272 156 188 24 29 265 16 51 169 112 299 124 93 162 221 106 156 64 123 157 149 211 285 18 114 197 144 51 186 178 225 296 78 136 41 187 183 107 295 273 267 280 179 47 299 250 12 292 180 85 233 279 209 234 275 243 287 24 6 104 274 14 216 78 115 24 114 241 
86 198 14 207 98 22 260 138 287 294 101 171 123 62 245 51 168 227 4 96 205 0 132 243 127 136 209 57 118 268 13 50 180 63 24 89 137 103 239 297 284 165 240 116 25 200 37 170 35 229 114 108 164 231 72 250 118 82 296 49 132 229 19 106 269 188 127 215 201 266 46 126 178 59 262 151 233 214 252 200 105 141 232 233 31 264 5 46 278 175 118 192 141 114 105 12 79 188 270 192 
45 95 42 95 215 169 49 223 0 232 162 209 267 90 163 141 254 60 75 219 0 175 129 273 68 272 177 1 191 36 86 153 102 227 224 214 160 82 98 166 57 262 243 101 0 268 61 289 215 290 294 129 96 31 170 99 281 29 176 249 47 6 21 18 76 169 18 25 208 79 290 62 137 153 199 51 205 223 299 21 239 170 38 239 137 190 230 235 217 163 143 264 111 229 236 55 46 45 250 177 
209 202 119 152 19 68 202 169 10 4 197 105 161 160 215 46 284 224 143 161 192 22 245 58 71 97 111 156 197 188 110 185 99 125 131 260 52 148 156 69 30 50 191 20 119 69 101 122 288 70 263 113 25 236 53 147 106 199 7 164 24 209 24 139 47 280 252 229 128 44 297 36 174 265 266 140 125 144 68 3 94 191 256 278 145 215 5 214 152 218 130 12 259 64 147 261 5 125 124 293 
78 52 293 54 173 278 156 187 36 282 221 165 1 79 8 130 88 174 132 216 202 66 142 280 280 122 135 176 252 86 174 34 275 48 213 214 116 80 143 206 180 189 66 19 66 219 150 263 161 114 170 177 276 48 81 40 233 262 139 216 225 78 106 257 130 185 87 10 214 259 93 57 224 151 72 247 5 94 30 26 80 242 282 25 13 231 205 48 274 40 249 113 15 82 112 286 32 194 49 104 
108 64 52 259 213 32 276 299 121 112 180 151 6 278 202 191 146 11 152 247 200 92 148 170 275 101 259 297 8 83 29 261 122 170 251 114 130 270 144 64 79 77 244 257 135 286 293 209 30 213 108 99 115 199 288 25 213 39 273 21 259 41 157 284 7 281 101 44 64 287 78 98 62 22 218 122 70 211 52 17 46 20 212 186 62 252 185 88 292 192 121 208 93 299 127 279 240 98 64 58 
82 147 44 260 51 274 14 100 160 272 137 20 97 112 180 145 161 188 56 36 200 117 56 260 161 233 37 21 220 12 215 252 221 256 72 84 245 122 88 8 256 38 177 130 280 198 148 164 38 121 79 253 254 101 176 66 20 68 110 89 236 247 82 141 129 72 29 0 137 281 252 10 219 184 132 26 11 212 32 218 59 146 235 154 22 157 266 37 65 167 205 96 3 219 269 27 157 158 75 113 
174 263 262 193 217 66 295 126 233 89 32 168 96 164 5 165 299 127 258 35 169 242 216 294 58 241 136 64 133 223 6 295 97 108 159 95 57 284 20 148 147 218 128 263 98 193 31 40 70 249 233 142 143 49 298 238 228 184 187 61 127 58 250 21 2 17 129 142 155 51 100 181 208 21 216 5 252 292 158 108 242 87 253 260 40 57 175 86 2 53 11 146 144 59 299 241 12 185 46 279 
269 122 188 285 165 113 244 78 155 101 195 233 184 235 232 75 287 177 299 264 288 38 78 31 135 38 45 265 36 136 296 170 92 165 7 56 189 2 172 260 175 69 185 114 152 279 296 31 149 134 227 137 85 69 273 251 190 220 80 182 9 223 13 235 299 29 240 125 209 297 13 278 223 223 231 25 225 139 191 158 70 294 9 105 86 30 164 28 205 136 60 80 60 125 83 178 164 0 77 294 
112 61 21 275 84 239 211 168 76 221 40 66 229 240 30 104 138 32 204 100 85 99 41 251 4 50 140 254 75 153 33 101 7 290 110 156 81 165 60 24 100 167 18 125 51 29 10 274 146 87 23 96 42 299 44 154 82 202 99 44 157 97 192 55 30 273 66 105 179 134 182 69 149 144 151 189 195 163 30 58 41 95 71 60 227 239 255 190 58 46 92 144 9 226 69 200 4 193 99 161 
118 49 181 123 201 181 242 231 102 257 104 169 208 224 179 259 201 196 227 91 187 174 99 38 209 211 114 183 246 230 127 86 245 199 293 101 122 233 215 78 147 203 282 23 227 231 190 247 295 264 213 297 250 40 16 61 98 165 138 90 227 57 124 190 112 179 50 29 204 252 6 112 115 6 42 140 197 140 138 262 86 278 128 212 82 26 255 39 270 215 190 207 144 77 209 274 16 65 120 297 
60 51 135 63 234 149 98 139 110 297 230 197 221 118 287 84 176 275 176 46 85 233 280 223 85 118 50 90 57 209 167 234 66 104 2 52 99 56 292 282 84 80 126 264 89 76 208 256 151 27 255 247 15 299 17 234 261 73 131 242 110 244 91 272 149 81 27 287 186 299 202 295 288 196 70 26 218 257 270 145 216 115 52 90 267 278 145 35 272 60 20 290 60 77 220 146 198 14 42 192 
176 131 103 111 25 178 18 173 147 277 53 107 102 166 107 79 293 105 241 160 47 62 265 45 262 233 219 194 88 26 96 247 289 212 71 30 245 153 278 171 216 26 232 62 267 105 277 233 18 32 75 211 34 52 130 104 249 106 246 190 256 5 219 215 221 112 78 92 60 245 38 81 146 178 57 38 88 14 100 197 42 288 24 161 40 168 63 87 257 242 263 279 293 299 225 17 274 185 196 268 
275 138 270 147 197 16 267 130 39 139 98 100 4 12 225 186 230 77 60 30 133 165 96 209 216 285 208 125 191 158 65 272 114 45 294 33 65 233 106 204 280 256 173 87 17 188 81 298 291 71 198 57 129 205 3 95 164 234 182 63 290 171 121 182 28 241 247 90 189 35 147 94 262 163 79 97 268 113 131 112 104 71 71 79 139 276 107 259 171 278 5 275 28 13 0 215 226 194 111 188 
185 40 64 72 298 94 14 181 286 162 9 214 137 128 188 193 196 33 31 91 254 246 219 160 204 143 270 258 3 269 224 117 74 144 262 248 252 73 0 14 138 87 182 258 217 86 210 283 75 77 197 116 27 192 51 67 222 138 100 37 184 89 264 154 184 218 45 101 15 186 232 125 269 285 86 269 228 18 39 185 126 55 60 66 126 35 172 37 96 284 120 174 80 242 101 295 182 82 86 242 
135 247 126 94 95 62 185 243 180 223 137 55 69 191 104 273 178 52 108 223 279 111 232 134 96 209 77 23 180 132 283 124 17 131 214 53 171 177 142 175 202 165 171 136 69 85 217 4 100 17 294 272 134 63 230 49 92 133 194 276 260 277 242 235 157 79 72 126 229 91 92 34 253 233 64 26 230 186 47 69 0 297 18 79 227 26 80 23 119 86 27 140 248 168 225 231 42 54 132 48 
11 214 292 225 111 114 54 171 295 85 146 74 109 125 284 227 166 234 8 92 285 233 104 60 172 237 270 107 49 16 102 148 191 1 175 86 212 52 156 208 16 19 62 64 183 255 8 53 236 295 112 99 224 201 200 296 41 224 172 93 145 221 42 174 225 152 65 62 121 123 274 25 287 103 43 55 35 242 95 45 293 131 15 258 125 78 145 131 199 186 262 155 123 186 296 222 138 144 290 64 
154 196 24 197 205 61 2 198 269 231 191 15 132 244 245 247 103 16 10 235 233 87 170 262 131 254 252 148 233 164 107 46 54 270 70 121 13 233 85 183 112 232 161 190 62 209 257 18 228 192 220 26 203 69 291 190 276 233 19 87 251 49 274 190 221 70 228 210 257 200 270 132 117 16 222 220 290 151 45 193 28 13 145 281 110 254 85 178 286 24 83 101 240 141 249 121 145 215 162 198 
225 89 99 74 292 47 136 71 105 169 96 231 56 248 42 160 98 109 80 208 218 54 17 132 23 298 118 199 7 189 216 73 46 72 118 105 236 186 48 168 167 243 166 123 156 23 179 179 183 279 100 94 48 283 142 281 265 256 3 116 146 100 187 77 224 134 97 61 273 220 87 151 175 29 140 134 159 32 112 69 183 182 69 21 147 28 25 231 1 25 190 107 24 189 17 237 2 2 114 77 
116 97 228 48 69 32 40 132 225 227 106 252 201 225 80 213 140 236 49 56 76 31 265 206 225 187 100 232 229 48 208 194 105 198 198 274 166 295 115 53 136 186 147 102 71 49 51 294 143 215 52 10 277 277 47 19 230 54 142 63 164 224 14 288 35 26 39 162 122 211 249 36 162 87 33 12 6 12 71 23 231 102 181 207 197 8 84 219 203 183 69 282 72 159 6 139 291 49 74 168 
64 250 195 291 99 266 46 162 225 49 29 170 100 28 200 109 200 119 260 17 171 21 19 96 293 29 19 31 16 227 175 264 265 58 131 232 168 153 184 151 152 140 75 97 75 53 156 100 261 10 55 31 15 48 50 167 206 216 289 16 211 121 130 278 269 31 175 40 248 242 126 65 25 242 163 245 100 29 247 150 229 297 17 207 106 73 297 137 99 86 116 281 35 78 11 289 159 35 269 235 
5 121 67 278 114 26 207 85 78 173 216 149 191 209 58 3 245 295 279 175 65 246 168 19 1 115 270 99 27 256 295 204 164 204 285 247 235 204 225 99 270 96 92 175 176 81 190 73 15 78 266 197 108 284 42 194 117 203 75 58 206 185 96 209 175 237 207 252 77 237 264 261 227 35 117 90 55 130 89 77 229 214 277 111 267 297 236 270 78 78 10 7 272 95 215 208 278 191 241 156 
3 159 239 261 90 125 16 175 269 82 199 181 23 88 44 241 195 28 179 215 5 140 43 106 68 69 262 134 4 267 179 49 183 189 196 113 259 226 97 33 105 12 29 84 88 183 115 30 247 166 203 132 73 146 155 166 19 235 244 123 6 59 261 297 26 52 46 9 57 126 149 122 89 101 85 221 41 40 122 279 188 173 101 166 255 283 76 21 52 166 269 79 64 158 275 61 18 218 33 75 
296 114 146 248 82 279 241 197 289 162 145 172 90 63 267 257 6 299 287 121 268 77 109 273 13 13 226 185 283 38 269 174 249 297 173 8 26 285 167 24 97 81 249 45 264 56 259 289 11 171 285 271 146 200 168 186 45 206 168 33 189 273 26 237 76 219 135 150 169 203 237 246 52 225 140 158 62 86 3 146 42 238 244 131 35 7 50 130 246 276 170 188 106 61 148 101 196 49 218 174 
30 297 185 178 267 283 83 218 46 231 89 11 130 264 94 144 127 119 59 157 153 59 216 56 117 89 39 270 118 182 256 35 270 208 81 105 145 102 287 158 249 282 140 245 131 78 210 108 253 163 96 19 169 220 275 191 8 182 240 251 278 110 132 243 193 56 160 284 280 262 274 94 146 172 44 173 123 35 215 109 118 247 227 272 11 150 229 106 176 282 121 58 63 86 246 56 174 3 254 136 
21 168 154 162 19 80 89 56 207 119 251 148 169 60 185 243 30 1 276 261 220 140 219 205 89 124 245 23 161 259 63 260 278 187 181 54 256 230 226 297 246 243 141 285 127 165 171 161 28 222 63 275 252 152 271 9 129 103 295 276 247 175 151 51 215 15 229 109 122 59 277 231 222 177 89 96 251 38 47 226 29 124 121 50 122 227 43 258 11 56 107 202 28 20 50 76 223 177 85 293 
21 245 190 229 175 128 283 76 210 32 243 174 222 243 260 240 120 84 237 76 122 85 277 111 211 133 20 208 247 156 285 288 228 83 283 200 106 253 91 211 280 214 221 177 115 212 243 90 110 19 152 291 239 149 213 125 41 38 257 251 259 32 80 127 263 106 37 24 3 246 133 135 76 260 243 174 171 257 146 228 265 45 251 230 29 137 112 225 37 299 89 117 286 113 140 202 120 64 0 249 
45 94 141 173 122 191 136 214 283 237 193 101 232 177 200 162 117 299 180 179 60 161 240 86 112 104 12 52 28 48 220 59 236 41 268 232 216 42 156 209 262 97 60 79 297 51 62 123 255 245 174 170 278 179 239 41 14 32 264 206 66 98 274 109 38 0 76 242 227 289 31 179 249 287 103 16 285 207 165 121 278 151 202 172 198 121 40 100 160 194 44 81 276 95 108 156 68 138 82 285 
270 89 148 212 4 10 62 21 34 70 201 96 186 215 153 243 168 32 233 21 105 241 81 175 150 166 100 64 269 88 147 99 95 276 233 163 146 102 289 154 84 103 234 95 133 267 197 28 14 67 208 29 198 189 21 244 281 183 56 161 75 8 17 134 62 28 206 162 83 60 124 263 151 119 252 99 228 131 220 227 97 262 251 251 242 146 57 94 41 63 186 215 206 288 122 234 240 105 153 103 
152 139 120 215 257 273 15 196 110 225 292 156 56 30 116 257 2 121 269 188 105 201 264 61 279 111 136 61 201 206 127 223 9 60 75 64 69 165 11 174 68 231 199 187 200 162 289 77 62 77 150 205 258 137 196 177 198 254 253 30 28 279 280 89 101 1 75 16 21 175 64 189 289 289 172 111 184 158 289 152 133 42 238 10 223 288 53 69 290 288 280 140 210 180 196 211 169 140 186 0 
26 60 263 205 179 69 195 205 198 203 296 90 216 41 227 59 33 49 7 118 244 81 9 112 42 82 160 195 9 213 122 60 3 219 58 185 34 169 31 1 210 183 194 3 202 189 255 91 259 196 126 239 35 30 144 286 29 64 282 291 72 250 149 163 44 168 203 230 179 48 30 47 293 209 199 3 39 66 244 264 118 213 46 186 296 22 173 257 14 86 148 145 170 145 45 95 251 164 184 112 
258 227 19 282 295 22 55 9 101 245 165 192 294 65 35 281 187 77 236 39 150 85 68 209 172 153 73 230 130 42 83 203 174 89 178 96 139 52 178 174 118 161 138 208 182 59 25 249 55 7 117 30 160 176 156 241 70 255 277 25 29 50 50 82 188 242 167 231 86 170 144 22 110 78 131 296 251 16 116 86 72 221 184 51 146 219 23 131 211 262 248 60 5 181 299 163 151 226 95 116 
240 292 297 181 222 120 95 296 76 98 72 224 235 154 189 174 213 119 76 209 4 146 232 198 285 6 213 228 272 42 188 235 43 11 181 79 122 40 64 232 6 51 290 31 132 3 264 259 43 95 61 105 44 108 184 161 275 137 136 130 283 217 19 124 14 134 137 83 269 253 53 283 0 263 64 278 238 94 225 118 156 71 217 188 288 42 113 219 216 70 280 225 39 7 112 170 211 110 139 31 
279 0 295 146 287 196 223 6 158 181 105 182 247 55 284 61 12 238 105 161 294 42 57 240 189 29 240 250 267 1 293 193 262 220 200 273 107 96 196 259 15 12 246 4 253 32 170 134 87 216 233 135 101 236 275 137 168 130 89 261 53 81 105 146 11 9 133 236 3 87 273 185 126 229 282 56 50 29 211 281 37 119 117 269 69 281 110 282 272 250 97 213 50 133 45 269 185 95 238 91 
295 131 112 36 31 138 19 162 121 255 79 119 247 155 261 82 104 148 270 144 255 26 82 178 145 122 283 44 62 235 44 281 113 142 272 295 61 239 287 2 58 61 242 96 25 160 214 44 221 221 295 227 223 85 246 142 167 55 57 189 42 208 289 139 186 212 8 56 5 290 29 271 159 43 69 100 2 199 78 245 206 96 57 107 12 287 172 215 183 216 298 293 90 294 102 245 193 271 274 277 
6 117 0 255 29 77 294 154 267 195 203 294 156 246 61 95 211 53 259 54 38 238 142 80 186 34 56 39 280 201 293 255 101 167 42 224 283 16 282 284 199 204 19 23 38 122 9 273 3 94 157 111 48 28 53 146 241 259 174 209 3 225 249 21 217 121 46 34 38 123 234 252 135 171 8 47 196 188 238 23 226 122 261 82 168 274 63 187 252 65 27 98 127 80 262 113 271 186 80 299 
225 174 12 259 71 75 33 36 180 53 217 202 173 242 51 91 130 72 168 170 174 277 169 136 88 77 116 137 138 294 168 246 210 58 46 273 154 152 37 112 280 200 45 233 234 116 55 241 208 267 0 200 224 145 139 237 229 176 227 235 215 277 210 226 201 6 166 165 97 34 18 216 128 229 153 210 253 74 117 193 11 14 83 285 169 52 185 106 70 81 211 217 26 292 226 40 115 62 198 13 
63 250 283 280 129 181 243 195 62 4 65 295 62 178 181 133 38 235 211 95 137 5 17 99 50 258 84 80 244 247 37 259 109 55 292 283 162 111 210 90 188 21 272 111 219 1 186 92 51 100 133 247 127 107 155 267 224 24 33 22 15 159 75 120 250 298 253 295 117 215 49 297 111 5 164 261 50 109 23 45 115 110 15 259 119 127 106 107 143 197 3 25 269 181 136 80 123 226 222 102 
215 105 158 88 172 160 178 184 196 134 82 177 31 58 273 244 155 178 215 113 224 181 211 175 149 230 76 227 223 243 171 249 62 202 64 141 3 223 39 38 9 255 53 113 22 30 271 168 259 223 24 11 10 140 54 206 8 244 219 184 203 285 57 60 266 273 91 134 55 21 217 269 8 260 158 142 137 277 121 155 192 66 11 197 234 235 274 271 274 134 253 12 139 81 146 119 174 227 199 185 
141 46 66 242 26 117 219 163 179 140 83 11 226 156 150 141 251 21 169 282 46 225 130 44 230 90 295 89 179 55 81 108 264 283 52 173 230 274 154 207 145 25 170 131 68 124 247 46 279 46 81 131 164 283 38 10 269 129 236 296 41 257 223 196 281 111 97 269 169 256 217 141 155 31 172 194 171 206 177 183 151 22 136 233 113 190 61 282 103 144 54 210 167 177 150 4 211 38 200 187 
26 231 91 38 84 186 99 133 190 123 176 197 33 54 141 221 245 170 83 266 5 13 47 224 33 8 182 30 227 269 208 272 294 245 160 106 0 147 241 104 294 170 115 168 77 78 188 19 59 94 89 72 70 72 133 286 161 149 208 236 161 34 255 286 273 24 240 89 96 97 72 242 86 19 132 12 258 52 148 131 224 274 257 113 219 51 75 295 40 280 10 123 200 160 20 13 170 139 111 235 
20 80 178 145 215 190 94 80 77 2 111 153 283 70 37 37 196 144 16 105 141 194 210 131 124 100 67 159 66 171 89 27 143 273 165 123 165 116 269 98 194 179 80 28 89 87 175 64 168 238 222 186 201 26 54 32 71 236 140 110 116 178 250 54 130 42 152 141 67 268 57 20 220 96 207 294 102 139 117 250 128 150 136 199 271 256 296 170 298 179 199 80 49 35 142 72 69 118 243 87 
254 235 91 279 231 227 97 101 285 89 6 118 191 223 250 288 37 277 15 192 60 2 256 95 36 187 41 109 103 158 186 197 1 247 201 270 88 243 196 190 147 138 85 65 298 129 208 220 231 260 190 47 163 235 268 40 286 132 23 261 200 216 149 99 161 215 116 31 47 37 173 285 267 72 32 256 212 68 266 45 54 285 171 91 39 208 241 282 250 173 197 159 221 271 148 68 53 224 101 264 
283 239 76 33 34 250 154 156 54 237 132 169 118 80 101 244 213 213 100 79 153 126 169 8 82 68 47 237 178 108 14 79 265 68 170 100 275 81 123 108 203 23 262 149 74 250 224 166 297 197 218 205 295 124 181 80 122 109 294 158 8 178 184 218 21 104 101 36 95 148 79 15 128 79 292 297 115 78 284 20 94 240 213 121 247 2 203 19 274 93 149 235 18 122 4 198 30 92 199 14 
269 179 194 256 89 84 210 277 236 257 289 39 269 50 59 111 258 280 173 69 157 213 193 224 64 273 165 66 200 235 106 226 14 14 72 12 101 178 221 4 182 294 279 223 137 28 38 275 79 255 193 78 20 159 116 36 272 10 122 212 196 133 284 215 122 206 181 99 141 197 239 220 197 205 163 12 11 172 120 200 207 166 101 233 263 146 31 136 75 121 101 190 174 215 275 215 56 286 258 37 
172 138 234 211 68 186 111 182 54 141 188 96 178 201 64 287 181 250 295 272 216 142 289 129 209 236 5 40 257 227 1 149 283 128 20 254 191 178 96 8 159 252 273 189 299 88 282 100 191 148 114 116 8 186 6 225 174 112 145 263 204 15 111 229 221 251 231 181 236 232 287 8 42 223 93 60 286 172 87 132 68 3 114 124 210 176 240 210 92 287 287 208 150 216 53 107 255 56 213 7 
244 76 186 164 238 93 275 141 232 37 43 214 176 179 30 171 16 81 7 19 16 206 267 51 122 6 125 80 13 286 296 234 134 55 95 65 43 35 135 187 101 249 282 248 241 0 85 87 130 48 127 94 121 32 273 55 157 171 89 184 214 113 259 220 195 52 248 267 215 148 133 140 164 18 232 36 273 83 81 154 298 201 48 41 136 198 109 138 163 209 76 126 230 1 262 138 226 131 111 165 
159 24 113 122 34 299 21 119 244 44 237 241 269 244 54 41 21 27 191 2 287 0 277 148 131 179 148 152 97 169 214 221 146 287 67 250 230 88 177 41 115 189 21 72 38 226 257 206 51 271 155 136 221 162 222 160 270 134 143 9 56 153 223 169 266 18 271 20 13 34 293 150 38 20 249 18 270 238 173 223 67 110 17 283 63 297 234 211 298 19 290 147 156 115 201 46 67 296 18 187 
83 256 127 125 288 136 221 145 172 253 47 14 60 289 10 73 282 116 205 185 149 9 209 284 225 64 108 92 258 262 178 289 83 154 168 55 65 30 217 31 126 285 221 69 283 143 212 120 93 276 127 237 19 112 9 297 30 186 72 14 103 114 108 84 293 209 9 96 195 252 201 245 252 28 9 281 279 204 88 94 146 208 120 293 229 128 108 178 112 20 253 94 53 50 145 185 238 208 104 8 
123 56 285 175 79 254 117 50 113 265 151 49 201 28 172 111 187 290 11 211 254 71 11 146 221 262 75 24 214 255 139 151 188 82 198 128 111 113 223 275 177 181 296 293 259 156 139 188 228 117 38 127 113 197 34 123 242 64 204 117 292 295 237 24 220 37 250 298 191 235 198 194 182 268 130 256 28 197 5 160 241 65 290 48 253 133 114 45 177 106 179 4 49 151 213 97 203 117 167 199 
268 23 149 145 168 103 147 217 55 30 290 263 141 247 17 248 277 123 8 40 141 295 67 8 105 127 121 208 82 254 91 64 201 98 82 141 165 293 290 11 64 179 211 269 201 238 121 152 29 224 266 99 75 236 154 106 51 204 276 130 225 201 112 213 23 87 100 126 22 202 146 191 117 149 50 221 284 6 12 8 99 71 245 23 111 292 203 198 155 105 262 275 155 277 68 85 5 30 39 16 
86 63 25 33 184 19 288 232 243 20 192 15 208 244 98 213 204 223 126 232 190 102 159 58 257 294 17 42 128 215 135 298 155 62 178 128 177 50 142 18 190 35 272 259 227 168 239 70 299 182 255 12 72 75 215 97 234 224 230 94 80 171 288 262 153 154 145 258 45 176 222 99 224 75 147 146 261 278 190 105 67 151 34 261 120 153 42 78 283 104 90 274 252 41 266 298 265 148 78 289 
83 283 42 163 37 189 163 101 225 154 198 293 1 209 23 88 199 139 252 58 259 198 235 102 49 110 33 35 295 222 45 274 188 94 113 101 114 120 211 104 9 225 242 281 252 193 166 25 44 182 221 297 7 260 16 182 178 9 21 273 238 43 31 285 236 18 11 242 27 72 235 86 73 158 8 154 61 37 187 120 232 76 94 58 95 180 65 74 224 82 27 11 282 243 234 250 138 70 11 218 
140 81 191 233 190 169 71 296 195 268 95 209 215 59 277 243 14 5 98 53 174 281 245 91 73 47 171 213 251 10 123 97 39 208 87 215 168 219 111 299 211 142 112 147 216 151 11 86 49 176 47 20 229 275 5 83 44 174 38 5 202 79 18 151 39 276 11 257 94 10 140 287 21 180 11 44 236 278 205 228 7 63 292 59 93 7 165 200 254 209 84 147 160 259 204 51 206 202 35 71 
25 29 66 123 96 257 245 94 214 46 161 109 285 100 162 42 77 229 119 190 253 58 35 211 137 281 185 111 201 100 148 221 160 201 265 273 65 81 252 146 194 43 253 177 270 47 235 257 133 46 25 237 181 227 137 253 248 118 97 109 175 276 48 90 40 132 177 39 279 189 18 299 134 27 148 279 143 123 204 83 290 65 173 60 235 83 85 185 17 256 245 98 200 102 156 216 277 273 78 294 
15 144 42 211 160 144 49 169 140 148 46 149 148 78 254 48 271 219 118 238 177 90 227 61 10 105 73 21 126 220 4 109 104 270 43 88 108 10 58 265 88 62 251 107 215 153 87 97 200 158 230 66 200 96 248 24 59 45 281 218 215 78 228 234 207 220 219 91 219 155 142 128 35 142 29 93 105 35 194 103 291 184 260 35 165 127 204 213 27 74 78 67 282 34 152 147 204 77 53 168 
113 189 165 286 126 87 234 263 209 16 130 30 171 142 264 138 93 214 296 190 251 176 11 19 232 117 46 133 166 181 173 151 277 199 159 134 125 125 72 192 89 62 43 250 57 239 282 250 12 65 86 221 58 224 11 112 120 233 44 80 290 104 127 96 75 18 256 242 55 112 298 146 81 23 221 166 125 175 66 37 121 237 140 42 265 126 256 32 99 104 248 12 227 179 143 106 217 284 116 180 
161 37 179 203 67 22 44 55 238 14 252 81 164 225 17 59 216 112 73 88 36 93 188 156 190 133 65 278 176 224 235 121 183 143 169 136 260 63 97 29 152 281 192 19 290 141 112 278 142 276 206 212 237 9 166 142 78 87 185 156 11 99 241 209 148 207 103 297 190 195 258 104 48 227 122 39 123 74 187 81 168 241 47 15 214 139 9 236 284 223 179 40 44 191 27 123 72 96 197 197 
21 209 276 295 162 69 222 185 126 223 33 114 105 24 36 3 20 215 149 175 123 56 172 182 211 251 183 281 0 110 215 162 61 10 95 60 89 45 260 85 104 164 74 262 26 236 65 194 15 14 246 131 236 155 202 21 21 183 66 101 32 273 273 42 257 212 128 189 14 161 249 122 236 157 234 12 127 149 38 165 102 23 127 16 119 190 226 83 190 264 101 40 91 6 36 38 129 113 285 275 
244 49 19 197 207 167 101 190 291 299 143 208 154 242 254 273 291 56 281 146 105 49 210 90 90 224 214 2 242 281 8 18 148 167 16 66 76 173 99 22 130 183 252 7 22 115 151 119 33 109 153 175 199 242 79 147 37 272 168 77 64 234 104 250 214 5 66 37 212 200 180 5 10 56 250 193 127 99 176 106 112 238 12 222 39 188 63 10 158 20 278 157 106 234 48 274 57 179 215 70 
23 15 164 7 88 238 71 288 269 93 286 22 289 286 9 290 74 78 277 13 208 34 201 288 17 120 114 199 182 263 54 48 288 166 135 32 147 78 101 198 283 177 101 227 79 229 211 104 119 148 11 294 129 178 79 103 188 77 5 134 16 267 58 204 64 209 278 83 224 215 202 84 81 108 146 180 23 203 100 77 203 10 112 230 290 270 70 290 120 100 193 224 80 290 117 26 282 17 275 274 
50 153 60 126 117 53 171 147 253 41 175 203 158 193 96 96 146 264 12 220 84 297 146 20 117 61 238 222 43 269 75 47 211 225 37 155 248 293 97 62 124 34 116 34 123 164 111 142 150 272 195 255 61 221 167 241 160 135 141 184 226 257 27 87 151 22 279 93 277 250 41 230 249 171 51 140 15 172 37 150 5 32 290 173 203 66 91 242 268 164 198 60 16 286 142 14 39 32 217 110 
9 130 121 123 163 67 228 111 153 112 86 110 276 182 49 7 273 211 283 48 122 96 261 181 105 171 299 47 167 72 59 99 27 113 219 152 127 30 171 25 102 184 106 76 14 249 108 41 4 173 176 23 262 204 98 136 292 72 276 80 282 185 132 108 85 189 150 266 292 268 192 208 197 208 237 77 168 194 50 183 239 118 134 299 83 223 61 229 250 194 84 275 25 43 246 164 179 164 62 114 
35 46 15 245 115 77 92 208 270 68 277 89 263 21 21 108 6 186 283 88 94 88 230 129 127 146 192 57 246 253 66 214 219 27 248 271 207 230 9 171 247 219 204 238 63 270 198 57 42 284 278 56 277 114 56 10 177 23 142 289 66 49 76 22 102 232 216 76 98 183 265 32 247 255 296 95 140 98 195 19 260 37 243 35 262 144 37 190 51 97 21 253 286 155 267 168 29 279 153 202 
88 165 65 200 148 149 31 44 62 48 70 206 251 93 195 175 150 231 177 176 252 121 131 57 199 223 151 79 106 182 185 42 48 283 115 251 276 264 6 189 44 176 17 66 264 129 92 281 20 170 48 145 140 169 93 169 72 113 36 218 261 113 146 180 159 253 285 129 155 61 133 190 270 215 294 15 274 116 248 245 221 34 86 246 32 287 43 136 278 30 31 258 245 142 22 184 8 108 146 281 
198 194 173 54 101 76 191 72 179 254 221 210 45 141 64 92 136 243 34 32 229 193 206 35 235 231 147 173 24 87 65 296 40 213 32 246 105 15 98 231 132 3 89 178 155 190 180 174 183 99 264 111 148 63 134 256 231 240 39 57 274 242 212 295 274 98 39 50 190 169 202 182 211 252 75 263 92 286 135 79 262 81 251 118 295 246 155 171 56 187 165 62 235 138 254 0 20 151 99 202 
202 48 259 122 288 221 87 2 167 51 30 102 53 109 25 49 40 128 138 22 26 22 37 137 291 282 287 239 49 210 3 26 0 111 221 150 154 284 112 55 169 48 295 36 191 165 136 287 24 241 185 230 78 152 187 114 97 162 179 14 30 135 86 297 46 91 72 204 94 51 124 230 57 121 264 217 4 191 11 134 234 287 298 15 244 82 27 280 54 142 158 287 150 148 274 13 76 70 32 54 
216 121 10 258 100 23 63 13 145 259 29 80 291 124 43 69 107 279 153 209 229 167 20 100 190 171 66 152 203 7 149 209 151 27 106 289 274 53 290 196 54 67 52 134 62 48 222 184 112 267 109 227 139 156 261 223 53 215 50 255 111 139 39 17 255 223 297 25 194 119 71 173 98 9 223 92 249 233 30 123 294 70 187 247 235 210 209 268 136 289 158 6 159 144 250 258 41 32 217 23 
16 213 68 157 34 76 234 233 268 1 98 87 146 105 295 269 78 103 221 81 155 96 142 116 48 184 95 116 113 63 47 258 205 100 4 196 273 149 225 163 104 283 192 180 48 115 25 245 68 229 191 213 153 32 66 147 250 163 20 246 298 230 223 128 33 24 207 10 56 6 88 200 185 24 203 274 39 140 18 146 148 152 8 247 163 189 46 45 180 163 2 241 181 100 90 111 212 175 97 83 
110 122 27 153 46 243 95 145 51 149 160 33 230 50 29 176 176 124 210 147 258 178 254 293 206 205 78 81 124 287 298 242 89 130 298 218 160 40 192 4 5 269 25 82 275 13 176 224 173 16 206 5 81 80 214 34 136 174 33 188 268 39 266 113 66 128 270 107 78 127 154 36 13 24 163 161 143 145 271 286 25 178 294 226 85 219 228 64 131 258 149 276 274 288 185 94 243 139 97 287 
289 293 273 194 174 203 212 186 273 156 233 96 29 44 187 240 113 189 167 54 136 9 104 7 82 268 11 218 180 47 112 48 157 205 69 127 85 281 22 161 10 104 245 120 169 84 207 25 250 198 70 210 123 204 156 28 78 161 60 189 188 169 100 128 253 176 35 34 26 70 195 245 138 293 129 131 224 258 132 250 151 128 79 242 255 114 47 38 147 259 285 78 240 244 127 20 121 260 189 206 
