141 216 10 258 70 248 256 189 165 185 262 109 69 125 0 273 248 245 125 151 121 169 220 215 251 163 44 61 169 98 106 210 190 19 157 128 242 125 46 73 270 170 233 21 33 98 32 187 103 7 71 106 238 293 256 256 295 75 196 2 254 214 169 233 89 294 153 133 102 174 43 248 82 27 229 261 161 156 150 149 224 273 64 246 82 85 148 127 122 216 237 227 271 281 90 277 69 244 40 271 
271 87 36 185 242 166 248 293 297 289 276 221 86 277 19 17 212 289 279 269 264 39 225 20 157 157 204 286 147 105 209 31 279 201 103 230 177 23 208 161 226 132 163 133 285 153 204 13 228 234 97 262 150 231 166 89 115 89 47 12 202 138 164 121 98 63 261 193 176 228 103 297 176 265 32 54 246 192 162 154 203 55 186 285 192 168 114 125 58 90 155 106 199 66 61 233 104 233 259 159 
283 143 283 156 246 113 297 220 213 83 91 42 121 1 290 124 297 259 275 210 42 194 128 90 129 141 204 214 148 280 175 144 297 187 207 75 177 111 112 7 21 41 238 235 1 131 157 65 130 238 168 74 226 108 266 258 109 243 145 166 90 87 123 39 279 245 55 82 17 207 92 223 67 74 128 143 172 249 31 165 243 236 61 70 179 253 1 103 11 113 20 139 195 114 178 270 44 292 251 21 
121 26 284 283 134 90 3 160 273 271 188 84 247 142 206 269 144 259 66 125 130 86 113 206 203 34 52 263 65 232 71 124 185 39 238 136 63 22 24 102 145 226 241 285 110 146 35 233 170 268 187 291 55 127 24 295 229 94 20 183 105 169 207 110 214 162 297 2 22 97 63 175 140 185 228 170 293 91 232 236 80 204 97 175 261 126 34 149 194 258 256 234 121 96 299 117 16 219 209 5 
30 103 113 98 17 32 58 173 112 90 293 112 239 129 257 15 285 273 241 270 25 30 267 252 288 136 203 135 278 51 82 105 203 29 108 114 172 296 272 267 274 45 134 11 118 289 257 256 86 248 158 208 259 63 261 276 211 274 155 109 89 73 28 261 278 50 173 52 14 48 172 28 276 255 215 37 98 140 227 114 213 161 182 68 240 84 206 88 150 189 211 70 84 146 287 174 251 174 77 60 
23 108 132 68 173 13 148 248 295 80 121 236 206 82 255 42 151 2 74 230 120 89 140 4 268 241 135 49 173 38 171 238 18 73 255 2 10 73 294 22 272 255 201 180 28 47 7 41 48 299 170 155 262 42 292 77 189 278 244 19 221 37 258 9 128 182 240 184 227 254 163 289 94 21 254 32 135 114 277 163 132 142 24 282 143 113 268 150 234 17 254 263 27 263 20 115 189 187 25 200 
79 264 45 31 36 112 99 289 72 273 225 126 107 4 73 37 16 293 185 131 63 299 70 124 82 137 224 46 276 21 41 75 187 12 114 53 15 42 162 111 175 275 58 67 120 271 118 42 228 134 74 84 149 275 294 117 34 138 285 187 105 123 56 104 258 97 28 142 187 266 258 198 72 197 298 210 124 142 221 130 284 221 182 25 264 109 296 227 188 210 165 70 1 49 266 285 56 147 257 12 
279 289 275 253 277 14 16 131 214 157 247 297 276 261 239 289 227 242 210 274 208 89 79 214 296 95 203 284 139 155 223 21 163 122 297 50 69 26 68 161 223 273 229 115 255 258 92 101 263 93 70 282 113 244 187 261 293 274 195 275 121 135 161 154 184 25 72 163 142 297 54 149 263 121 258 56 165 212 64 1 168 258 142 178 212 198 101 169 205 137 70 60 2 6 59 47 26 234 185 269 
20 84 62 100 113 277 129 59 104 284 137 85 249 150 224 260 8 276 114 219 251 85 56 220 15 237 81 120 116 130 214 220 117 274 56 268 66 229 272 38 29 29 166 169 250 152 47 126 58 293 132 43 60 28 46 298 108 2 47 117 19 240 140 263 202 48 257 29 217 178 110 107 287 64 195 20 292 64 275 181 46 293 48 260 100 88 98 248 92 228 253 197 110 100 43 292 37 12 159 213 
139 204 67 150 48 168 144 28 203 262 200 65 11 16 134 176 42 101 169 20 231 12 283 77 134 27 268 225 106 173 279 2 175 225 135 25 176 145 121 299 50 35 86 17 281 31 47 149 139 109 16 3 287 136 265 257 183 148 289 295 253 160 14 266 214 179 202 119 188 231 15 62 142 282 257 87 13 233 257 124 78 38 93 25 101 86 79 125 16 35 52 230 9 67 106 23 179 209 256 27 
228 291 92 296 194 148 73 89 151 78 118 201 155 20 290 146 52 270 54 221 70 205 64 30 230 49 221 17 207 40 17 246 195 212 209 271 163 156 58 208 262 287 164 64 212 269 158 165 230 27 132 40 256 85 264 34 233 122 265 210 170 174 273 44 250 14 99 173 13 70 236 0 175 171 249 17 55 11 16 19 223 57 106 95 222 47 26 147 154 230 132 280 151 125 208 257 36 246 212 75 
247 38 227 289 6 6 4 151 72 246 150 245 208 252 285 86 130 180 89 13 156 178 65 133 39 49 239 124 30 115 182 137 245 185 256 70 294 229 13 211 156 188 43 217 185 105 59 101 242 275 189 244 24 202 252 251 29 184 116 223 259 257 223 7 24 242 5 277 271 70 39 193 139 163 43 47 181 31 102 44 298 208 162 292 101 28 33 279 258 244 252 132 276 105 33 117 112 25 63 40 
194 56 64 249 228 142 298 149 9 142 169 42 211 131 12 209 256 214 96 72 105 189 232 168 261 218 259 18 76 91 15 32 239 8 119 46 271 238 156 141 176 246 95 177 37 9 171 114 112 179 145 216 187 21 67 115 245 116 60 251 121 275 143 92 145 240 112 78 126 45 129 245 279 12 70 111 167 81 107 236 18 200 100 141 296 90 100 164 56 216 218 176 131 293 97 34 105 63 139 119 
50 202 229 215 37 168 293 197 5 236 152 135 214 287 29 200 299 256 245 5 275 29 256 237 161 2 292 268 202 150 77 266 218 22 200 11 263 140 184 274 193 104 2 11 27 43 216 165 100 257 213 168 10 291 50 66 71 241 208 280 181 199 16 35 236 203 51 99 25 214 7 136 81 127 189 131 14 29 261 32 185 111 75 150 225 206 60 214 234 258 92 288 238 72 265 162 224 80 256 178 
82 69 214 57 257 229 242 1 282 139 212 77 35 177 277 19 138 67 90 287 226 177 22 48 64 61 12 202 107 205 56 83 51 118 1 7 254 173 87 295 204 28 102 199 85 96 190 46 132 229 64 43 298 207 9 54 171 180 298 196 117 207 60 87 271 127 48 232 143 135 54 122 135 208 109 251 133 151 254 41 273 213 218 191 43 27 29 168 133 143 209 109 125 125 170 134 7 298 51 72 
169 7 65 266 160 124 195 37 191 206 273 178 154 229 9 298 192 2 158 256 175 258 251 86 80 111 160 99 214 23 223 185 120 286 282 175 51 47 138 117 8 265 151 238 226 188 171 146 286 267 137 152 284 91 106 230 101 294 65 36 105 25 22 113 187 118 160 236 207 177 100 267 76 117 125 273 97 155 21 173 105 142 172 129 101 108 44 196 85 149 252 159 216 84 26 22 39 62 222 74 
48 207 20 118 294 289 229 35 265 128 128 36 268 287 68 62 297 101 248 191 31 260 291 194 74 180 125 94 183 47 290 50 20 260 25 223 298 126 164 148 283 234 6 11 39 179 97 129 258 88 217 8 84 259 149 94 27 86 61 166 168 91 283 289 292 20 189 119 6 242 263 171 202 25 57 162 287 265 264 244 232 251 133 31 260 55 290 90 220 101 156 93 150 281 57 294 291 231 35 27 
199 207 124 33 288 182 91 205 20 177 235 92 128 165 159 256 282 267 214 245 117 221 148 53 224 54 196 68 135 202 299 194 144 261 145 234 237 15 274 175 189 124 80 161 6 235 143 207 183 128 217 294 41 70 260 8 262 89 116 214 96 232 269 215 203 290 288 210 266 63 17 129 51 57 265 107 253 28 245 55 98 113 27 42 5 33 291 107 9 46 69 177 107 86 281 73 188 296 251 65 
251 255 80 75 206 108 24 158 46 200 9 293 76 210 208 193 213 258 231 286 49 161 135 1 292 287 55 5 16 187 292 242 191 289 7 177 157 18 188 77 252 11 27 1 36 151 252 127 160 83 79 133 141 115 30 234 162 155 291 35 75 117 173 54 143 252 90 183 84 142 120 297 64 274 44 147 71 149 120 288 230 114 51 224 218 135 35 128 21 2 38 3 296 56 285 13 286 161 169 92 
40 76 50 22 230 36 182 15 48 91 102 27 100 214 47 186 287 289 92 38 299 273 194 272 184 111 220 139 93 27 136 62 153 100 141 92 257 169 46 176 76 277 155 130 102 176 47 200 229 130 82 21 210 71 76 260 218 175 202 152 292 90 263 267 190 199 153 215 242 274 29 24 271 220 172 287 227 18 15 70 0 17 82 173 266 92 145 165 15 115 119 43 166 218 70 100 160 209 178 138 
172 14 165 237 156 143 171 55 224 58 132 248 259 286 267 222 0 33 79 112 139 7 259 174 295 208 261 8 146 172 176 142 91 278 108 180 260 246 110 65 197 172 56 74 79 158 244 72 199 145 76 41 85 243 110 207 145 83 257 229 37 178 71 179 169 52 228 136 54 78 140 215 72 231 100 11 135 192 23 90 180 212 42 280 65 60 24 243 105 95 224 145 97 194 120 173 0 218 243 247 
83 294 212 207 40 103 289 204 143 228 175 18 215 179 7 276 124 237 221 285 26 125 247 33 297 164 77 48 164 15 152 99 66 230 80 46 275 280 97 53 197 151 103 98 31 285 242 166 122 30 150 175 245 116 259 285 181 281 31 232 70 180 238 174 128 235 59 240 246 119 118 14 95 256 281 111 13 262 7 134 118 212 93 119 125 36 107 249 202 112 35 88 149 12 199 234 169 100 33 233 
76 170 54 291 273 51 244 204 40 207 237 124 17 262 68 67 20 150 222 57 220 169 143 85 59 103 150 227 164 261 14 273 82 248 263 43 16 220 160 267 77 142 258 60 263 140 53 265 206 253 286 160 102 177 104 295 41 74 219 95 126 66 250 211 35 90 48 252 8 196 65 186 184 254 73 157 107 15 130 265 252 29 58 199 121 107 203 190 1 139 286 56 278 176 121 200 200 34 129 280 
176 218 123 54 108 120 66 81 9 138 109 193 218 31 249 66 93 71 223 181 267 144 243 24 49 162 239 64 64 207 173 16 156 175 202 99 21 150 142 18 234 1 136 171 151 2 221 273 4 130 211 150 255 93 266 93 6 173 280 131 4 202 134 296 126 230 299 221 220 11 215 41 222 177 154 229 292 78 81 152 153 19 249 111 7 285 216 12 30 235 21 197 56 138 111 147 200 59 208 20 
293 35 186 242 88 81 71 229 104 295 289 254 242 254 216 285 22 184 99 284 37 122 236 261 11 295 52 146 134 50 262 35 183 115 103 268 285 141 262 76 76 114 49 253 216 196 24 128 290 42 4 99 18 18 166 161 153 117 121 126 61 36 254 139 259 2 67 117 276 298 169 205 220 26 117 71 258 147 149 199 124 148 72 231 205 217 284 167 224 41 235 237 284 260 142 12 112 180 120 75 
230 234 95 126 3 180 34 253 261 226 103 228 295 145 221 209 171 25 96 224 153 198 252 215 284 178 56 166 127 258 128 179 90 280 280 81 285 90 250 162 56 126 126 281 131 273 57 181 164 262 140 207 163 49 153 254 13 55 18 253 76 207 33 89 205 109 261 219 251 130 2 84 84 53 26 59 286 237 298 83 3 222 219 170 132 248 230 197 262 238 86 292 290 227 229 248 3 139 272 88 
109 136 243 89 124 158 11 134 34 64 246 34 185 215 32 95 228 45 228 139 168 15 183 141 190 79 258 222 79 133 50 176 54 238 271 134 266 201 186 14 207 214 16 12 110 224 185 103 48 252 269 33 238 122 197 158 55 118 114 193 274 267 195 138 79 294 272 195 3 259 221 78 166 40 75 107 221 182 209 54 8 39 163 179 21 236 47 8 154 28 100 134 299 94 140 204 28 292 208 268 
205 247 53 107 91 89 5 268 234 296 36 176 47 76 164 268 205 184 55 22 114 254 108 201 175 177 83 232 4 78 261 205 248 97 87 86 285 237 37 163 106 286 230 165 202 59 78 246 121 99 40 138 220 103 110 38 229 292 190 259 167 30 294 205 47 250 21 201 112 56 115 243 5 285 91 56 224 142 60 171 37 196 18 194 143 243 90 208 198 96 55 117 38 152 18 161 195 57 257 176 
194 43 235 150 298 167 179 118 30 179 278 260 134 231 174 100 252 70 288 29 222 284 276 113 257 142 195 13 24 250 162 173 4 61 241 278 134 290 90 127 55 249 52 217 164 44 286 197 235 109 152 35 52 0 211 257 223 230 68 157 236 38 131 254 113 163 125 104 264 18 216 159 28 61 49 230 282 148 139 272 203 279 286 183 9 1 222 91 293 135 229 109 114 8 130 20 11 231 231 228 
249 94 54 262 33 150 119 139 25 102 245 108 229 61 38 216 92 186 100 32 46 242 286 168 76 124 290 107 214 79 16 137 25 242 58 115 181 148 229 7 232 111 17 292 72 197 9 296 37 199 105 264 223 30 63 260 183 231 271 155 95 47 50 37 231 94 254 107 205 11 292 15 116 189 165 50 285 189 209 205 26 96 25 43 283 271 296 55 202 215 133 240 186 34 127 150 15 63 164 163 
192 264 106 199 233 98 235 8 275 105 103 213 109 278 184 56 248 165 177 50 210 79 104 41 38 4 213 25 171 72 246 136 95 186 248 111 246 78 265 98 11 35 40 74 278 124 202 200 123 177 275 24 154 164 76 140 132 245 97 158 92 89 250 61 181 22 214 127 155 43 69 254 281 69 243 28 70 259 235 140 246 98 240 215 291 260 205 255 267 278 16 69 17 127 166 133 147 174 249 206 
106 255 49 79 100 291 291 105 25 150 199 273 273 44 9 5 120 34 215 243 272 81 53 62 23 77 245 55 181 212 143 29 248 89 247 212 272 207 10 119 90 45 83 170 51 32 267 271 242 166 230 259 262 233 207 92 229 107 238 132 158 96 274 196 240 194 202 298 226 127 107 72 154 100 1 106 153 169 112 205 173 45 203 37 246 199 96 272 61 265 95 272 78 80 264 127 248 101 250 49 
182 150 5 50 248 52 170 288 142 191 226 287 160 274 20 235 220 113 151 134 19 276 299 219 202 118 119 162 108 14 227 49 116 73 246 26 141 184 239 297 239 131 71 117 200 98 135 26 207 34 52 226 245 111 98 288 110 186 261 60 237 290 69 49 126 83 17 195 44 252 22 149 188 248 297 146 92 275 198 178 151 115 295 119 284 251 272 197 242 158 296 67 187 87 276 6 275 200 154 203 
110 97 133 296 88 62 131 15 109 207 127 299 26 39 92 103 158 223 133 164 260 4 275 49 253 220 16 13 9 236 45 284 63 298 150 194 0 58 217 284 66 277 4 133 21 250 3 88 99 63 293 82 255 219 234 59 235 2 153 296 32 232 290 123 2 183 83 266 271 142 147 129 20 42 111 159 291 152 272 103 75 287 197 211 233 96 57 101 11 103 219 87 110 59 274 228 267 25 11 9 
10 125 165 218 199 273 63 94 142 46 23 264 61 92 219 279 66 286 212 266 62 62 79 24 60 214 31 91 7 70 74 255 112 136 295 66 6 286 204 226 206 227 165 175 177 81 168 121 11 169 279 67 147 103 91 209 197 219 74 124 42 217 47 104 166 73 177 15 286 206 213 243 40 184 20 155 48 138 253 38 188 157 258 237 28 223 252 284 218 32 135 158 0 103 204 128 183 223 199 219 
22 172 36 105 60 299 193 149 138 260 112 138 200 87 161 258 77 133 223 159 154 233 95 46 251 246 84 67 0 175 133 159 75 0 180 275 233 122 73 286 222 50 251 297 280 22 284 234 75 121 62 183 183 197 48 260 238 141 159 232 177 235 267 30 140 218 190 250 256 57 230 112 277 96 140 91 184 23 239 291 206 288 163 239 213 263 240 92 279 297 34 104 129 217 70 118 194 131 172 234 
180 174 282 95 26 159 117 172 254 212 87 272 197 13 213 213 277 266 230 286 62 296 175 199 297 53 192 193 16 258 131 199 182 203 264 125 130 14 17 155 197 71 102 40 249 16 135 163 95 263 93 105 89 204 19 105 180 241 234 144 227 291 75 253 261 235 59 108 124 245 239 65 71 180 178 12 269 202 187 82 110 80 55 103 129 129 98 9 235 107 13 15 255 7 140 39 242 59 1 205 
85 253 221 158 61 9 53 92 174 13 220 234 195 165 23 114 33 290 49 209 5 103 228 170 203 57 99 7 5 86 269 64 261 177 58 130 106 160 53 135 120 276 22 283 141 264 53 130 282 283 166 195 195 143 90 25 280 102 218 207 57 260 263 253 143 37 150 276 175 29 280 87 134 124 245 0 1 83 49 97 7 20 151 4 133 5 65 215 169 252 267 160 227 18 227 256 63 265 193 34 
155 138 224 74 156 7 5 223 278 57 199 142 142 154 62 204 170 60 96 197 95 25 44 258 166 126 157 148 227 206 283 38 127 41 120 13 95 280 86 94 209 251 239 248 63 16 265 66 47 241 246 279 221 153 119 292 87 179 197 54 244 11 16 229 294 281 120 72 71 116 104 94 14 219 121 52 151 18 187 200 131 39 157 257 188 142 287 28 189 130 39 90 37 217 85 219 85 171 292 275 
143 93 240 35 240 183 177 178 166 112 119 284 110 46 188 247 108 50 280 264 33 97 259 52 132 230 148 151 252 110 20 162 176 141 240 136 156 291 27 2 135 35 223 231 234 143 247 248 100 140 25 205 298 191 82 96 29 8 266 279 170 262 268 28 177 28 117 87 257 250 68 283 231 30 22 129 273 176 90 118 293 121 220 23 125 16 146 57 137 219 96 253 104 255 184 122 95 136 148 10 
196 296 146 275 265 86 272 229 287 20 57 31 86 84 92 93 46 277 40 229 272 5 292 230 181 42 100 44 118 227 11 234 280 197 26 108 58 70 165 225 297 140 269 212 88 125 101 97 280 201 169 158 189 192 112 202 246 238 128 150 141 241 48 255 110 210 153 207 202 262 153 175 79 266 296 44 150 56 3 81 272 144 87 273 253 148 42 133 238 120 229 80 232 24 233 208 242 258 121 280 
96 86 24 44 200 257 91 229 93 102 226 66 257 227 196 162 99 183 4 218 86 158 45 93 237 274 276 231 223 289 276 55 116 143 130 232 17 229 55 285 248 94 59 72 228 129 279 60 40 191 113 95 277 154 37 170 237 231 80 130 257 16 141 111 211 12 92 143 45 199 106 53 152 45 88 91 136 58 171 60 95 107 256 202 88 136 214 79 27 77 84 246 142 142 191 217 201 122 24 217 
189 274 42 61 153 145 170 86 154 151 254 207 89 144 151 80 51 58 266 140 169 42 26 195 95 3 84 161 185 3 211 129 80 258 145 53 266 196 126 186 114 239 127 195 290 161 77 73 193 38 131 25 103 1 109 125 95 159 59 283 164 241 234 292 103 48 181 297 52 178 38 28 271 82 70 108 237 62 18 196 95 188 0 93 110 39 201 155 240 103 204 111 118 128 207 190 138 271 61 112 
278 181 296 213 38 132 279 120 11 28 154 167 264 82 8 58 110 119 38 243 154 250 223 188 61 198 144 207 284 147 280 203 85 275 146 52 82 6 198 217 67 117 97 272 161 222 45 18 30 17 84 111 22 181 268 152 224 269 155 99 165 160 284 298 188 176 206 52 268 147 155 13 270 271 91 268 10 271 242 26 38 85 72 124 248 71 243 53 269 269 154 125 35 219 32 173 208 106 291 228 
243 96 94 66 219 202 249 183 186 54 19 154 80 256 200 46 227 120 296 32 237 100 16 246 295 132 232 128 141 171 180 297 284 83 39 261 95 141 277 112 125 290 76 193 133 137 265 76 215 128 96 113 175 80 249 94 180 29 144 114 58 218 287 111 190 271 299 133 45 256 120 289 220 59 61 188 160 252 95 224 22 220 289 243 72 104 97 37 108 108 172 105 136 276 291 94 50 49 60 140 
198 267 83 84 87 237 274 272 87 298 219 60 150 283 240 188 223 45 64 47 159 124 172 255 258 116 136 206 212 35 199 88 50 35 8 70 133 197 59 295 54 218 63 97 123 297 198 166 197 186 290 95 102 61 284 277 85 18 30 106 111 8 201 106 140 199 265 55 223 234 12 293 142 136 221 15 26 7 121 214 169 23 47 263 129 200 61 202 48 278 117 232 112 140 268 110 185 79 92 51 
44 245 114 160 167 85 116 297 230 216 91 60 24 296 139 261 91 148 5 248 220 269 137 214 198 204 290 268 168 36 59 273 9 148 123 271 224 276 239 133 168 292 266 79 254 290 134 74 196 206 33 49 80 142 230 92 246 159 97 167 54 145 69 175 122 229 249 189 214 65 80 209 228 228 288 137 22 204 136 121 42 272 182 66 85 258 269 276 255 233 243 249 143 158 289 11 142 32 150 99 
44 53 194 122 21 147 284 184 69 11 9 60 151 272 198 207 263 91 224 177 50 10 91 140 210 239 185 38 185 227 168 205 163 187 269 0 116 265 258 125 106 229 290 117 135 58 115 168 281 91 32 242 179 107 25 89 107 65 192 184 97 216 189 294 126 23 189 175 140 194 33 184 154 292 73 221 31 144 111 33 184 258 30 156 113 99 73 228 91 119 138 280 171 130 155 12 98 197 74 51 
10 75 183 237 8 276 192 272 134 76 120 137 187 62 284 39 49 23 15 12 126 70 155 296 134 290 153 85 183 190 76 67 202 44 227 247 101 231 9 238 62 21 17 169 215 193 296 283 6 210 147 147 183 93 107 266 63 83 50 198 56 193 175 64 279 27 201 132 245 159 54 291 56 116 98 273 199 47 265 79 129 156 245 59 175 40 286 131 165 53 68 219 138 143 123 154 65 18 58 194 
219 171 286 206 282 84 139 177 12 98 122 161 17 281 69 29 21 147 21 103 166 45 206 104 120 154 100 53 205 168 264 22 247 220 232 265 264 217 132 297 66 36 65 127 63 238 195 221 250 123 238 93 218 158 216 293 235 252 18 212 171 25 168 259 195 273 218 78 182 95 285 32 180 56 157 246 114 234 147 122 62 291 194 219 163 92 94 249 258 109 26 21 22 198 138 3 232 274 203 197 
106 167 54 140 183 71 126 226 48 146 198 238 164 283 282 199 2 171 24 153 234 40 98 134 79 158 119 32 105 280 43 112 167 4 11 127 74 268 32 74 190 104 70 259 72 280 256 258 57 184 134 273 255 105 80 116 282 1 9 152 232 157 294 114 15 75 180 54 298 47 103 72 162 74 101 266 143 137 274 252 144 146 73 297 12 176 214 295 229 188 254 281 73 188 276 262 94 107 161 68 
134 284 163 34 144 112 9 223 73 122 154 213 135 165 31 165 77 170 42 139 15 274 80 263 229 258 145 153 238 192 111 39 207 236 136 145 71 36 32 114 2 248 118 104 257 182 21 204 160 249 103 83 182 275 65 292 108 273 185 255 4 50 60 153 248 170 114 29 168 60 20 79 36 106 117 95 30 228 204 95 110 52 204 4 239 136 167 183 257 44 17 204 7 94 161 115 26 99 18 142 
19 160 275 73 198 232 202 256 299 32 218 138 22 264 283 10 213 28 196 3 264 163 55 207 284 199 115 153 121 145 234 79 163 170 112 141 146 239 91 264 164 216 57 285 157 147 279 181 189 51 175 5 163 67 284 174 102 101 0 215 84 110 119 174 200 224 195 115 80 54 267 94 116 230 91 112 190 176 260 133 278 2 276 297 20 203 285 283 211 133 250 65 76 42 290 157 19 245 204 11 
73 45 142 296 104 21 78 142 167 68 94 286 281 136 287 106 47 163 240 251 123 254 176 290 128 263 165 169 164 290 103 164 41 228 264 120 267 162 153 157 8 222 117 227 121 105 212 114 29 252 27 230 239 284 274 95 117 11 262 49 6 274 236 168 71 296 13 88 202 156 203 187 175 278 193 117 215 89 271 51 125 53 193 275 251 107 287 40 22 134 295 75 38 205 99 29 260 120 233 254 
296 63 130 53 69 56 190 184 67 129 232 38 0 190 281 280 274 232 177 37 200 254 82 125 111 223 32 280 43 217 137 46 94 144 253 291 33 89 172 192 108 260 147 215 130 104 169 271 249 166 51 18 47 177 2 53 134 261 195 233 65 245 263 162 232 150 4 228 248 52 236 245 91 214 80 74 126 178 132 113 7 42 69 234 166 186 235 9 207 82 296 228 242 46 24 1 133 129 299 209 
173 265 208 78 27 184 216 95 277 104 110 242 201 55 35 291 66 106 257 281 185 6 192 216 101 36 25 298 150 57 170 299 6 261 85 68 217 221 149 41 278 190 279 262 11 261 173 111 134 76 148 67 280 186 253 211 107 209 272 126 22 71 230 48 283 51 128 291 88 142 129 65 298 53 43 212 104 276 188 75 59 144 184 226 65 101 169 271 131 239 207 29 146 138 173 160 117 291 96 195 
189 221 182 107 49 156 174 105 208 217 298 78 176 6 141 157 68 291 74 245 53 278 296 19 277 114 212 161 196 46 244 264 60 132 22 291 178 40 276 21 272 223 108 106 258 167 291 229 108 25 22 0 131 220 113 243 296 192 107 194 111 195 166 217 264 7 39 161 277 188 217 244 272 294 135 161 16 178 242 114 226 66 115 94 55 75 25 86 2 151 135 122 63 26 85 280 57 272 79 16 
180 132 101 226 171 31 113 200 207 168 166 287 258 138 35 133 97 194 131 173 260 39 186 62 27 44 52 211 184 17 65 206 256 212 161 291 126 189 92 35 259 75 36 26 259 30 249 142 130 142 169 226 218 25 2 150 152 224 125 207 81 193 204 101 287 49 195 298 117 156 170 194 207 254 86 213 245 221 37 205 74 194 2 105 251 80 205 77 293 26 255 299 276 113 118 226 293 206 36 244 
111 81 161 161 260 198 53 165 153 55 231 222 184 2 262 244 124 296 1 253 247 250 262 193 83 148 146 156 234 159 149 261 104 39 227 271 169 117 6 70 247 168 242 45 124 66 113 241 160 66 145 272 186 213 162 259 213 134 176 225 77 29 196 85 81 102 82 213 91 30 44 252 246 61 1 281 100 195 183 270 140 73 137 283 85 270 139 106 228 299 176 279 166 183 107 188 150 135 185 131 
257 1 66 271 295 225 17 223 225 76 1 201 268 165 197 58 65 126 41 146 20 36 166 23 50 161 141 277 10 65 80 285 240 138 238 122 293 17 215 151 218 178 161 246 203 283 160 249 49 128 185 163 167 164 179 13 185 188 125 33 86 48 127 259 220 130 223 142 101 220 39 65 5 208 188 19 165 129 176 0 38 136 181 105 274 164 297 157 202 163 221 36 189 168 98 120 248 9 85 231 
99 46 145 217 122 190 74 234 63 170 144 70 39 54 42 95 268 110 153 219 274 262 116 238 92 2 117 190 153 81 151 97 94 299 42 278 10 56 212 13 297 127 45 176 233 131 249 258 98 172 264 146 76 77 170 59 291 225 292 43 2 4 251 116 250 48 216 242 85 287 56 110 190 158 209 218 208 194 208 254 211 118 188 275 29 173 271 158 69 270 7 108 104 145 108 267 120 156 104 119 
34 206 296 286 91 210 81 252 159 183 97 15 137 38 274 294 260 65 107 229 170 299 171 96 174 113 50 231 184 79 163 174 290 245 218 68 171 159 289 150 222 179 258 141 200 254 283 211 103 242 298 234 195 39 298 245 169 130 234 29 9 170 260 295 256 253 44 90 291 178 246 7 243 113 197 167 113 250 258 286 231 238 297 274 168 107 25 141 52 98 82 114 256 108 246 281 177 52 257 286 
107 66 42 36 235 221 21 203 216 36 22 102 226 236 90 121 4 249 37 89 96 97 251 45 209 169 55 61 4 113 77 61 258 151 286 237 293 223 34 123 4 250 189 192 44 225 26 78 208 176 264 17 145 114 161 85 39 189 202 212 230 249 119 155 48 22 3 98 146 116 108 8 162 228 278 112 180 175 21 190 44 156 24 105 50 153 1 197 178 233 219 196 223 186 133 216 203 230 232 191 
137 239 10 73 65 64 229 134 7 1 160 38 263 222 211 253 204 58 153 114 283 61 153 97 122 59 34 56 0 287 60 275 108 145 278 140 18 180 198 18 200 195 121 168 77 264 275 80 242 290 39 44 66 191 134 253 8 253 2 58 250 166 293 64 115 97 279 27 108 63 121 211 12 94 218 200 255 241 43 223 137 16 173 291 262 173 273 186 36 23 249 279 14 270 150 256 88 103 246 263 
220 126 286 215 67 181 262 124 121 198 159 178 4 84 41 66 0 286 299 274 3 277 188 107 147 127 267 236 124 283 277 176 90 175 25 80 232 16 232 198 158 181 215 89 132 186 222 151 263 167 86 79 12 263 93 102 259 298 160 212 170 270 137 130 217 180 126 247 180 103 170 84 239 161 223 120 217 127 196 28 60 114 27 250 272 242 177 196 18 233 65 71 271 271 222 161 54 173 285 208 
26 227 187 12 195 107 71 290 194 55 210 82 91 125 62 90 234 53 180 20 254 147 94 131 22 75 197 140 144 277 87 142 155 148 223 119 147 78 67 205 144 296 110 273 143 56 47 221 123 112 11 12 144 217 15 18 17 180 220 240 256 80 162 183 166 172 18 240 106 266 67 155 114 188 207 56 32 221 191 285 7 116 140 142 167 145 72 185 28 232 253 141 49 298 187 113 92 217 12 185 
141 219 75 85 297 214 109 197 28 170 44 111 289 36 9 123 116 130 29 204 136 151 54 123 140 240 163 173 176 78 241 196 48 54 11 258 60 3 260 26 192 75 112 147 250 92 220 62 50 0 98 130 225 103 249 70 1 177 196 187 71 196 145 122 6 74 80 292 76 57 32 280 143 170 145 261 145 45 143 13 79 208 272 109 90 2 60 1 31 241 284 66 133 289 124 111 292 251 196 25 
124 298 234 263 258 21 181 40 35 38 49 258 207 273 293 71 96 35 13 74 182 29 66 276 261 55 282 119 37 282 96 14 293 186 136 151 36 20 35 294 287 55 270 86 127 203 287 65 286 39 227 115 136 59 133 99 160 134 252 101 230 158 197 167 11 28 11 187 35 49 39 281 78 261 173 189 23 139 60 63 209 125 158 253 226 86 95 40 209 213 132 151 182 99 93 16 145 108 96 289 
135 194 140 250 160 30 224 127 270 216 170 84 252 217 290 56 15 19 7 23 197 188 123 263 134 186 102 109 208 290 57 71 109 194 272 169 120 217 222 100 33 294 187 210 48 52 143 291 85 232 5 292 15 271 254 38 42 30 19 17 47 115 32 22 153 290 78 121 59 119 231 239 235 298 133 199 165 240 33 199 244 28 45 142 68 147 23 112 161 167 156 193 255 202 187 165 286 145 222 184 
112 214 211 49 57 79 79 268 182 144 212 289 289 168 163 91 196 182 192 288 164 298 140 249 95 15 288 130 53 87 112 248 28 121 127 138 234 17 273 53 84 297 228 139 112 111 11 209 14 55 120 44 50 282 281 213 108 31 266 211 253 236 177 294 258 240 69 282 195 121 87 110 94 149 29 229 192 241 221 85 114 151 3 190 244 207 106 201 38 168 152 10 147 245 91 254 63 116 298 161 
160 25 201 47 49 91 128 113 97 174 46 294 294 72 96 175 25 225 287 144 72 161 176 229 183 89 211 80 211 236 274 258 36 196 283 23 188 95 3 77 257 151 248 166 55 129 129 183 298 281 116 36 271 83 133 72 32 176 209 179 277 137 254 227 224 123 13 123 24 178 299 15 90 243 144 83 180 11 121 70 58 14 165 147 34 192 83 53 227 175 178 108 241 93 292 290 47 264 187 179 
113 31 261 185 204 14 195 247 50 185 96 291 90 193 255 6 174 119 186 14 87 145 84 247 228 98 246 3 86 198 153 15 282 262 131 151 132 225 215 180 164 263 110 76 6 12 188 128 202 209 102 73 24 46 85 260 234 284 234 0 280 101 104 35 203 52 283 51 197 131 198 122 84 37 115 219 5 29 53 247 211 84 219 248 208 95 279 267 30 265 246 244 258 282 118 34 117 164 192 184 
248 212 186 103 187 108 232 57 44 32 183 249 96 179 97 260 97 39 220 204 161 31 233 70 71 36 220 293 244 70 129 125 189 249 73 170 52 123 11 57 270 131 196 275 130 203 257 168 107 154 275 94 279 253 111 83 32 127 119 144 8 23 100 51 115 45 34 90 71 7 237 129 192 204 190 185 157 50 185 34 247 209 292 50 43 176 31 191 73 144 173 43 271 249 44 42 179 68 25 184 
6 94 159 179 69 287 147 159 28 187 70 188 280 35 34 136 185 27 43 206 153 270 20 194 176 259 261 246 124 46 286 260 126 234 91 88 190 178 133 29 272 158 297 199 164 292 219 136 14 174 62 8 221 17 83 56 1 202 155 250 51 4 236 9 278 87 150 172 67 235 126 82 252 192 284 71 276 232 74 18 210 33 200 48 48 26 265 79 266 44 158 176 184 193 17 249 244 255 281 283 
31 182 188 123 213 288 249 244 18 140 11 273 96 33 137 179 267 32 20 157 69 92 106 250 38 126 245 42 116 120 63 245 210 133 198 112 66 94 207 162 154 159 290 78 233 141 118 61 230 299 283 111 39 99 263 33 85 142 222 177 295 278 239 113 286 298 280 261 168 271 205 4 32 294 256 197 124 42 253 118 80 283 106 81 190 63 94 24 22 113 233 126 221 31 87 284 264 184 78 134 
283 254 93 155 295 244 299 10 114 63 19 214 221 173 121 90 38 262 61 193 37 167 178 281 173 297 250 91 211 224 216 50 46 259 50 235 7 237 292 21 187 208 56 116 146 180 44 184 171 116 293 274 73 33 37 222 208 71 68 199 245 13 266 215 234 178 152 232 61 197 295 85 34 129 41 125 3 49 39 261 188 55 255 113 199 294 211 80 185 58 181 215 78 139 220 19 198 84 179 174 
1 141 177 12 119 55 144 117 267 283 254 38 25 25 1 84 7 234 210 8 41 9 61 178 215 122 14 7 199 160 39 20 298 148 60 228 152 25 39 132 135 46 17 287 131 82 29 168 111 62 64 178 88 20 248 99 248 175 169 74 232 199 176 207 49 158 82 118 242 55 96 182 262 66 141 231 90 24 61 16 122 117 151 114 73 231 278 127 192 137 219 42 274 8 262 67 137 176 293 13 
280 178 285 251 93 264 84 16 161 65 223 250 234 163 265 28 188 227 87 42 256 212 217 77 36 271 205 172 139 161 63 171 92 100 209 22 0 91 124 36 81 25 2 124 4 97 181 83 266 139 243 168 171 29 132 272 275 148 177 166 122 41 175 130 114 40 268 284 274 223 151 176 221 174 254 67 175 206 122 165 79 75 215 92 94 247 10 3 283 248 83 292 143 69 60 187 55 295 61 229 
267 201 275 108 34 190 298 207 252 174 66 244 238 188 101 208 168 186 253 166 231 22 225 32 150 191 268 154 298 107 190 17 153 92 82 83 71 64 224 44 26 214 232 177 232 141 267 46 34 295 71 245 28 98 41 36 282 218 62 299 269 231 18 147 197 56 46 183 265 65 15 113 82 97 292 207 89 10 275 271 16 49 162 275 257 221 129 125 67 19 122 242 229 64 209 153 58 86 254 234 
120 40 55 256 295 27 202 232 8 52 91 251 1 52 73 245 175 274 127 91 127 296 76 222 152 81 260 137 46 265 109 153 279 181 160 79 230 232 162 234 265 62 241 61 261 5 264 231 81 21 97 93 235 272 0 132 250 106 229 176 65 141 297 108 195 56 15 295 175 105 192 150 177 152 223 107 266 66 143 29 80 7 41 129 198 272 22 20 211 35 113 210 212 254 285 55 159 150 98 252 
145 29 160 4 200 43 260 135 69 94 138 287 52 83 86 97 202 110 283 118 58 81 104 55 203 9 289 202 104 118 90 169 241 220 15 236 33 2 279 194 153 102 21 240 184 281 64 170 299 200 141 78 95 267 127 58 149 169 277 244 37 68 4 200 126 155 55 78 245 41 38 100 288 104 284 210 101 145 235 84 162 214 169 240 295 157 272 8 82 159 161 62 207 113 250 235 285 233 61 9 
115 81 128 76 2 39 299 71 6 164 195 50 187 119 256 227 242 232 64 293 160 134 205 224 202 216 73 71 125 291 98 66 296 56 137 212 148 76 186 184 140 269 36 282 61 111 272 120 59 115 56 5 128 42 222 118 149 113 182 104 147 283 76 237 15 181 121 102 270 9 117 164 286 273 182 226 265 14 171 183 207 238 271 8 229 59 74 120 184 89 184 33 75 135 125 298 105 177 32 243 
199 164 277 277 33 31 93 203 230 112 23 100 225 218 260 265 89 58 170 53 152 171 86 132 288 95 219 209 274 114 291 135 95 193 68 245 12 43 25 1 153 154 78 10 58 110 277 46 60 138 3 266 137 267 230 71 158 173 252 17 169 171 148 150 272 274 39 73 60 253 266 144 13 48 103 102 25 150 73 89 87 259 15 227 230 126 19 27 14 243 167 91 115 108 20 292 236 285 259 289 
157 254 5 295 255 228 13 25 183 19 264 235 238 146 64 188 96 247 89 148 76 104 152 219 239 126 260 72 15 30 206 173 154 213 28 283 275 228 242 237 268 107 65 296 36 282 288 189 7 166 180 50 20 85 78 141 146 72 146 135 130 3 82 225 144 110 120 113 28 39 101 58 119 21 226 151 98 111 77 289 78 239 24 84 12 209 171 149 279 274 96 265 24 234 262 296 226 270 234 19 
194 250 222 126 116 74 26 254 195 110 234 202 93 63 189 140 279 128 66 159 191 137 52 14 235 242 178 259 209 228 121 141 175 176 281 195 117 192 278 223 292 110 278 258 49 177 143 76 267 254 283 134 206 172 128 270 84 212 105 74 208 164 260 293 132 125 74 43 215 246 160 115 108 143 247 278 114 170 150 189 216 164 222 263 191 143 70 24 289 51 237 253 144 139 237 285 84 237 9 200 
149 220 249 26 224 101 24 34 163 272 42 243 124 125 236 86 118 187 152 41 258 167 285 60 13 256 63 202 237 281 179 47 261 7 21 283 172 269 241 149 13 25 215 273 108 34 291 227 37 87 185 49 218 161 137 114 118 63 285 264 91 48 290 87 167 46 185 220 111 94 82 137 88 253 34 17 183 217 0 265 233 39 177 252 194 23 101 21 171 120 81 295 103 63 199 110 228 154 115 175 
94 221 11 128 151 119 189 217 46 128 64 34 37 79 100 186 62 16 33 3 222 132 130 51 253 176 47 290 76 93 284 217 24 185 41 207 206 167 110 282 192 183 293 52 283 28 26 26 257 53 238 141 296 282 40 131 44 101 52 156 250 69 297 126 202 118 2 178 34 153 155 260 171 56 185 56 247 213 195 250 207 116 34 262 160 131 187 265 5 10 52 156 195 2 225 78 247 80 271 232 
255 109 50 103 55 253 50 6 114 243 143 36 162 44 226 120 20 18 80 191 255 205 233 226 234 18 171 288 40 128 76 147 92 16 218 130 109 74 50 45 76 69 174 37 95 273 199 17 188 27 89 278 3 184 129 253 128 127 205 278 116 41 226 85 182 62 214 198 53 245 123 39 196 219 188 4 41 36 219 210 221 286 223 101 216 106 290 11 244 148 194 166 237 167 79 163 200 13 296 67 
234 156 99 170 247 37 186 195 17 88 268 143 79 136 250 42 51 88 82 162 59 246 270 277 284 211 277 285 159 51 15 1 21 90 281 111 8 208 102 236 6 117 212 180 97 228 243 179 124 281 188 219 25 260 200 75 267 240 174 74 282 99 59 264 173 28 261 86 168 231 166 125 178 272 233 269 20 126 236 129 138 125 36 82 29 278 250 87 86 250 176 240 134 126 180 260 75 41 175 203 
18 46 144 224 25 28 57 145 295 271 299 216 290 25 74 38 104 64 115 51 160 30 138 145 51 279 94 128 134 197 211 261 195 210 98 37 200 289 134 233 83 14 162 28 299 79 162 261 221 231 260 69 106 167 296 170 144 82 285 9 283 193 173 42 75 286 90 38 279 155 255 241 79 155 95 92 10 250 212 177 61 30 143 14 128 5 201 87 166 139 69 83 142 87 245 148 173 86 82 233 
125 87 264 265 224 67 29 174 290 191 216 299 7 230 293 98 117 288 155 16 40 131 226 66 26 197 227 4 277 163 133 236 231 241 153 53 98 173 91 104 32 252 150 27 288 238 70 232 293 217 209 165 67 285 137 273 240 139 271 185 20 19 35 93 108 31 130 272 284 69 47 55 283 12 71 213 239 146 299 2 101 91 59 229 22 137 248 162 107 288 174 253 174 297 47 289 197 71 19 180 
78 267 292 131 116 43 153 160 134 186 102 258 37 235 190 225 250 4 169 155 16 212 150 290 183 54 259 79 190 0 24 183 82 288 286 176 63 246 149 297 222 171 204 257 228 136 196 285 175 13 178 281 42 279 128 266 165 224 26 221 242 286 169 274 69 63 189 101 111 284 0 268 125 256 94 59 219 42 122 97 224 36 17 104 250 146 157 235 183 118 4 241 293 126 55 136 290 73 125 23 
237 281 24 105 207 177 27 92 17 197 132 37 233 222 260 224 64 104 63 137 167 129 214 172 12 75 136 103 235 37 154 194 144 222 91 92 239 178 18 87 83 174 103 296 279 134 249 12 231 33 288 70 193 23 106 278 91 222 145 61 32 291 233 102 125 86 284 1 166 220 225 282 237 4 125 23 282 76 23 273 55 246 27 13 211 283 65 31 9 145 235 83 254 179 280 39 295 149 138 155 
240 171 263 79 190 15 275 50 129 69 253 120 2 245 220 101 106 230 111 102 39 186 104 165 213 126 220 200 63 16 35 67 52 9 148 55 175 164 178 165 221 40 77 162 85 269 222 219 213 202 93 237 45 149 134 51 60 67 174 115 161 214 106 265 170 196 132 253 83 34 205 108 298 97 298 86 187 43 43 11 229 114 25 246 246 64 223 9 188 146 156 154 176 39 167 1 67 267 158 255 
230 37 43 170 271 24 184 175 38 125 2 137 205 158 121 146 18 193 149 122 164 224 256 118 121 243 210 211 259 171 13 143 22 282 34 65 128 154 3 152 162 166 103 240 87 271 295 157 198 55 243 99 29 68 88 283 131 143 251 186 233 267 138 275 157 135 93 259 98 126 287 110 76 47 266 189 103 36 293 266 178 135 181 132 130 226 270 160 3 182 114 235 18 59 246 105 287 27 92 69 
281 197 4 277 20 107 259 173 286 145 258 299 5 40 223 133 224 159 180 95 52 65 111 154 17 63 13 126 257 283 215 3 20 94 283 185 221 150 135 193 8 38 133 118 288 178 177 266 239 134 36 170 187 226 198 127 43 76 251 269 103 221 126 16 32 229 222 102 267 4 256 44 216 264 128 188 122 81 135 182 246 135 17 6 207 160 220 222 244 33 33 168 284 24 277 290 73 254 114 199 
36 298 275 273 67 51 18 277 296 246 105 155 121 55 199 27 269 88 195 294 11 186 233 257 48 133 164 287 205 138 24 185 30 251 20 111 20 5 75 221 222 60 107 175 118 264 294 124 121 96 32 153 244 164 193 277 105 218 167 92 39 288 210 136 141 211 272 175 80 276 139 263 35 244 213 187 58 281 46 27 30 263 184 293 285 6 115 104 16 114 50 245 281 296 298 168 18 155 293 173 
123 195 82 212 227 109 111 86 76 31 63 102 61 161 21 31 243 96 73 282 72 110 257 133 120 59 214 97 100 286 29 161 264 134 40 217 51 95 170 226 78 88 85 50 265 27 129 66 9 99 101 194 151 196 249 202 183 224 180 242 120 272 171 51 95 46 17 27 247 38 140 9 144 167 20 143 151 92 243 288 8 22 37 125 189 123 68 82 235 79 187 297 166 106 262 74 281 226 214 229 
178 3 290 60 63 0 273 257 18 12 246 235 11 149 280 264 179 267 72 190 87 292 123 184 81 279 228 116 130 19 97 246 1 281 1 287 95 292 282 103 59 175 104 204 92 45 198 169 141 237 135 130 52 144 208 236 270 271 276 11 185 39 67 237 296 192 107 154 43 194 216 294 222 162 64 143 103 284 23 232 246 196 147 289 53 90 161 116 292 130 26 52 167 156 257 199 265 117 54 45 
116 238 180 50 210 148 126 116 233 57 19 287 163 208 46 13 187 235 36 130 64 297 186 114 171 10 161 32 3 267 5 295 65 129 172 91 220 238 166 179 214 257 250 0 79 198 86 96 26 222 216 48 62 171 208 163 166 87 45 4 228 278 272 225 279 22 62 141 39 231 248 135 17 230 212 9 75 16 38 87 77 147 218 79 149 117 196 113 292 21 203 287 81 150 114 47 225 213 49 128 
