215 23 264 202 65 20 84 131 251 212 5 56 168 85 268 127 97 87 220 147 28 62 28 200 238 16 133 130 249 154 148 162 197 4 17 273 11 34 6 7 8 65 269 56 281 201 56 172 239 125 132 232 133 10 59 190 159 279 17 161 181 12 160 14 92 156 52 234 153 185 184 154 264 199 66 19 90 296 260 62 190 154 257 123 8 81 113 163 179 111 5 184 290 113 22 296 41 16 162 297 
1 200 228 204 223 271 95 175 244 209 9 201 139 43 196 279 3 293 166 216 228 245 121 150 47 4 145 94 144 207 53 202 139 151 111 88 210 192 236 198 266 28 235 256 29 146 65 146 35 105 225 250 260 275 73 264 228 14 141 296 24 189 250 200 192 154 42 243 209 7 189 153 221 22 131 72 229 121 61 222 103 126 32 172 287 192 250 218 119 78 254 264 261 211 158 237 92 274 27 109 
259 151 267 260 181 230 23 93 98 180 62 61 73 271 190 21 78 181 54 24 277 80 160 93 292 120 63 139 146 46 204 94 225 156 232 23 157 244 273 299 117 133 234 133 189 104 39 40 193 20 142 110 169 16 235 14 45 157 171 55 167 58 111 46 94 82 229 98 102 97 3 206 262 254 151 262 104 297 84 78 115 284 282 228 1 23 287 164 7 188 232 153 274 207 86 277 115 286 19 96 
43 232 171 269 196 7 275 294 106 203 191 51 285 141 159 149 85 252 88 215 287 11 216 88 64 64 196 74 88 15 244 115 112 73 100 278 239 118 216 228 94 185 97 79 202 256 107 62 46 0 179 274 217 85 6 233 204 117 76 158 140 149 61 37 55 289 46 59 4 45 64 179 208 120 170 185 187 20 108 79 76 105 94 287 56 131 165 53 171 162 92 21 156 93 247 299 250 91 161 109 
263 71 26 120 94 90 75 231 287 253 260 128 210 253 274 100 216 260 179 190 49 176 79 123 143 214 89 156 253 3 232 159 71 109 158 139 137 61 10 143 239 204 213 224 193 8 252 66 238 184 75 12 161 178 165 63 1 140 126 154 297 61 245 215 149 298 132 15 68 245 141 122 203 16 226 241 240 108 298 73 18 240 1 109 104 233 182 275 152 164 80 187 282 46 284 47 5 38 68 110 
85 92 62 136 298 225 214 97 44 43 78 9 107 158 117 51 149 284 226 29 210 69 254 172 155 81 299 164 34 62 70 242 164 204 71 124 196 163 271 237 0 109 91 238 118 268 35 100 45 19 125 166 11 235 132 209 132 239 71 78 60 224 22 280 290 188 127 164 35 127 172 89 49 180 268 19 182 158 115 2 175 2 40 162 252 70 82 22 275 130 148 105 265 146 24 112 19 269 57 30 
100 205 277 1 3 110 275 289 228 11 198 154 168 214 229 297 49 111 19 118 214 53 210 29 50 276 228 150 46 278 255 207 274 111 126 40 49 66 175 116 104 103 174 111 191 242 17 154 45 289 214 127 25 73 38 205 9 253 131 22 244 159 244 211 95 227 211 131 247 125 160 40 81 242 84 11 53 86 165 286 272 29 276 63 121 276 274 90 162 149 247 275 124 105 248 129 155 56 68 246 
299 106 194 205 255 97 117 212 102 91 291 17 124 18 170 59 157 121 96 80 285 128 274 46 107 79 223 255 243 202 89 281 278 9 1 154 151 95 75 127 93 248 21 171 178 272 76 171 194 12 46 271 209 119 190 291 185 129 89 47 135 26 175 16 203 246 141 72 45 292 116 88 159 157 73 44 9 299 22 38 272 2 34 131 258 141 57 282 125 211 234 70 30 287 44 219 28 6 170 144 
172 277 270 79 235 199 69 35 211 108 253 290 30 117 298 163 213 142 149 183 167 162 178 56 21 202 233 109 17 156 248 223 225 261 227 103 266 265 260 246 236 194 259 73 153 132 212 41 46 271 128 41 260 161 74 145 119 153 227 59 75 41 227 236 156 152 150 254 39 155 97 215 29 121 282 152 268 228 215 7 152 262 169 90 128 64 268 41 133 114 256 65 114 151 32 78 68 223 90 274 
211 218 198 83 190 146 80 15 204 171 43 142 16 286 159 116 266 112 281 19 158 257 102 239 285 288 245 12 229 101 277 228 150 13 10 262 10 16 27 2 69 68 200 61 281 68 108 228 143 248 226 28 47 244 32 180 149 200 256 207 160 146 294 200 63 276 117 99 106 279 109 104 142 236 254 118 216 2 35 253 39 268 149 16 211 269 121 42 37 209 247 67 241 114 201 157 31 287 31 212 
249 8 0 103 275 106 173 267 44 203 244 137 37 41 200 203 152 287 35 63 126 153 136 32 239 154 178 61 141 243 264 287 104 137 283 29 165 286 189 69 182 252 55 46 229 282 121 209 227 115 49 68 95 212 5 213 19 41 185 150 258 179 296 149 290 33 230 3 48 64 102 284 134 256 204 101 48 251 126 61 254 260 191 105 69 76 272 56 128 148 98 57 117 12 104 58 52 49 189 28 
263 137 208 212 263 251 8 74 134 289 90 252 105 230 37 270 208 219 280 79 243 241 9 130 295 0 62 177 94 75 28 198 95 180 140 121 90 201 265 57 2 43 289 250 144 225 143 282 215 188 277 67 96 182 227 205 176 53 279 72 71 22 295 23 267 49 92 46 226 299 192 298 105 9 63 287 25 6 149 46 102 176 243 212 142 127 6 137 119 219 132 13 36 3 90 168 176 109 157 132 
140 132 286 192 206 292 187 103 227 296 279 154 55 254 286 269 197 295 87 35 56 192 23 273 28 84 25 185 262 71 132 224 255 280 193 28 174 42 299 269 52 180 169 250 195 6 150 172 231 262 23 27 92 14 294 60 212 168 96 178 236 223 7 231 56 120 10 142 184 25 107 199 60 5 175 298 125 261 211 83 169 104 84 97 175 69 47 54 275 12 147 271 51 298 108 108 51 59 214 194 
189 245 277 271 201 143 298 50 283 253 209 207 202 290 256 277 192 19 220 102 30 206 7 7 266 275 26 173 67 25 200 28 245 121 214 170 216 198 56 273 149 204 52 80 135 14 42 291 272 106 116 26 149 65 250 152 181 42 148 284 260 51 207 107 183 17 186 15 4 99 18 160 112 242 212 246 271 39 21 210 183 81 66 244 255 33 102 220 142 104 64 267 12 56 229 84 212 41 193 132 
18 205 165 287 200 6 226 280 132 246 131 263 0 177 108 249 0 19 269 48 159 136 61 251 188 24 105 95 207 46 36 243 241 204 296 50 80 148 164 100 198 121 183 98 39 1 37 269 293 186 177 227 224 130 159 104 51 99 259 64 25 295 213 114 107 109 290 132 96 164 295 288 78 3 109 215 93 105 253 67 134 66 161 267 298 122 110 293 115 258 295 235 157 32 154 243 144 131 13 271 
234 263 88 133 132 133 221 234 58 158 220 145 242 116 76 62 89 125 298 291 24 200 101 272 108 278 121 298 105 206 8 221 48 96 78 190 147 174 147 94 41 198 266 73 166 118 160 61 36 98 239 143 175 290 245 90 86 296 180 153 30 34 270 223 70 95 260 89 268 86 99 56 119 283 287 92 178 223 264 268 27 46 149 191 92 83 147 294 238 266 222 182 218 76 209 209 173 136 36 124 
94 57 69 100 211 145 76 278 169 136 156 39 56 180 277 83 186 99 139 104 189 141 74 231 194 187 184 159 169 72 269 265 250 40 265 158 14 227 259 78 59 27 284 45 52 60 233 41 161 186 73 232 170 188 130 114 137 152 35 208 245 235 54 246 188 78 280 182 160 253 229 210 57 127 84 52 26 26 98 215 147 53 114 5 217 119 281 16 52 146 254 77 161 167 21 7 111 144 152 143 
224 87 243 256 31 229 0 6 156 191 285 267 25 3 108 273 212 154 15 24 135 245 78 242 286 58 297 158 183 204 70 171 254 210 55 277 204 51 64 108 30 218 200 223 174 200 52 238 137 298 256 64 269 249 197 231 28 207 142 77 94 156 139 72 76 245 191 61 189 279 88 114 145 143 157 111 192 273 227 121 188 26 92 262 66 187 212 124 71 291 280 114 253 124 145 15 215 160 101 8 
225 53 169 195 37 19 294 69 103 9 159 230 230 99 143 215 259 218 211 21 234 232 104 55 163 158 190 283 214 200 75 245 241 48 181 81 149 105 253 0 220 256 58 60 39 148 229 91 40 226 295 109 17 0 168 153 250 172 193 282 14 256 64 178 125 160 217 118 198 241 73 175 283 59 251 261 162 257 203 126 88 160 14 229 157 71 297 167 30 209 153 102 102 32 51 177 284 117 54 239 
275 79 126 171 19 25 177 163 256 214 179 159 144 59 134 9 266 36 143 227 44 38 288 20 136 40 122 83 255 12 214 232 113 148 215 204 181 118 162 223 216 124 74 168 4 95 37 93 195 63 195 63 191 90 61 100 16 141 92 7 161 192 171 1 52 256 110 54 144 271 77 181 247 134 273 31 187 233 89 148 104 132 71 8 293 125 52 194 252 102 41 199 250 237 280 41 3 253 182 140 
213 2 146 97 124 136 86 65 137 132 201 28 95 268 257 202 127 296 225 38 21 8 149 73 64 187 144 298 186 105 195 120 108 234 237 118 68 203 263 122 23 212 200 271 274 6 67 185 63 217 24 287 13 82 164 219 97 11 185 202 298 119 217 84 80 244 270 210 103 14 246 189 137 290 132 102 89 262 119 233 265 103 77 186 92 264 30 159 205 41 2 174 207 115 281 29 233 74 81 259 
28 97 249 228 226 177 92 169 61 292 296 293 81 255 260 131 226 102 92 222 165 263 283 285 20 258 217 18 32 59 186 106 183 125 147 197 67 77 120 268 21 201 241 14 85 75 65 238 226 293 56 67 245 35 24 29 222 291 54 89 129 231 254 74 249 112 284 97 187 258 240 118 139 273 272 52 80 90 101 275 8 172 167 132 4 168 277 48 268 235 57 45 3 47 263 113 282 257 232 228 
175 181 160 224 124 98 164 95 152 224 154 166 233 223 198 183 26 39 238 107 291 220 152 193 187 130 14 217 142 293 99 30 111 269 268 279 162 282 229 103 50 194 65 18 97 211 155 29 53 218 55 126 227 192 0 10 108 93 220 76 131 110 25 6 62 275 36 156 145 176 143 171 177 11 123 260 275 107 244 242 178 103 257 141 291 207 126 280 83 278 7 92 128 267 46 237 288 41 285 258 
137 105 282 164 93 51 230 208 280 295 235 138 228 190 154 44 299 63 157 150 184 291 57 157 15 5 202 136 206 146 249 200 112 243 86 218 288 183 72 30 299 140 166 96 245 166 175 210 281 206 80 242 142 99 92 117 216 242 293 52 24 123 213 217 85 241 296 73 268 202 216 145 93 181 172 169 165 179 229 205 134 59 121 246 46 63 26 135 197 76 123 40 73 202 214 102 142 60 250 69 
33 200 13 162 97 238 52 14 117 141 206 211 137 223 167 155 39 170 14 162 163 283 157 191 210 210 298 199 12 174 153 286 8 130 29 10 88 108 8 253 285 125 216 65 136 277 138 233 226 104 264 35 61 46 97 160 47 231 131 68 30 102 242 135 141 75 211 235 150 66 107 214 76 266 145 222 219 145 54 212 166 146 164 46 276 65 172 148 219 250 28 161 172 172 251 37 135 75 191 69 
238 132 245 195 223 124 167 28 19 164 35 27 76 299 53 71 239 48 15 151 122 273 16 213 124 293 250 44 22 234 281 102 16 138 186 298 13 223 137 277 104 44 97 52 131 235 53 73 148 116 188 273 273 7 245 281 40 184 105 16 56 121 109 272 194 29 26 193 263 184 290 150 53 48 56 261 196 114 132 269 47 267 21 86 248 49 138 5 152 209 18 276 10 227 187 173 245 188 193 186 
140 251 44 19 150 41 196 167 27 229 8 64 17 180 141 197 46 261 207 217 101 177 83 126 155 141 139 151 160 20 16 53 41 266 202 4 89 141 97 86 35 131 82 243 50 8 7 219 256 198 76 297 298 142 266 228 49 45 9 71 29 63 285 144 50 31 80 80 167 207 39 33 61 269 138 185 9 185 245 200 293 177 21 12 197 3 30 87 72 54 153 20 88 111 93 274 278 145 42 177 
27 75 35 134 96 49 108 253 299 122 282 92 162 277 166 119 223 269 71 243 33 69 12 136 146 96 65 94 22 101 204 241 283 62 195 75 93 145 5 26 63 108 138 283 290 70 47 127 214 162 81 171 28 196 140 245 251 128 255 129 173 217 230 241 87 63 65 21 59 53 27 209 158 146 205 28 262 256 288 93 110 213 288 153 44 194 43 60 226 133 221 3 248 143 165 97 4 46 283 68 
263 299 252 190 140 12 35 57 58 168 25 168 227 3 216 167 194 255 107 77 68 11 149 279 214 123 171 184 170 132 63 215 61 73 274 209 144 30 84 100 41 293 179 219 219 287 225 234 45 64 134 48 12 140 193 23 272 259 289 96 60 48 108 68 132 291 71 294 110 37 104 122 236 119 248 297 121 229 135 210 190 268 42 112 207 114 4 1 38 122 216 179 127 98 225 265 148 227 134 28 
287 280 180 195 26 127 85 79 135 277 71 251 212 175 65 227 168 32 234 122 55 37 190 134 26 3 120 219 206 191 106 177 99 16 262 158 216 56 223 189 106 188 119 20 120 221 186 67 88 79 66 90 159 126 205 281 90 289 196 106 158 214 109 63 41 179 267 220 1 78 209 275 185 197 100 82 278 239 101 201 3 210 150 153 175 107 263 292 126 167 289 278 279 25 218 191 182 87 144 30 
270 158 106 237 0 148 167 238 41 221 226 209 52 29 33 191 51 27 190 294 47 18 35 186 138 83 85 156 134 0 239 134 99 187 264 226 117 270 270 258 21 85 89 194 248 84 195 219 158 223 121 1 73 176 2 88 259 136 82 272 115 16 266 152 255 189 142 183 178 194 27 282 288 49 170 50 214 136 84 226 229 201 176 275 131 116 122 6 157 132 129 37 84 157 104 74 131 77 151 232 
95 4 121 288 103 24 61 83 279 56 177 36 284 88 90 37 158 123 127 5 236 180 294 240 207 147 196 91 142 262 185 53 293 225 299 290 17 246 238 158 246 61 216 209 166 9 49 26 261 127 217 217 30 247 193 285 157 256 120 230 297 184 187 178 99 128 275 169 4 184 29 23 92 42 46 9 143 151 84 268 257 106 53 173 188 66 163 32 281 270 219 124 291 43 113 258 51 25 64 49 
164 65 206 182 168 139 7 267 76 194 47 273 37 216 265 115 124 60 114 193 200 248 65 141 245 200 271 130 226 80 42 82 54 46 26 122 32 236 76 289 249 114 266 38 130 219 47 117 206 49 147 67 277 199 134 252 238 178 218 155 142 162 153 64 186 209 227 20 117 262 123 277 33 48 58 151 144 293 93 120 26 217 75 39 81 38 198 131 39 262 188 274 291 154 209 22 131 36 199 236 
161 24 122 176 261 195 181 280 22 30 29 76 131 173 292 281 87 161 293 88 276 198 170 154 205 285 150 190 118 67 76 154 112 138 143 297 21 16 84 17 16 292 13 33 197 188 144 85 248 176 91 272 296 60 0 78 22 294 152 34 266 168 212 174 157 201 156 190 23 97 291 105 156 93 35 10 121 94 157 195 20 200 196 231 76 284 31 49 193 129 219 195 16 205 273 184 57 287 296 273 
206 56 247 42 39 57 86 232 59 87 41 242 134 132 208 221 179 32 161 24 136 54 59 180 103 270 145 159 248 151 199 67 96 105 74 10 176 182 285 227 154 88 87 111 131 244 128 130 162 266 208 47 180 78 177 235 284 13 159 192 205 254 228 32 110 246 250 214 113 50 22 123 143 81 67 238 22 225 122 49 4 170 202 182 60 48 207 206 139 52 31 231 12 138 221 260 23 17 294 209 
74 116 148 252 185 44 172 83 128 270 187 111 274 258 25 77 120 264 187 146 175 194 157 176 226 258 5 283 268 246 213 173 156 185 183 86 33 119 240 286 244 292 92 148 68 76 140 135 210 199 183 175 220 12 17 15 279 11 12 136 200 255 261 0 95 36 211 160 258 5 158 47 203 273 195 128 201 92 190 45 20 172 65 85 296 69 71 219 74 8 38 20 132 130 209 207 70 25 48 287 
29 135 30 113 49 283 194 222 17 140 173 183 82 15 195 268 245 161 299 217 192 169 212 79 35 18 73 294 297 292 143 143 98 295 272 189 229 297 116 208 50 14 96 45 201 69 43 119 199 40 25 153 252 226 24 89 170 160 288 53 6 150 210 44 248 176 221 163 135 36 21 296 121 169 19 47 24 89 36 43 87 259 193 95 47 92 171 262 157 259 172 223 258 58 230 209 48 155 191 79 
97 135 68 167 277 22 150 120 137 107 170 172 56 261 191 227 113 186 209 113 203 179 225 202 164 288 147 124 157 242 47 164 120 170 15 141 124 183 245 257 65 63 9 282 147 154 196 56 257 112 231 32 176 12 57 168 202 189 74 115 296 208 6 204 115 266 85 238 22 63 276 131 246 50 144 81 156 3 26 40 159 79 291 173 166 147 69 90 96 188 153 143 240 217 62 29 36 221 234 81 
292 291 199 167 20 163 205 80 70 139 223 25 81 78 247 229 287 163 5 256 207 89 262 72 54 130 129 132 107 250 218 32 110 133 283 216 71 51 16 164 234 86 69 208 180 77 149 259 43 73 261 73 71 177 7 134 130 34 33 85 97 74 289 121 207 280 82 145 53 265 167 217 51 129 170 40 231 89 55 201 99 279 46 103 131 179 230 68 247 245 120 283 14 131 36 149 144 248 161 5 
165 9 15 27 46 247 8 127 243 237 80 85 138 283 186 24 172 235 70 147 9 108 212 176 37 232 73 51 0 54 209 73 77 59 216 254 170 116 185 27 103 225 44 284 173 45 91 205 285 298 131 248 182 162 255 130 258 137 53 37 48 173 20 73 234 8 191 125 296 105 16 249 137 266 262 242 204 187 283 230 135 227 285 216 247 139 136 98 139 115 125 245 219 205 180 253 255 23 126 206 
24 113 233 93 109 218 252 167 54 295 236 275 61 198 67 134 251 135 95 256 250 13 71 92 230 19 84 213 0 16 242 295 73 132 284 107 296 288 161 75 40 181 4 31 276 63 247 257 60 175 220 296 135 23 172 58 29 38 11 104 103 80 56 165 224 82 228 95 110 53 169 49 1 183 93 44 236 87 193 104 130 142 215 65 111 218 209 131 247 150 159 99 1 50 150 24 12 180 247 180 
142 107 188 242 202 271 22 180 32 209 135 136 46 285 68 197 105 45 293 231 276 240 271 158 181 106 10 79 66 269 69 139 285 157 299 14 226 108 59 192 269 18 242 281 212 275 11 210 151 32 199 17 2 50 239 125 29 77 215 48 169 122 100 137 111 283 176 157 122 187 88 83 86 276 210 71 91 148 96 245 286 16 241 51 262 19 7 68 73 162 13 245 298 270 133 151 262 214 196 235 
90 191 277 15 36 62 135 74 35 4 291 93 192 80 94 31 155 180 131 34 18 113 183 223 48 41 244 156 289 21 167 179 289 168 274 30 106 61 282 93 126 200 277 236 225 120 298 25 167 63 19 132 108 54 39 174 80 259 222 239 18 257 298 126 36 162 243 262 197 107 209 205 129 23 16 136 244 8 293 239 10 255 59 219 226 58 56 153 238 177 205 207 214 112 227 117 270 78 32 125 
245 143 178 254 171 121 57 15 254 261 219 112 53 277 23 4 33 76 278 94 161 270 114 189 284 64 228 93 24 211 237 159 29 225 15 288 266 239 197 43 63 142 180 187 92 107 199 54 192 133 113 159 242 14 154 169 272 129 235 233 185 158 102 122 101 86 278 55 90 280 242 277 222 92 80 13 6 51 288 52 12 36 37 185 68 246 76 179 68 269 122 152 266 137 288 224 123 236 257 10 
72 76 258 28 255 62 155 174 71 81 108 1 105 101 123 76 48 93 79 242 166 194 256 269 203 66 169 195 60 34 42 243 68 124 184 198 296 48 141 122 21 191 160 158 26 292 173 76 181 15 185 132 102 255 205 173 55 225 7 285 123 213 188 48 289 111 12 1 114 226 271 180 242 75 261 267 35 182 296 128 292 197 57 143 117 249 168 120 74 16 72 31 157 219 83 86 172 21 249 174 
23 149 111 210 46 185 142 24 238 54 293 13 97 189 175 88 295 219 79 174 202 109 90 188 89 43 211 224 176 299 217 109 179 80 94 206 206 203 282 113 172 140 34 83 199 266 238 234 127 117 201 30 268 200 232 34 245 254 92 100 218 251 23 50 106 163 17 233 281 139 247 201 260 281 121 226 195 297 192 203 177 7 66 190 67 75 149 131 129 31 110 84 174 248 251 260 207 151 75 163 
257 296 48 113 55 128 52 98 104 84 32 234 283 270 2 292 140 92 215 28 155 234 149 153 275 283 241 220 90 111 31 31 7 143 76 89 92 113 29 227 3 118 202 54 258 89 206 141 94 126 281 261 4 131 57 51 141 50 41 71 40 251 215 283 65 3 13 61 241 113 283 8 227 124 95 108 189 233 236 249 23 254 47 186 107 139 82 94 89 232 187 230 77 60 250 161 187 100 14 9 
246 279 109 10 201 148 285 96 2 177 285 296 11 111 29 174 257 49 137 66 55 145 164 144 268 105 63 82 88 219 55 0 64 111 105 269 208 236 297 269 165 245 45 29 36 161 195 59 1 65 68 22 98 98 66 108 282 98 12 162 5 2 192 123 287 218 134 57 153 264 171 69 119 69 209 137 195 264 157 19 49 204 152 87 171 26 110 1 298 259 88 189 66 292 166 255 150 22 188 50 
200 294 96 86 280 62 163 176 114 141 247 255 289 293 234 289 49 162 61 296 137 225 247 222 290 286 95 153 262 58 127 227 104 60 242 265 171 215 133 70 73 107 209 223 18 136 256 124 233 132 293 245 23 207 41 186 221 218 84 268 270 299 211 106 142 218 263 106 21 60 170 83 12 271 208 162 40 18 60 260 11 258 172 292 91 230 294 181 293 43 85 167 199 71 296 169 249 218 161 125 
269 278 193 179 158 271 50 34 62 266 253 0 266 255 273 29 281 60 23 239 227 13 35 201 13 173 174 40 186 42 22 161 192 159 292 293 263 141 196 185 237 120 206 286 167 68 187 239 10 180 114 64 242 77 16 279 215 85 66 177 137 266 145 172 109 242 82 198 272 277 55 16 220 297 225 92 177 236 24 256 66 279 16 96 7 274 262 261 117 96 58 175 273 56 146 268 145 136 179 102 
21 265 217 79 248 28 249 99 217 259 107 166 44 95 14 242 221 176 19 27 173 209 107 297 194 146 156 146 36 3 166 281 165 291 156 182 88 253 46 290 194 234 8 78 149 7 122 151 202 48 21 9 172 268 230 180 21 227 89 258 85 278 125 150 53 167 159 16 157 156 152 283 277 48 183 283 292 43 22 71 226 149 179 126 285 134 145 292 134 56 208 39 277 78 3 95 260 299 197 263 
75 2 99 236 89 21 268 31 190 140 92 222 298 299 20 19 249 174 70 9 136 12 25 147 99 294 81 102 247 57 256 53 1 166 23 39 47 265 251 252 235 113 146 292 42 14 258 112 115 268 20 274 288 7 100 124 112 198 233 160 101 236 207 271 172 101 256 121 23 289 132 235 294 54 26 240 105 7 252 85 237 245 110 1 5 113 10 299 187 6 272 65 103 129 98 224 163 106 127 181 
80 128 195 52 108 3 278 27 196 114 178 102 11 140 122 172 232 195 213 24 1 211 206 144 85 87 165 170 91 21 234 22 271 47 40 163 188 277 209 185 78 137 224 182 274 101 235 176 101 16 282 267 205 188 280 99 42 158 288 287 11 70 106 211 7 236 83 12 291 36 195 114 240 70 234 230 70 89 225 233 299 32 209 215 124 217 264 132 55 18 99 41 56 250 272 294 189 217 289 30 
44 186 208 222 258 36 228 171 250 174 240 70 274 260 299 45 290 295 167 216 231 104 46 182 230 272 22 113 244 106 236 206 284 113 88 112 103 19 278 14 39 107 120 17 131 179 238 185 42 229 194 227 203 83 290 146 244 192 86 248 189 109 254 276 286 144 239 98 199 0 5 26 236 249 241 72 166 29 164 251 161 35 116 177 190 180 277 127 186 275 186 217 28 268 121 132 3 120 33 26 
167 186 143 122 82 138 111 4 62 115 263 111 166 46 200 281 73 149 232 267 250 268 80 175 160 47 163 286 91 59 238 113 11 46 77 73 257 225 238 153 296 96 69 185 254 133 120 225 87 208 200 64 33 59 59 277 73 240 223 1 81 259 222 178 130 10 144 204 180 38 59 259 268 268 133 148 192 116 207 195 61 201 3 0 46 16 243 216 212 5 224 62 46 228 122 179 13 236 90 123 
247 186 212 33 169 148 119 161 289 228 61 52 111 34 119 280 270 252 251 256 13 89 76 73 133 184 200 42 8 112 249 262 128 120 34 157 179 51 110 104 97 239 281 188 244 241 134 91 196 159 173 197 3 173 66 258 295 93 290 297 82 84 200 269 164 168 162 149 139 153 136 177 239 8 233 202 293 217 222 279 150 3 292 206 99 164 234 261 259 31 90 174 231 230 106 247 274 239 62 130 
109 258 276 136 12 196 48 296 281 187 102 138 72 166 160 124 177 294 32 278 226 116 262 77 72 21 213 117 147 52 204 123 244 99 226 84 287 81 287 272 221 234 145 117 240 7 126 160 32 95 96 292 240 282 268 112 81 222 216 91 182 39 50 290 253 235 130 50 145 250 12 71 85 206 69 220 171 226 172 124 88 92 214 240 216 41 70 121 257 228 123 197 85 241 134 25 171 23 212 246 
37 271 216 69 64 44 77 267 91 108 179 100 227 68 50 146 10 11 27 182 289 59 62 183 132 45 187 198 23 246 285 72 260 153 259 13 146 51 17 233 0 112 195 38 82 8 289 150 88 162 299 109 192 167 105 116 48 83 137 243 93 212 35 80 178 151 202 21 240 91 21 116 206 7 97 60 151 83 29 247 251 69 109 87 271 197 76 85 57 132 148 100 284 165 103 9 102 34 231 111 
146 256 137 94 220 175 131 292 250 65 19 223 14 157 215 203 286 88 247 267 226 147 144 147 228 170 214 17 244 144 171 72 19 267 29 204 66 146 74 92 155 118 120 44 163 225 40 151 24 9 274 119 100 60 121 295 78 190 170 250 197 107 179 264 276 207 178 298 105 256 35 293 133 239 78 299 254 185 104 221 93 55 193 24 158 215 203 59 82 49 157 73 257 191 142 215 52 116 242 83 
9 23 289 226 72 11 23 164 192 197 264 146 162 250 25 285 193 169 82 224 39 100 245 137 59 174 211 24 80 3 234 257 85 241 175 165 189 186 229 130 217 126 134 26 255 246 168 217 101 189 246 114 10 22 220 80 52 182 40 161 44 199 179 62 118 217 35 148 20 108 290 83 208 55 3 165 219 292 175 165 85 219 219 252 111 23 81 60 284 14 280 96 187 65 83 235 199 136 104 52 
28 182 81 253 189 141 219 266 27 195 279 153 289 152 90 168 49 240 275 54 250 155 47 270 277 223 8 128 61 293 90 189 298 44 90 197 290 186 235 143 75 291 95 129 103 87 209 192 188 203 36 126 14 28 125 263 140 259 256 81 275 196 293 11 273 252 92 187 248 272 297 206 49 13 218 293 216 73 198 125 253 207 11 60 153 69 225 186 21 284 285 85 222 162 281 101 122 232 41 51 
6 291 87 172 160 220 30 128 63 64 7 39 120 237 96 260 79 294 66 193 199 271 298 290 190 289 158 117 68 3 8 168 150 81 215 261 178 132 258 243 117 198 86 6 60 211 35 181 15 96 157 270 63 23 115 58 38 288 88 149 228 142 145 40 172 224 31 92 192 165 181 162 129 190 285 206 34 204 224 201 58 246 211 106 208 36 3 42 235 208 171 194 106 291 289 85 37 280 277 159 
85 132 225 97 17 265 286 82 57 221 103 182 107 61 136 97 272 135 148 13 124 215 171 84 65 121 122 8 85 219 163 24 166 236 33 116 145 294 236 19 242 96 133 172 43 99 144 38 127 139 117 133 54 120 185 18 226 261 77 37 131 127 264 84 130 146 161 266 218 57 15 5 185 291 20 77 150 203 44 95 167 28 158 144 216 175 107 238 232 169 270 283 96 63 124 175 98 221 17 56 
112 183 66 28 109 130 221 52 283 118 274 6 237 146 203 180 7 49 234 14 220 100 66 279 275 36 247 201 149 285 290 243 78 7 35 48 226 160 209 136 210 210 243 208 147 30 33 255 99 81 159 227 81 102 243 178 237 193 105 269 120 22 218 168 9 81 265 160 178 229 270 226 37 218 88 113 61 111 174 9 203 163 172 257 132 84 67 150 226 166 6 256 203 81 186 166 36 265 165 297 
190 45 242 170 77 226 180 197 35 149 239 32 39 96 135 287 145 153 244 252 125 259 18 11 113 233 98 288 232 232 141 227 181 8 243 136 17 62 90 211 112 201 56 2 168 255 171 39 219 5 104 231 58 261 77 48 127 14 75 33 213 133 34 290 228 51 175 79 187 171 52 5 296 114 134 249 190 64 299 267 74 137 89 185 90 99 220 23 208 89 179 162 230 29 248 294 130 130 221 141 
219 169 1 201 116 100 63 123 13 192 13 200 156 4 57 296 61 249 145 58 213 149 296 51 79 226 291 183 145 31 248 248 258 54 205 292 220 0 253 61 151 149 296 266 34 122 215 237 282 32 253 79 121 114 224 296 98 178 264 104 221 4 2 281 19 268 228 69 151 113 59 218 95 230 36 33 103 103 19 164 242 243 77 83 201 133 9 13 260 281 269 42 295 224 150 139 196 230 102 34 
274 67 184 172 7 32 185 268 45 88 273 21 269 58 11 202 149 49 250 137 252 73 76 253 99 128 268 44 82 141 191 85 244 87 118 185 59 73 227 145 200 212 265 3 262 34 89 172 248 30 222 193 227 244 151 93 184 115 120 3 251 108 291 28 142 92 164 38 161 176 210 6 269 104 31 95 197 34 169 165 7 213 223 189 120 258 192 21 95 145 82 207 151 187 162 101 239 26 106 35 
130 278 186 196 240 55 123 234 291 34 281 188 25 21 260 153 101 153 34 103 31 106 214 105 98 42 32 80 128 34 79 132 260 125 35 63 60 285 41 142 100 259 20 222 127 46 93 269 282 287 37 5 221 251 125 93 87 186 161 83 97 214 1 168 19 179 270 126 265 206 169 27 155 172 174 247 124 236 162 168 20 23 32 228 77 255 5 26 286 274 242 89 285 269 235 73 111 44 69 7 
17 263 72 119 261 153 170 283 89 4 59 75 139 106 49 248 6 159 127 42 136 238 297 185 261 288 66 161 251 34 78 128 233 91 264 200 229 191 166 214 149 189 56 99 174 55 79 72 172 229 216 267 121 259 16 160 180 225 152 101 27 279 207 286 256 154 75 239 44 152 49 168 25 60 205 229 134 238 118 214 129 295 238 278 228 192 153 74 159 163 210 181 236 215 198 209 120 149 83 292 
201 251 175 136 93 11 147 84 102 99 58 256 122 249 51 175 154 5 66 123 233 278 200 272 46 192 93 100 245 27 186 299 33 209 197 83 252 1 132 131 267 27 287 15 254 73 121 242 38 79 205 38 235 75 299 104 200 172 66 261 16 104 222 288 216 96 69 177 227 183 261 121 293 289 66 15 51 117 234 250 57 169 156 288 80 21 133 23 183 63 156 34 169 161 221 6 261 159 40 54 
165 235 87 263 83 298 145 248 93 288 156 225 162 279 106 278 81 76 176 30 86 47 66 60 131 233 290 191 261 22 130 85 107 168 140 49 217 176 217 173 225 191 37 209 14 90 235 282 6 197 254 77 242 122 38 119 191 256 152 193 43 22 188 16 80 250 270 27 181 25 199 124 142 53 8 199 113 60 127 44 278 267 5 204 254 27 71 263 24 259 213 121 112 6 228 25 73 214 8 29 
132 261 145 267 102 70 117 115 66 192 162 114 14 166 83 238 171 215 169 176 31 196 28 34 11 234 232 129 130 250 165 42 105 170 173 239 114 95 192 156 185 35 56 274 117 167 162 125 281 117 232 45 136 90 201 14 193 43 46 112 50 17 39 103 41 258 265 15 84 42 45 284 28 115 253 213 88 5 61 195 75 273 260 99 222 282 52 91 82 80 248 97 193 228 273 240 155 105 139 105 
204 126 4 137 57 3 233 220 111 176 280 37 158 203 286 198 25 282 249 222 145 41 217 142 77 193 159 65 269 137 142 223 94 280 245 248 240 215 204 88 165 273 171 186 269 72 140 242 46 193 177 111 55 131 196 177 171 19 241 274 243 24 121 87 260 274 260 65 90 112 10 148 218 114 134 204 61 291 151 130 201 211 266 218 91 297 27 231 242 207 175 122 218 281 190 147 69 35 290 92 
122 65 128 166 63 214 185 201 189 212 283 36 37 297 101 287 9 203 17 208 176 148 269 278 2 269 28 159 43 251 257 48 261 95 96 280 284 14 188 243 118 36 97 266 155 270 178 285 107 21 42 243 285 102 79 135 146 291 111 153 163 243 234 110 275 224 88 160 252 20 291 44 220 238 219 133 214 111 146 297 183 268 38 214 106 53 141 2 175 231 115 223 0 22 142 242 35 30 210 283 
268 295 54 212 138 274 111 149 95 230 31 195 181 207 13 227 199 146 211 78 124 17 184 167 246 60 251 156 22 265 32 292 251 135 57 137 260 13 28 198 142 233 79 103 54 211 35 199 279 56 290 182 230 154 290 187 259 62 247 88 55 87 256 241 14 293 61 261 247 130 161 67 182 183 217 233 90 299 40 46 187 151 264 113 41 125 41 256 77 55 97 226 263 242 120 44 229 152 40 218 
231 49 0 281 4 45 152 216 256 235 65 256 22 196 198 32 244 195 210 181 0 267 284 177 181 45 91 258 219 224 188 122 187 139 168 232 187 106 110 169 257 291 176 117 241 182 45 215 35 234 167 276 221 283 242 170 186 97 69 7 168 214 243 110 32 211 149 116 168 282 66 64 240 224 38 88 87 29 68 58 215 296 81 19 20 50 286 17 62 237 286 119 222 257 163 37 154 189 167 101 
106 254 8 57 90 229 152 166 265 118 146 177 296 245 57 63 136 112 280 286 296 253 106 126 210 281 119 149 116 109 70 55 218 93 208 160 202 82 148 19 103 60 145 7 125 151 161 296 97 205 168 297 89 209 261 159 255 211 198 40 254 52 10 49 11 167 186 201 245 272 88 147 184 159 8 273 295 104 195 6 225 130 246 289 12 50 179 159 203 130 38 159 81 209 239 60 18 8 278 163 
195 130 102 122 152 280 30 15 70 168 290 157 61 78 58 291 210 295 56 230 258 186 90 210 249 217 169 200 63 73 136 283 199 232 84 87 105 50 289 297 221 217 145 76 176 74 264 147 2 213 284 52 149 88 122 13 81 122 116 117 189 213 160 285 181 67 93 119 232 293 176 267 96 105 190 264 60 232 240 157 217 110 291 69 27 2 50 144 246 86 128 263 169 277 202 77 238 201 57 34 
116 289 131 292 280 231 24 225 161 231 275 273 123 13 2 164 102 94 74 230 84 13 150 25 62 39 59 254 78 281 264 84 59 187 278 229 1 72 71 131 220 244 243 2 59 151 107 59 239 292 174 220 142 150 224 196 121 37 245 234 209 60 173 289 257 158 58 51 294 115 295 126 33 105 265 102 141 174 228 208 65 247 14 82 240 93 264 136 53 271 225 283 217 8 206 40 63 3 189 19 
200 60 188 53 255 9 282 283 126 101 55 236 89 43 6 104 275 178 144 241 127 163 76 158 165 268 119 231 153 252 244 148 34 251 242 97 263 80 176 46 146 36 10 106 254 20 247 294 151 158 6 47 299 171 292 99 283 33 230 292 194 263 107 73 121 245 149 142 128 139 253 274 68 223 243 152 186 187 11 243 175 59 156 57 48 11 19 201 47 269 60 24 74 220 15 145 57 241 97 112 
7 165 64 73 205 255 176 240 73 207 59 0 200 256 268 177 246 225 48 146 7 258 293 30 147 205 282 205 113 252 142 95 151 298 72 133 277 68 92 143 92 244 32 165 17 30 113 117 90 155 186 0 48 224 281 84 247 192 78 249 133 168 141 122 201 74 31 131 175 240 75 1 175 119 288 158 123 115 163 258 264 132 159 152 137 38 173 160 6 53 81 21 270 23 144 91 221 294 4 199 
31 33 173 294 49 15 233 19 93 114 186 147 280 253 70 42 175 12 215 208 109 282 125 21 152 233 5 168 166 49 271 53 122 114 234 2 195 180 222 39 72 16 50 206 168 241 211 98 241 38 293 105 67 77 121 168 110 152 42 58 116 160 196 97 228 200 206 40 152 219 158 0 280 248 159 89 291 280 82 263 185 257 49 142 49 22 196 35 253 218 173 201 141 242 55 154 68 281 69 165 
185 235 163 0 180 54 9 189 27 250 271 175 99 116 197 6 115 67 232 114 29 79 112 108 34 139 244 2 243 0 299 133 245 56 204 256 105 86 68 134 216 260 14 116 84 7 48 188 244 190 52 85 25 93 209 193 46 155 271 267 284 34 40 272 13 242 165 75 66 209 100 56 256 277 59 295 180 202 77 118 145 130 132 112 5 230 11 6 287 59 296 1 4 249 104 10 57 246 282 83 
44 234 202 291 32 102 143 204 66 254 262 258 113 20 264 214 206 173 230 232 53 10 260 106 55 212 164 14 100 47 67 90 230 45 268 42 22 89 12 254 31 154 10 145 105 287 88 229 204 115 178 95 169 233 85 205 60 243 262 122 263 222 120 230 21 211 227 150 294 61 163 47 2 143 193 50 65 223 60 147 18 127 167 154 15 210 76 105 251 271 136 4 81 142 221 217 156 75 40 227 
276 199 177 265 284 272 119 247 196 44 116 281 5 25 37 139 62 255 290 235 270 35 192 68 223 103 66 223 49 157 65 21 215 181 216 113 85 201 192 78 22 31 13 294 200 269 0 280 171 76 193 211 294 219 68 164 8 1 32 74 249 94 28 248 183 210 226 219 256 206 16 60 229 23 117 104 240 68 28 182 161 139 275 201 78 120 166 139 149 57 81 212 118 261 52 95 281 118 65 58 
21 240 59 109 190 156 113 81 41 269 97 49 141 10 135 24 251 45 24 276 49 254 287 203 156 14 293 20 297 33 43 96 113 230 126 277 172 263 38 182 222 237 243 57 178 12 188 258 148 46 41 232 2 136 76 161 106 158 38 81 6 12 151 283 236 121 79 287 260 267 170 83 211 211 139 81 97 234 4 161 211 55 185 99 257 76 90 291 281 68 245 175 181 39 229 224 237 227 155 1 
137 20 79 216 113 175 87 38 78 187 62 214 156 213 20 269 292 209 215 148 5 104 129 101 245 24 101 75 69 118 119 13 205 39 176 161 136 293 56 213 192 183 226 85 8 8 246 42 35 27 93 142 41 166 246 97 19 109 270 80 60 102 133 224 24 167 24 89 195 106 251 192 104 259 208 225 99 170 259 217 245 191 43 3 125 103 244 233 142 293 258 270 244 297 95 234 247 40 237 289 
51 233 35 231 65 145 72 112 32 209 87 299 35 184 68 180 70 106 7 186 247 109 169 194 232 37 299 50 82 191 74 237 100 206 275 28 288 172 126 168 88 180 294 228 209 86 254 9 160 112 51 68 22 11 185 89 238 266 175 214 60 14 279 261 281 65 169 109 4 225 198 142 119 115 72 216 126 205 136 210 86 100 257 127 246 222 175 209 119 170 82 104 74 200 244 177 106 167 116 143 
274 122 196 198 51 159 49 39 6 178 162 227 217 66 71 215 92 219 155 66 38 19 112 1 167 162 109 120 296 108 43 166 45 274 244 55 287 199 82 16 58 236 0 219 125 78 38 251 219 12 125 54 236 288 89 157 248 214 66 44 11 98 48 50 258 53 15 55 33 72 261 100 150 104 162 203 124 221 39 196 212 40 98 23 88 134 237 60 9 63 19 191 218 259 190 239 177 96 199 188 
74 52 44 79 137 101 80 79 37 186 80 242 146 31 136 174 15 92 212 233 69 42 224 22 94 58 29 112 21 230 166 31 97 133 185 81 68 79 167 203 58 281 107 89 222 282 221 196 76 6 2 205 272 13 117 216 254 72 289 251 271 279 2 52 99 214 206 166 46 78 149 147 256 287 94 201 164 212 179 162 272 268 227 104 219 2 251 43 55 155 131 6 126 296 177 167 219 76 93 134 
136 39 203 6 10 135 147 17 283 205 220 103 79 279 107 234 234 261 260 289 293 277 41 202 247 260 9 147 266 142 264 152 22 293 258 293 101 61 73 43 19 70 3 65 208 218 94 95 96 136 229 127 39 82 144 162 149 147 264 18 95 280 6 293 83 268 252 108 156 85 244 289 2 114 3 50 152 145 5 195 214 269 91 85 37 61 160 84 209 26 93 190 295 7 167 97 183 221 179 139 
140 204 95 236 149 137 178 144 38 97 122 209 16 232 61 43 208 82 210 94 191 28 92 292 70 14 263 44 284 103 109 58 24 157 132 264 139 235 99 88 71 85 94 18 21 287 134 65 112 57 212 197 214 213 9 244 91 69 142 13 99 258 32 224 89 29 222 28 2 297 222 241 94 138 202 238 41 96 292 206 80 11 284 29 127 133 40 81 206 188 284 90 235 127 151 51 23 219 101 249 
166 42 183 153 192 258 292 53 177 78 198 203 221 215 244 98 65 141 297 161 205 132 137 261 122 113 54 237 53 299 234 120 12 183 202 154 225 195 178 187 121 118 59 84 283 113 42 147 289 244 140 258 181 4 109 215 12 276 8 167 280 225 51 3 12 159 115 65 224 108 235 231 288 123 137 293 21 133 25 58 282 215 113 237 173 21 80 48 118 276 199 48 279 94 53 262 229 142 206 26 
229 270 174 146 87 201 75 162 31 80 272 77 21 53 240 214 223 141 59 156 176 234 126 138 235 181 36 267 115 28 239 129 290 164 137 164 45 185 197 10 182 34 65 261 137 54 161 257 83 274 220 238 277 61 105 247 271 43 129 188 52 10 167 254 24 150 267 53 187 269 143 275 254 21 283 66 187 6 169 221 278 168 104 63 105 170 0 209 84 42 258 267 38 207 116 164 98 169 236 153 
89 212 1 47 62 47 134 216 151 62 34 283 140 118 20 39 166 28 192 106 45 192 153 114 33 67 104 12 10 203 116 67 186 295 144 239 99 227 30 274 200 165 278 272 140 163 102 206 225 67 75 42 236 113 104 9 286 235 89 38 4 283 79 177 206 200 190 214 264 190 211 105 195 159 135 101 295 90 124 112 137 183 162 211 238 271 137 206 104 14 85 298 33 82 29 193 98 134 44 190 
30 274 21 281 255 77 27 105 288 92 189 136 148 229 213 155 81 280 142 56 52 272 250 172 153 18 202 100 138 165 223 169 145 198 65 270 189 82 288 75 84 247 64 168 126 188 205 204 33 27 277 14 218 34 62 55 127 222 267 86 289 58 93 176 96 155 213 16 64 34 0 14 50 239 219 258 200 272 28 8 233 249 61 277 145 91 112 268 163 202 290 38 108 36 140 255 143 87 206 130 
5 185 298 219 263 230 21 199 186 254 24 72 298 157 82 73 238 59 171 280 275 43 4 185 106 155 26 102 91 45 213 26 260 116 162 270 71 198 166 287 159 133 148 183 16 207 128 34 56 151 297 80 181 212 142 224 156 196 233 33 148 125 36 122 232 139 288 67 233 162 222 217 252 205 39 219 218 204 115 163 184 205 229 215 209 281 266 217 282 234 24 83 297 236 45 239 186 220 224 198 
46 187 117 259 52 95 251 142 40 226 195 2 62 292 19 212 260 275 42 268 71 273 242 9 163 29 270 101 73 161 130 2 149 283 15 283 8 186 187 101 59 168 252 221 289 105 139 190 77 289 297 183 164 13 285 187 278 236 81 235 38 289 218 272 87 5 44 94 23 26 67 32 163 195 134 237 185 238 105 182 110 135 158 104 28 215 228 113 145 66 240 270 48 192 248 20 79 50 296 272 
58 155 122 123 275 125 89 161 67 242 86 48 280 202 219 177 184 135 63 67 12 37 113 175 128 219 60 282 54 32 268 60 33 278 106 118 164 117 98 215 103 197 96 228 153 89 107 148 47 87 230 184 0 252 227 52 29 249 146 274 179 70 114 244 155 258 82 108 233 7 103 17 188 248 136 185 133 40 246 202 222 153 21 22 33 116 214 6 189 23 247 35 127 232 159 10 293 188 99 178 
199 180 53 129 207 262 287 101 31 111 124 194 236 136 240 151 82 255 298 248 237 39 181 159 150 99 228 279 234 87 187 160 18 27 189 141 235 239 11 146 268 171 133 282 110 272 243 168 20 232 107 24 163 127 257 56 235 290 175 211 95 271 91 110 49 88 221 218 105 272 53 173 4 131 125 292 220 126 67 220 230 160 133 48 11 179 60 59 147 9 122 2 279 16 207 268 197 48 291 195 
