276 87 148 149 155 263 101 20 54 277 286 290 229 42 256 171 13 290 34 269 232 156 297 56 229 44 45 21 240 279 228 279 134 294 226 230 16 156 9 177 45 86 66 293 105 160 47 136 271 146 190 219 211 278 154 56 61 47 220 31 272 207 101 31 170 69 158 211 222 286 196 94 132 49 126 236 74 156 35 194 191 229 80 239 92 289 98 103 124 12 83 76 72 193 127 252 299 123 1 47 
112 240 123 186 126 261 66 182 7 71 1 264 268 16 236 93 212 132 20 81 191 182 222 246 68 82 170 214 263 265 161 9 92 155 276 240 292 283 166 12 85 151 55 7 19 178 275 28 150 164 146 78 21 197 77 115 30 128 290 129 223 257 159 20 279 141 249 113 253 201 158 62 31 158 275 215 256 279 55 13 259 20 131 85 3 157 137 44 195 34 47 140 169 133 236 229 128 220 60 29 
58 266 86 184 275 32 235 220 73 180 226 104 298 144 195 28 77 295 136 112 118 73 165 133 77 249 110 164 235 196 267 184 178 51 47 154 282 219 145 22 165 200 246 9 36 192 127 5 278 198 95 257 217 103 104 222 250 55 183 13 74 147 188 77 242 30 283 231 266 285 11 56 78 191 229 288 245 69 277 117 263 254 183 297 224 91 52 99 81 201 74 11 119 63 241 109 138 234 287 28 
243 233 107 200 17 262 230 156 108 254 198 0 15 276 182 73 112 281 133 154 286 226 14 252 158 15 13 121 41 227 0 49 4 84 272 260 9 120 192 214 182 4 142 25 271 71 94 277 257 266 0 50 40 35 289 178 248 284 52 250 183 62 80 110 182 297 174 17 275 97 73 250 226 89 258 6 226 111 297 257 46 213 139 50 239 291 62 86 125 293 242 11 293 126 1 19 149 148 17 54 
258 290 44 4 213 291 260 53 237 61 25 145 104 35 172 255 240 154 281 127 228 246 295 251 19 95 50 136 184 90 37 57 291 121 193 204 54 202 130 183 280 180 88 228 298 54 281 137 55 77 174 39 37 91 227 85 264 77 130 104 207 17 134 280 65 77 60 262 66 192 246 179 222 288 152 243 69 244 152 136 255 110 153 244 10 257 250 102 161 109 63 92 215 7 8 285 65 35 261 277 
41 243 122 167 56 202 124 286 132 116 99 63 65 32 246 220 240 111 76 126 30 19 184 152 8 112 59 297 259 37 100 70 146 50 269 38 197 265 100 133 176 263 104 264 236 76 29 61 98 74 281 185 14 297 77 288 61 263 283 151 246 186 161 81 53 50 194 51 286 149 120 16 129 256 82 289 213 148 194 184 62 268 41 239 149 97 142 291 259 136 245 114 147 146 277 102 112 94 11 207 
18 122 276 254 62 175 145 59 192 271 81 124 280 236 133 123 228 202 27 275 57 119 139 289 137 42 194 12 240 242 191 206 250 245 208 85 219 49 205 162 96 205 215 271 213 159 163 207 167 85 264 70 188 45 126 154 285 61 13 177 204 67 174 19 25 41 72 167 118 249 205 257 205 199 66 267 25 35 5 229 73 84 33 61 288 157 3 83 18 252 147 147 102 220 168 288 80 95 240 145 
16 155 124 210 92 32 224 241 255 67 229 66 111 197 230 52 204 143 292 124 185 57 22 163 246 197 209 55 75 153 197 214 48 131 35 115 217 12 223 273 252 175 241 29 36 20 100 166 121 172 187 231 26 214 252 281 153 70 269 69 93 222 213 196 284 150 279 245 99 8 117 299 135 187 143 268 125 72 137 249 66 19 43 55 104 91 95 180 247 160 284 14 275 271 41 257 40 159 164 136 
215 115 240 206 33 180 5 233 218 37 182 163 240 76 151 51 207 46 229 258 59 230 155 242 52 298 46 122 169 190 94 32 197 193 110 204 13 206 294 113 238 291 128 93 250 44 33 48 16 137 45 165 261 20 248 109 113 226 178 135 167 116 42 108 168 195 58 83 220 59 78 68 70 143 82 107 13 33 208 10 99 47 215 106 103 51 64 210 137 43 103 292 69 220 10 214 212 68 100 228 
2 85 121 190 157 124 67 197 216 270 164 201 16 221 262 5 67 286 36 38 229 266 135 9 84 135 35 100 266 288 32 103 50 235 223 79 263 298 121 102 192 256 185 256 49 266 92 106 17 201 26 229 17 233 236 289 31 231 50 187 226 127 166 295 29 274 12 166 278 221 99 155 209 5 55 16 9 250 124 236 86 285 232 151 16 19 185 221 231 298 57 266 111 82 34 146 142 213 184 24 
116 46 236 204 78 8 26 58 126 169 230 149 249 169 48 207 102 289 210 181 151 99 122 199 134 248 176 214 138 204 103 193 145 153 86 185 152 270 178 124 156 248 227 79 259 129 36 243 209 169 19 265 128 43 176 280 194 214 120 112 168 115 161 149 162 248 248 286 122 169 92 230 213 38 281 215 136 22 23 33 226 182 40 221 178 49 115 111 16 95 74 140 93 91 18 240 19 269 106 115 
289 167 250 162 298 56 177 1 111 279 101 62 268 45 113 116 216 217 70 94 116 3 162 18 80 251 199 213 223 79 160 35 292 168 161 274 242 8 79 264 289 12 94 214 105 137 62 40 206 256 3 101 1 210 193 249 170 199 194 158 42 139 90 159 80 186 74 24 226 132 136 121 181 177 158 209 97 262 91 167 150 189 273 210 67 153 53 294 15 144 61 161 234 99 92 155 140 283 63 106 
97 60 110 209 276 43 17 270 33 56 156 258 285 180 276 100 168 191 80 97 134 77 254 283 244 45 115 79 1 99 170 85 285 18 215 214 130 121 259 295 289 216 293 160 166 41 68 186 249 284 128 290 292 198 227 51 179 85 117 171 167 80 205 192 146 260 209 77 246 68 4 110 96 165 291 207 279 161 242 53 181 49 67 25 260 56 34 167 33 158 43 90 45 24 42 101 129 38 206 261 
196 19 272 252 147 155 180 121 56 275 220 157 253 201 211 274 283 6 161 129 294 296 54 185 156 71 252 150 206 58 28 80 297 154 247 56 289 67 181 207 166 260 223 121 284 212 166 24 245 52 291 78 171 295 88 88 155 103 7 216 104 98 85 268 137 165 113 196 195 76 91 93 57 74 175 143 48 122 243 56 173 106 208 154 100 276 139 187 143 118 78 79 276 121 168 246 47 89 155 114 
28 286 260 259 112 51 61 253 141 160 42 134 267 29 96 237 136 258 45 154 92 155 3 187 165 224 81 54 28 73 251 223 241 294 18 237 192 239 167 184 220 86 211 206 232 257 267 139 64 217 28 49 213 135 181 195 240 130 48 120 60 241 219 239 278 127 12 178 96 128 79 76 65 254 278 212 120 204 69 243 187 97 291 251 262 253 48 157 124 91 237 155 226 134 69 82 74 205 70 91 
165 20 79 233 111 146 55 139 182 96 82 6 238 263 189 193 32 285 204 299 98 152 36 28 86 263 283 40 153 113 3 168 214 231 117 3 251 205 102 64 215 240 250 84 236 214 156 159 127 215 14 250 170 255 45 92 205 92 36 72 32 58 237 253 232 219 8 261 104 271 131 151 90 48 17 137 258 75 211 289 54 112 208 74 35 2 16 184 23 58 171 72 251 148 115 46 283 186 131 28 
179 277 30 284 16 285 59 261 176 197 154 74 162 183 51 106 46 25 149 99 255 244 66 38 42 215 193 262 234 183 136 288 208 150 243 95 45 54 253 155 245 28 165 228 110 148 204 220 282 215 193 248 222 178 28 106 55 88 247 111 97 103 98 33 46 47 27 175 168 140 137 24 218 76 244 145 195 208 129 286 144 160 110 298 219 32 97 46 73 258 65 47 290 17 29 287 273 118 284 34 
249 169 185 141 66 14 104 46 189 6 87 285 191 72 82 266 47 91 45 101 162 274 252 15 238 273 205 245 163 77 172 166 229 251 135 11 22 273 107 267 35 130 3 197 72 64 271 24 85 150 276 78 283 250 126 114 240 267 102 208 173 164 125 284 56 101 61 85 73 246 98 99 122 81 268 205 63 39 187 64 83 118 230 194 287 260 192 194 270 204 60 176 126 13 197 159 149 284 161 74 
32 287 137 288 41 70 173 31 223 197 124 298 230 246 7 297 246 140 135 257 40 3 220 257 195 22 54 145 269 139 109 233 203 14 269 28 61 53 108 129 244 67 92 289 292 162 244 43 194 253 153 96 171 257 220 259 15 51 182 148 20 154 236 247 277 171 248 36 89 99 260 28 272 167 82 223 109 42 39 219 285 290 132 219 227 208 265 58 144 282 12 29 9 58 210 44 206 296 252 284 
274 87 85 224 272 20 165 234 60 39 93 87 131 106 34 158 175 6 60 169 26 133 92 172 20 126 31 16 231 91 167 28 239 105 67 149 243 299 235 83 98 252 239 241 205 282 109 161 292 115 103 277 238 79 285 273 10 146 195 62 20 220 235 275 13 25 26 106 263 14 127 245 18 21 107 214 298 160 151 263 193 209 299 202 240 225 141 156 11 114 234 84 292 169 175 90 68 160 46 101 
44 132 29 250 253 203 59 110 163 180 174 221 171 242 149 104 51 234 51 224 294 43 176 116 228 92 223 221 79 101 243 108 283 118 209 148 15 61 226 32 208 204 105 111 89 278 84 6 116 202 228 139 240 152 149 167 168 136 298 4 166 85 233 8 136 127 155 176 51 239 199 126 200 230 20 29 188 123 35 42 171 17 62 247 232 174 149 13 3 242 102 63 23 158 196 281 82 79 268 290 
218 294 108 98 60 277 211 23 280 135 200 42 170 28 198 112 199 19 232 70 253 113 150 170 248 182 248 246 125 54 194 166 79 288 276 201 171 198 286 160 116 209 42 179 100 114 24 56 9 177 295 249 227 213 110 20 113 61 266 57 27 129 234 100 107 4 63 183 102 168 1 230 124 190 257 257 231 247 17 118 69 116 156 175 25 266 195 162 235 110 60 40 38 7 168 271 113 95 225 268 
117 263 296 107 74 33 237 119 60 164 295 221 195 179 9 168 170 129 67 32 133 157 144 20 2 220 61 252 150 63 118 11 99 215 159 84 39 202 210 211 10 224 131 10 77 290 8 220 111 281 207 82 4 238 256 297 216 261 123 195 277 119 30 73 192 189 295 144 270 277 68 183 289 251 146 253 76 117 207 295 252 135 43 20 52 105 74 270 239 217 184 176 263 288 281 186 66 208 54 253 
189 279 267 152 3 134 275 266 267 272 224 125 55 93 52 241 284 87 205 77 84 104 219 291 280 104 23 150 206 224 137 65 292 243 299 42 42 16 233 120 292 280 149 109 107 189 160 290 253 256 20 56 91 235 255 151 43 49 76 201 299 186 165 21 184 182 85 9 290 173 158 141 103 145 197 88 118 219 240 235 282 262 193 220 219 181 266 261 177 47 25 179 246 133 0 213 145 150 147 248 
156 142 197 71 193 145 84 202 89 137 53 164 172 103 159 213 89 42 275 205 209 201 16 127 214 237 160 289 258 17 170 193 235 54 114 275 162 74 294 263 143 61 270 281 127 118 190 19 44 146 290 159 276 291 66 90 121 95 39 81 84 63 143 242 185 201 24 236 149 67 7 218 65 171 278 46 194 228 18 290 185 218 263 115 57 209 224 152 243 34 287 108 90 10 180 168 83 271 289 60 
70 73 139 153 158 205 283 206 225 260 47 149 136 209 34 289 169 28 200 165 285 242 199 243 249 132 35 42 67 113 188 102 15 218 166 286 155 133 104 126 217 58 209 153 12 232 55 44 172 94 176 185 35 100 283 146 144 173 22 278 29 238 49 137 77 241 168 142 7 218 77 158 38 274 236 66 285 162 26 101 97 38 227 103 112 86 35 261 228 191 123 86 257 283 281 262 227 123 189 281 
227 285 86 74 163 241 192 20 52 199 67 68 284 293 296 180 253 107 95 220 33 60 253 219 222 15 142 61 275 194 6 198 251 85 231 265 109 234 174 214 101 75 242 269 115 113 129 116 57 60 255 42 94 159 156 230 24 262 105 201 205 89 25 263 102 34 160 13 231 273 212 222 7 51 136 215 243 225 197 211 13 75 155 165 55 217 180 240 188 280 162 240 242 128 87 242 132 108 173 212 
62 259 100 118 207 178 11 176 67 134 76 137 297 43 251 47 34 169 65 76 26 222 18 52 86 172 201 176 15 76 214 47 274 135 164 211 61 204 280 166 284 191 70 1 212 181 15 165 56 267 291 132 241 31 27 66 208 260 37 9 213 137 115 58 210 121 98 85 115 242 140 126 241 192 51 281 18 99 199 250 188 3 266 178 230 15 259 130 189 244 133 217 250 120 252 232 191 154 292 20 
212 127 133 180 120 277 155 223 32 75 40 220 36 86 30 212 44 111 232 112 216 21 292 115 103 175 86 251 176 77 204 239 14 291 257 171 46 99 155 44 94 177 188 145 144 231 23 207 160 114 216 267 50 198 281 125 143 56 27 141 133 78 57 231 278 99 83 101 218 21 181 232 71 235 12 282 137 267 117 38 209 48 94 69 262 159 106 65 63 207 133 155 204 294 38 124 15 70 38 84 
272 84 70 142 216 39 229 75 43 200 285 251 152 70 198 112 125 204 62 96 115 98 210 61 71 236 69 46 26 188 128 93 126 206 154 167 277 13 133 52 61 85 229 160 101 290 175 277 91 174 285 10 238 167 216 83 54 196 237 97 6 66 244 216 261 121 266 140 57 167 110 65 4 15 219 214 127 287 123 164 183 88 71 6 265 206 21 96 86 74 226 281 240 142 290 165 244 137 36 55 
248 115 187 149 19 132 21 137 262 230 189 292 298 79 84 218 287 273 15 65 203 87 52 233 99 187 86 203 205 140 126 16 71 93 8 225 167 154 37 117 24 85 1 71 243 90 52 216 249 86 133 70 148 290 35 66 252 262 268 180 120 64 67 197 234 31 236 137 175 216 233 150 290 247 3 291 95 41 7 241 54 160 159 115 41 88 256 124 19 293 256 98 274 253 118 4 68 227 213 281 
120 123 107 231 131 237 188 265 141 264 205 137 99 68 229 88 108 128 61 123 247 131 82 282 223 193 41 251 230 100 66 37 278 97 290 261 33 237 162 61 10 140 143 115 168 181 27 265 115 38 263 79 273 156 131 272 62 18 159 152 135 103 167 208 236 170 178 276 116 293 186 231 33 20 43 129 4 227 149 205 234 186 110 47 224 213 33 199 32 107 132 192 20 110 176 216 122 116 98 148 
285 145 164 78 19 108 230 293 172 134 179 157 114 57 247 220 53 237 237 177 176 149 116 90 13 200 229 167 237 261 180 89 36 291 121 31 220 13 161 0 131 223 13 157 10 242 216 258 135 93 140 76 15 243 67 140 201 102 283 190 289 100 215 242 92 165 91 266 255 94 222 142 26 141 63 193 283 149 59 25 235 7 252 49 141 137 41 100 224 282 72 132 62 114 96 124 62 287 164 283 
257 183 139 15 232 133 58 137 237 295 186 189 145 69 171 240 21 19 222 235 119 163 217 95 111 157 181 55 17 243 206 66 93 129 227 182 242 1 8 16 15 39 35 285 12 227 103 76 195 94 198 45 210 297 55 197 32 63 291 287 114 15 71 219 212 55 273 281 244 215 238 179 234 121 149 54 272 191 10 71 80 173 121 202 44 265 132 47 98 280 18 48 72 43 58 233 129 129 263 14 
113 67 157 258 153 193 96 41 122 67 299 127 164 248 176 41 126 10 218 37 221 127 214 65 64 229 83 153 173 100 212 258 217 247 123 273 269 252 116 256 82 90 94 129 110 56 209 44 19 32 159 115 184 276 168 236 222 107 209 43 176 59 236 157 82 273 74 32 22 269 276 83 128 289 235 253 123 44 5 253 244 200 21 113 215 271 30 127 65 200 186 219 277 210 251 258 89 257 201 127 
59 1 214 176 126 19 73 27 211 105 77 153 245 37 14 250 48 137 54 179 109 265 209 253 93 133 69 279 245 237 271 269 232 107 130 189 235 132 118 294 61 9 272 128 257 31 36 99 89 145 154 96 124 149 22 132 243 189 202 274 211 251 174 191 170 63 90 215 37 208 86 23 297 38 33 1 137 299 198 152 86 107 116 289 299 296 21 1 292 17 198 0 10 262 245 81 109 289 291 182 
4 288 111 235 120 119 174 130 68 51 24 89 96 83 287 40 25 178 14 256 275 298 197 17 152 259 232 175 224 118 101 290 66 107 246 100 102 225 38 77 291 26 126 74 47 110 79 31 272 28 94 181 169 158 112 188 73 197 71 32 264 125 148 139 108 298 23 10 290 3 132 7 269 257 92 58 242 104 39 183 8 141 199 76 26 39 49 147 99 56 10 298 120 31 29 132 145 83 158 147 
73 17 166 56 123 274 230 15 93 23 81 184 154 73 22 232 137 57 149 28 211 112 281 135 89 266 270 114 242 184 248 109 46 72 179 292 164 64 164 167 249 173 148 293 294 141 168 23 66 138 53 240 219 202 296 132 243 244 233 161 226 117 239 213 78 218 243 58 297 47 62 227 138 137 148 240 95 260 23 11 54 92 99 223 219 225 119 189 293 253 276 253 179 224 229 99 44 254 298 63 
46 68 281 90 192 76 225 159 86 234 93 45 281 3 157 57 199 174 195 265 259 91 57 42 173 43 92 191 197 249 112 224 162 102 55 42 182 260 119 283 154 0 60 292 102 65 98 257 106 103 282 138 103 272 134 79 9 74 126 169 61 157 58 155 254 218 269 153 188 243 39 284 40 21 262 42 110 220 57 209 40 230 57 38 90 83 297 58 7 143 270 60 299 109 34 276 217 178 224 80 
67 153 19 38 111 89 282 33 141 56 136 167 198 167 81 14 295 261 133 269 78 8 215 186 152 145 41 245 276 208 102 167 147 229 168 156 260 157 83 262 270 267 166 156 96 216 24 270 168 17 230 9 259 184 171 149 231 118 248 288 274 64 169 110 27 223 287 187 299 172 283 241 281 163 283 103 109 147 212 130 29 175 8 277 41 52 125 106 25 127 49 34 152 56 71 225 187 231 246 48 
299 78 77 238 199 131 15 74 234 24 148 1 43 172 51 111 145 283 49 232 93 180 113 215 234 30 206 247 109 162 47 224 293 212 213 173 288 168 94 103 30 233 219 148 14 18 211 181 242 45 63 29 104 98 201 35 107 57 285 233 83 35 88 142 164 4 19 285 151 52 16 160 42 28 63 187 285 43 236 164 33 3 39 175 34 180 8 198 44 2 168 191 41 146 271 97 57 84 103 236 
69 170 141 251 173 156 267 218 8 47 178 172 106 147 25 75 98 170 161 247 112 92 67 53 156 140 227 248 7 40 61 236 261 155 165 152 152 26 95 197 145 145 149 221 108 195 25 53 152 21 122 259 136 183 206 31 239 235 151 32 271 55 102 53 288 17 213 213 199 37 199 168 257 197 130 27 208 131 287 17 62 136 282 51 159 60 261 260 112 98 109 17 232 173 280 173 18 79 43 17 
221 257 111 222 123 107 199 245 1 194 144 263 65 255 233 104 22 197 152 230 200 102 128 143 231 66 36 267 158 273 280 279 251 42 111 144 221 124 101 100 40 88 110 138 140 38 131 209 152 4 55 47 205 273 36 254 296 71 295 94 156 248 81 160 280 81 231 66 71 143 281 220 264 45 47 47 37 118 232 57 270 249 22 208 203 242 225 193 182 15 191 199 138 23 132 116 57 157 284 112 
238 200 13 169 42 226 1 142 252 174 224 239 84 127 225 124 210 286 55 78 2 22 114 82 97 234 23 43 217 10 228 86 258 280 39 247 230 50 102 35 118 163 195 188 93 194 17 197 180 27 282 227 155 213 162 259 40 294 273 108 293 249 144 83 206 178 134 57 75 269 24 218 243 288 197 4 158 238 232 149 12 36 30 129 170 131 25 269 276 162 233 44 268 5 289 84 167 266 201 9 
81 91 261 138 274 293 82 223 58 72 219 285 44 186 256 7 162 120 166 70 160 238 257 292 87 139 137 22 232 197 150 209 114 125 20 164 168 170 267 152 298 171 279 165 53 139 78 59 72 17 200 72 182 270 292 90 118 5 282 50 66 197 180 138 187 103 224 85 120 92 134 233 209 271 94 37 258 226 53 247 32 185 29 204 242 51 290 150 184 157 194 75 9 77 31 80 115 119 215 170 
35 2 1 180 12 105 194 33 151 263 198 140 229 84 232 154 250 84 263 190 2 106 95 156 108 54 35 18 296 199 80 18 56 296 78 242 283 232 26 4 202 139 231 42 144 234 37 121 283 18 159 156 11 193 92 140 147 258 296 277 122 226 55 240 268 243 215 271 289 172 18 259 217 125 70 93 212 184 156 231 199 144 258 38 40 17 100 224 191 164 78 50 242 81 128 267 230 26 222 22 
22 41 281 254 176 101 98 104 162 145 17 26 26 34 204 26 177 278 225 228 40 192 81 231 228 102 299 56 276 105 245 221 268 184 41 105 68 60 294 121 9 190 96 203 168 204 41 12 101 133 50 292 169 275 70 216 75 96 21 211 143 17 227 130 296 272 141 140 256 36 276 62 30 249 186 278 67 15 146 94 244 233 275 139 163 20 207 43 271 256 24 292 113 281 75 146 173 274 5 146 
146 16 87 12 24 20 293 86 242 206 93 38 235 26 16 115 9 184 21 250 162 244 125 110 242 289 31 37 85 249 241 261 211 189 239 163 80 191 274 17 83 293 255 214 222 156 37 118 208 229 41 111 114 179 289 99 158 281 38 142 276 21 269 175 37 261 144 270 178 13 134 245 259 205 109 128 80 160 119 165 96 101 293 68 19 109 162 109 27 242 32 135 51 174 162 133 184 183 78 267 
189 98 295 299 205 49 21 121 206 169 256 128 120 156 171 237 262 11 237 13 164 267 185 26 202 89 206 166 184 48 49 84 42 86 159 95 170 277 201 40 287 243 293 198 164 192 65 204 14 156 63 235 83 265 101 128 212 205 238 260 107 195 165 22 88 282 212 33 41 50 16 267 272 71 58 17 190 55 33 152 208 144 99 154 140 118 85 261 290 126 243 49 104 108 34 189 204 112 124 68 
247 111 201 252 261 236 128 251 231 69 230 140 264 268 284 168 5 125 267 109 99 81 119 159 261 215 293 257 89 271 9 42 255 76 26 252 81 283 93 281 130 0 12 161 229 119 12 227 279 159 252 228 28 129 52 263 239 157 80 73 168 244 201 181 210 246 290 291 216 282 295 147 33 194 266 111 236 145 158 168 145 142 5 13 124 190 4 196 141 53 232 251 21 145 115 66 292 160 25 65 
144 235 20 169 96 110 278 90 280 26 42 283 152 37 256 225 124 113 225 137 243 299 254 241 155 285 147 265 128 206 95 170 226 205 178 290 184 181 167 265 46 135 236 148 167 152 39 232 256 273 209 257 95 136 76 232 31 101 145 29 146 148 32 205 121 49 188 107 101 89 85 246 174 75 28 26 20 144 148 234 203 74 270 177 123 183 236 180 36 156 201 36 88 163 164 111 206 286 218 69 
190 193 80 171 295 7 54 135 287 108 213 239 73 117 35 42 55 204 196 12 15 14 295 108 163 74 87 292 156 260 255 245 135 194 1 221 165 222 266 109 53 224 260 186 167 261 180 245 132 8 258 93 99 27 119 158 294 78 193 128 161 280 233 90 66 142 230 275 265 40 164 273 6 144 51 288 241 294 165 169 165 250 85 256 217 80 181 22 271 85 211 63 209 116 135 179 144 196 12 23 
231 141 132 235 77 205 45 61 11 68 62 248 44 226 205 3 149 284 6 184 98 53 63 212 210 167 161 207 80 192 96 215 258 2 35 290 71 283 298 289 243 128 63 40 58 148 114 174 2 80 0 15 48 214 142 133 193 290 292 55 52 215 156 145 163 158 19 156 167 132 202 92 236 45 140 115 45 137 172 179 172 266 52 108 237 146 137 144 152 139 190 59 84 256 37 139 90 9 149 99 
50 222 245 61 8 124 181 138 81 260 7 297 48 140 199 176 256 75 202 6 67 29 268 71 169 255 284 62 169 248 38 176 80 232 115 258 236 24 223 52 46 126 43 43 274 58 295 16 266 133 227 214 110 204 254 235 279 129 68 145 127 294 112 27 24 118 200 113 219 137 52 163 262 26 204 202 185 206 210 79 106 166 63 134 208 237 161 74 189 273 132 130 110 299 281 47 122 249 252 259 
281 115 1 221 164 92 282 98 142 130 95 272 253 0 29 0 249 159 11 5 284 159 14 219 255 140 40 286 91 272 123 99 40 207 291 136 118 104 197 186 261 173 113 182 126 171 111 185 110 298 181 261 287 272 221 125 125 288 261 142 187 112 298 75 297 152 184 297 173 51 106 64 181 104 18 290 218 57 92 297 159 11 296 259 231 7 121 160 105 11 67 236 237 103 91 93 19 54 198 287 
44 4 59 62 34 122 241 292 197 52 88 12 219 81 127 42 155 140 286 240 6 238 68 144 146 163 52 171 256 14 95 5 259 39 45 281 9 83 26 272 134 59 111 14 239 88 29 269 40 87 216 184 229 91 215 90 57 116 295 119 288 154 89 270 88 85 181 125 254 44 5 34 178 27 245 18 58 237 208 119 106 181 179 250 29 125 280 57 191 264 166 293 148 65 143 55 33 73 150 102 
168 219 222 165 184 246 34 177 9 99 183 89 212 129 243 92 259 81 183 242 204 125 143 15 128 228 165 153 278 87 267 188 148 155 37 278 181 290 22 151 275 34 222 135 63 52 4 143 55 205 224 234 263 227 140 75 111 253 251 241 212 120 50 30 277 85 62 101 272 143 21 200 237 3 209 193 298 112 30 167 80 96 223 171 109 104 264 203 38 247 209 118 198 207 178 245 164 147 253 118 
134 228 108 52 163 56 12 54 270 55 281 131 155 86 245 145 253 210 191 97 204 43 63 170 38 196 163 153 141 200 19 165 118 221 89 6 144 12 179 200 266 201 122 141 291 68 104 270 220 4 296 58 198 68 53 235 109 47 284 178 131 100 182 261 217 170 174 268 165 240 274 25 119 81 79 271 189 161 133 76 101 259 253 289 32 146 35 3 297 201 119 144 46 232 215 52 295 72 165 208 
197 250 145 282 201 239 114 66 176 114 145 84 269 194 269 68 141 29 13 19 126 105 11 214 59 143 107 264 291 198 240 71 241 37 88 243 155 131 217 38 133 201 234 99 299 69 12 169 117 162 275 14 164 288 268 253 98 5 224 146 86 100 265 32 216 261 247 263 69 157 182 206 268 164 46 10 8 92 123 73 114 220 290 274 113 121 99 166 214 287 156 233 167 43 278 77 3 79 83 188 
137 94 132 224 12 134 107 196 120 216 168 64 269 271 176 65 124 56 242 154 284 20 102 279 295 266 249 188 69 6 170 180 256 102 222 246 285 172 127 123 234 136 184 262 249 12 66 149 283 153 270 96 8 128 245 26 74 221 212 22 11 254 170 124 173 111 274 169 100 33 97 141 123 261 103 90 207 170 77 131 86 121 155 167 109 32 19 168 111 72 66 271 177 228 53 156 198 235 111 53 
93 1 157 220 98 277 94 10 126 229 7 10 267 11 134 50 3 279 39 50 122 96 111 127 42 63 145 132 23 233 217 66 124 289 295 285 180 82 287 180 108 106 38 237 103 151 173 262 227 77 101 243 200 12 11 90 107 219 248 227 277 6 44 143 243 68 19 211 164 120 180 37 245 176 265 179 45 286 178 91 145 198 217 298 9 185 198 59 259 89 220 106 163 233 44 290 125 142 213 264 
183 141 35 81 58 143 100 193 82 231 179 161 76 75 151 154 52 258 32 139 211 124 228 218 95 274 265 249 68 139 149 58 281 147 150 183 255 8 70 288 81 254 10 31 97 267 211 73 78 219 77 270 3 36 124 196 54 297 91 133 60 284 243 198 73 113 184 189 99 230 253 25 212 28 270 299 175 131 225 33 170 32 126 228 194 134 44 231 171 187 2 122 51 264 131 272 83 196 196 173 
151 65 108 287 287 140 254 99 171 81 169 34 257 278 137 129 268 120 136 298 239 267 47 135 274 24 129 24 41 295 280 252 154 129 7 8 195 90 28 0 165 164 32 262 139 176 103 252 38 93 68 24 37 141 100 94 260 74 169 282 252 54 95 78 249 135 142 178 64 254 219 174 32 185 288 224 59 94 49 86 68 210 52 258 111 126 111 189 190 284 32 229 27 62 29 271 264 22 185 71 
125 153 287 232 32 278 158 75 297 145 29 87 281 261 52 0 213 117 154 81 211 54 80 298 220 22 106 154 82 259 25 280 155 86 92 20 223 174 115 196 10 252 133 179 126 125 16 206 76 82 39 2 85 74 295 81 223 10 246 224 215 272 296 52 169 234 126 184 46 93 245 251 162 247 83 94 74 46 137 216 68 142 272 252 204 134 67 50 269 118 237 10 196 155 187 157 192 248 81 213 
108 292 50 60 225 279 197 28 54 265 125 57 32 256 31 134 281 250 110 1 202 183 131 209 117 228 99 181 120 232 214 127 30 14 212 158 141 239 262 216 254 145 73 242 285 264 119 221 56 132 15 281 133 248 81 64 57 234 46 198 156 130 211 218 67 135 37 39 97 227 193 131 249 82 290 240 18 119 75 157 156 254 121 291 154 73 269 178 57 185 98 65 280 299 229 81 89 259 136 45 
51 60 144 213 39 265 166 68 164 280 237 90 202 115 222 120 27 295 12 226 281 49 169 33 278 74 21 214 228 83 109 241 203 293 162 42 50 45 7 1 162 91 140 100 101 44 257 105 90 161 227 89 212 90 189 165 7 267 105 183 73 266 4 43 162 66 163 97 131 134 236 98 225 168 20 75 90 64 178 77 51 163 60 151 262 37 204 148 102 139 135 129 4 197 181 222 8 159 191 96 
221 205 88 138 273 244 213 202 24 127 125 47 63 6 57 128 0 78 276 155 204 57 257 55 224 23 288 168 128 265 294 93 50 61 53 154 69 258 215 42 88 45 250 182 285 37 96 212 86 191 52 147 228 201 25 75 26 188 149 91 87 23 184 145 238 130 30 198 246 99 195 55 86 227 21 167 150 184 91 226 199 258 188 197 296 32 18 67 161 164 144 252 220 114 138 280 30 4 39 42 
79 298 283 141 13 176 254 278 230 120 149 131 48 182 28 8 268 185 83 49 238 252 161 3 204 32 230 226 62 104 44 77 53 163 140 267 58 21 86 171 108 160 14 227 296 164 196 199 285 276 102 7 57 79 44 11 91 151 37 50 193 177 129 117 291 14 98 239 232 21 163 161 169 132 293 282 164 31 32 5 155 34 150 229 5 102 250 66 104 55 68 189 203 64 158 156 190 120 18 131 
236 64 82 178 244 141 60 200 263 207 60 251 61 225 75 77 130 103 113 110 244 202 125 247 38 104 211 115 190 56 158 252 261 130 24 208 134 73 54 88 198 144 148 117 32 272 249 13 238 164 127 272 14 102 18 236 23 61 284 98 234 178 280 186 24 264 151 56 83 122 80 124 161 287 121 167 131 196 284 135 254 225 290 32 30 207 213 100 217 227 290 228 42 219 107 49 101 137 41 282 
274 32 108 222 167 11 277 16 199 107 220 45 233 152 124 294 46 43 52 287 198 127 287 283 176 90 130 160 19 113 220 61 231 150 75 231 125 284 69 269 84 88 129 248 48 111 195 209 256 220 66 16 202 208 252 193 233 115 139 76 234 88 166 159 87 76 181 271 134 271 298 283 37 267 20 87 2 262 89 55 128 189 258 76 222 150 10 7 192 294 21 226 60 51 102 294 214 82 194 133 
215 195 246 236 222 285 27 272 217 119 137 290 39 183 94 259 210 190 267 297 130 140 132 203 62 54 168 235 91 225 215 210 279 44 247 220 241 261 155 185 109 136 287 263 73 41 9 57 173 163 149 19 42 244 55 42 239 171 119 274 39 32 6 199 267 35 111 157 203 155 73 111 216 52 103 106 185 219 131 269 244 65 291 248 186 43 212 278 69 80 229 55 18 247 169 230 271 107 72 13 
259 12 283 170 267 272 197 174 107 114 224 197 78 285 16 281 202 148 87 218 164 80 17 73 63 159 162 39 42 32 73 146 98 15 219 86 148 295 33 41 113 268 220 175 56 210 26 267 68 151 94 235 253 168 187 246 82 231 51 100 221 111 274 262 187 296 12 19 71 81 219 265 44 3 111 280 81 152 240 139 133 56 82 277 228 34 24 276 60 207 163 188 275 202 287 225 164 132 261 100 
236 118 215 159 191 87 126 288 114 51 126 156 160 212 135 224 200 201 294 120 85 176 189 146 29 164 36 17 73 274 264 162 133 291 65 23 112 295 223 178 143 212 200 293 10 42 97 296 105 10 114 54 20 105 223 23 126 10 29 73 171 222 16 241 49 111 57 177 275 215 27 0 239 266 62 41 62 255 49 112 141 275 16 5 106 170 224 139 175 54 90 112 82 53 213 277 186 82 0 224 
121 283 299 208 39 170 292 85 194 61 33 97 190 31 149 291 86 195 280 145 167 235 191 79 9 253 15 114 109 241 148 225 134 244 57 223 66 147 254 25 294 258 195 47 260 110 207 46 13 49 115 103 191 54 220 34 193 157 250 195 105 115 239 193 1 253 59 105 233 77 129 149 259 50 109 58 20 5 172 159 14 107 249 3 255 273 213 57 49 242 74 37 286 196 59 89 155 278 191 50 
179 204 107 165 225 19 53 198 25 171 34 38 22 298 238 110 26 86 191 247 202 298 147 260 222 169 146 200 163 100 75 21 133 33 269 264 267 195 129 2 124 256 275 10 45 185 66 224 129 209 88 261 248 224 57 284 203 81 282 65 174 210 30 24 214 263 108 263 170 117 215 180 153 273 117 57 98 152 186 117 111 56 153 172 158 32 228 169 181 72 101 239 235 108 203 293 68 22 162 95 
25 38 246 6 43 93 270 81 138 55 180 93 245 269 223 206 144 147 149 275 29 47 254 235 143 210 216 273 292 235 125 77 165 117 162 93 111 116 89 267 292 299 33 263 26 120 8 107 224 204 170 101 247 137 137 49 30 241 48 172 180 49 135 184 261 230 263 192 100 138 250 191 165 295 226 72 43 103 242 213 91 47 145 280 54 266 30 65 103 172 283 5 280 12 114 11 294 230 185 221 
247 116 37 145 200 139 273 204 272 248 4 6 148 137 92 284 130 190 265 155 75 116 65 226 131 97 101 33 184 11 264 270 108 1 190 276 250 0 188 211 280 75 254 28 64 241 229 253 80 58 286 6 169 200 274 85 230 271 79 119 158 251 64 64 30 206 29 85 107 61 81 80 128 66 39 169 258 7 270 230 96 13 285 295 182 228 90 7 133 266 154 253 221 102 53 131 21 6 86 225 
102 114 98 73 163 131 17 41 184 28 265 165 30 60 274 54 81 184 90 20 147 138 141 275 44 163 159 139 242 269 181 166 44 132 250 148 93 77 131 178 2 107 61 72 89 266 45 163 279 261 280 151 76 76 140 208 180 42 83 152 49 59 214 204 212 129 77 238 148 37 173 231 153 92 138 104 73 259 70 226 91 66 5 170 13 291 235 234 84 59 183 177 285 237 166 249 295 4 255 179 
282 137 247 103 213 12 272 85 139 195 274 98 110 179 6 211 174 228 222 279 121 183 156 155 119 254 67 35 220 226 156 107 207 204 45 87 65 102 243 206 199 91 195 121 36 133 221 179 66 90 249 32 63 221 263 230 43 226 98 180 224 181 288 197 292 287 36 195 202 246 259 265 124 94 286 257 40 199 256 86 154 241 13 129 221 297 126 150 71 130 288 22 182 264 155 27 197 232 42 255 
155 72 96 260 143 144 288 55 3 161 249 244 125 141 188 93 15 144 275 31 46 237 48 217 47 16 193 275 73 14 64 86 133 153 162 260 75 42 116 214 44 284 102 132 92 215 139 70 6 273 97 28 230 79 137 215 243 287 38 94 293 233 155 225 148 272 297 169 29 87 105 24 60 207 18 104 291 242 239 154 94 108 47 231 180 85 33 42 165 243 94 135 288 190 281 97 287 25 73 231 
4 235 73 59 118 282 164 114 249 134 214 66 187 250 151 98 39 242 27 252 90 224 225 56 215 40 260 276 46 185 295 89 125 274 187 181 63 142 142 255 150 100 38 106 131 209 260 194 212 2 190 215 193 217 68 83 53 71 286 226 295 203 65 124 40 85 259 268 143 294 183 86 236 3 33 198 153 280 94 250 190 110 280 88 31 118 217 213 71 132 145 265 107 244 252 89 188 144 220 288 
81 158 19 41 104 275 73 285 47 128 73 204 258 104 268 46 163 71 6 210 265 298 163 127 69 214 161 102 97 253 84 95 210 166 178 250 13 105 109 196 217 135 145 126 223 123 110 123 258 197 297 178 18 273 122 102 102 67 55 255 21 214 146 63 133 127 292 55 41 12 281 148 109 192 262 61 18 160 238 165 292 127 52 221 106 58 113 32 141 98 201 110 169 218 183 18 131 96 189 226 
24 240 4 6 4 3 40 53 299 73 208 177 112 137 266 182 95 43 280 245 288 20 165 261 212 289 21 238 123 174 262 240 59 101 248 97 32 217 192 50 277 149 285 115 242 151 30 207 174 223 15 259 123 284 210 77 172 176 101 56 270 135 237 212 298 228 96 28 125 257 232 204 25 168 19 255 16 234 106 274 226 243 194 73 67 254 99 126 265 290 15 159 140 169 39 124 48 20 280 258 
155 164 37 270 134 139 175 293 67 165 17 171 185 49 205 142 248 143 94 116 164 72 104 153 72 112 293 130 9 238 180 204 205 184 156 238 25 65 69 176 278 233 55 84 15 16 156 275 297 138 22 123 101 20 254 96 182 6 153 251 107 165 197 66 27 79 295 270 73 247 162 241 98 237 40 140 269 176 99 0 127 171 111 290 295 32 270 233 295 77 145 247 87 185 5 200 118 21 32 162 
43 107 268 176 122 225 260 262 55 94 207 297 217 286 117 135 259 232 241 228 107 225 19 14 56 242 233 246 82 60 241 284 27 103 81 289 116 153 271 183 8 93 130 133 292 40 101 44 160 138 34 201 221 228 65 183 76 73 62 163 294 90 196 171 104 182 244 8 89 158 57 3 84 126 37 229 248 0 249 270 291 264 100 155 50 212 166 23 131 145 114 1 239 19 4 162 246 125 48 48 
288 283 139 258 133 71 13 126 124 179 18 272 3 218 73 116 78 180 141 207 234 186 98 290 8 29 269 202 182 267 271 42 69 57 31 255 125 106 56 282 296 31 164 180 137 202 236 126 32 45 240 41 85 85 7 218 166 118 194 3 132 12 268 79 230 46 18 272 292 35 16 277 18 26 140 24 157 282 120 18 276 198 46 169 107 93 144 59 152 25 285 149 72 153 279 264 72 32 281 119 
119 52 255 81 115 212 164 137 18 149 239 40 187 243 239 241 85 254 32 240 247 271 41 159 100 181 92 60 274 43 34 113 249 119 87 8 90 243 122 291 264 160 256 63 145 197 99 39 22 77 109 36 3 218 98 154 211 212 243 78 86 81 191 174 88 191 75 136 212 93 296 162 37 162 215 213 237 50 274 85 251 197 262 284 83 41 89 295 151 262 52 253 268 128 31 221 89 17 195 219 
68 106 104 190 290 231 212 128 28 208 40 269 123 142 91 0 288 61 44 208 160 4 23 270 253 112 229 216 138 240 107 5 176 108 193 90 114 139 288 41 85 287 110 183 219 104 216 224 193 8 164 93 236 141 4 269 81 3 199 253 107 0 287 192 0 205 110 247 247 255 69 68 221 14 258 61 139 136 1 215 215 225 109 152 128 270 195 42 31 119 80 129 60 262 159 199 77 176 269 145 
189 138 28 276 120 129 293 298 274 121 198 183 177 200 144 255 219 49 181 68 92 287 248 48 251 88 31 297 119 282 281 208 97 12 89 223 237 80 56 33 77 132 235 94 144 66 263 112 274 132 156 181 27 148 143 78 27 136 223 43 173 62 90 96 183 262 25 83 40 164 153 71 119 139 260 265 120 66 291 165 120 103 233 231 169 285 137 94 54 90 275 117 268 164 272 136 18 231 122 285 
3 120 190 288 33 277 37 200 252 188 57 163 71 168 45 91 298 126 102 41 60 229 39 115 167 216 71 29 199 63 218 77 3 100 169 96 38 71 242 90 124 233 252 221 103 233 66 185 229 111 242 299 131 93 88 20 79 259 59 211 109 91 199 295 163 233 264 10 83 275 172 81 297 112 263 129 45 34 158 125 18 29 125 252 36 118 268 137 84 8 145 218 225 246 131 91 77 294 106 83 
36 40 265 267 139 149 16 41 121 93 96 74 166 39 155 20 178 69 16 123 201 192 199 294 14 252 33 108 113 267 67 204 256 110 183 165 157 277 66 18 106 236 171 217 213 85 197 159 42 237 281 88 226 285 58 82 133 130 169 139 48 84 142 94 95 258 264 47 200 143 265 24 173 146 157 158 102 20 185 228 211 242 261 28 129 205 163 32 230 127 22 200 265 254 169 284 162 183 166 69 
124 203 101 23 45 268 245 189 154 107 184 224 119 165 138 193 183 184 112 126 76 119 154 55 122 196 275 5 221 17 59 38 92 193 226 86 75 209 203 186 233 123 59 279 294 149 7 85 143 292 43 253 236 210 180 59 180 275 60 56 227 81 33 219 208 194 56 219 70 269 55 44 102 254 4 197 121 266 248 62 162 19 54 137 293 133 260 154 249 202 152 242 97 293 23 229 149 97 75 28 
195 280 69 49 173 66 17 14 76 80 52 130 107 261 279 237 160 215 238 162 105 197 12 203 199 136 249 166 35 207 199 62 206 99 129 135 295 270 125 241 158 120 165 153 284 60 48 251 104 277 243 200 268 292 234 151 260 215 43 122 157 202 8 201 50 177 171 259 92 55 20 55 56 241 46 113 69 170 295 213 150 270 113 132 65 100 111 230 200 168 289 171 148 244 83 228 264 131 144 97 
259 84 229 104 17 228 135 77 19 22 279 24 281 170 273 278 264 40 235 23 160 90 287 7 16 237 270 269 7 200 46 244 137 205 210 108 114 256 256 200 126 61 164 292 102 85 231 241 74 248 31 220 76 278 17 247 240 196 178 78 132 88 26 118 1 107 186 87 107 33 13 59 225 174 10 192 77 216 108 150 143 237 153 239 103 14 43 191 176 181 20 216 114 95 13 217 40 188 45 196 
15 259 31 178 25 293 277 238 261 158 142 250 226 26 91 141 222 217 177 59 253 132 270 83 154 14 285 66 177 131 211 101 282 267 276 241 73 230 257 244 31 35 55 203 156 87 99 121 72 228 216 227 7 197 238 210 208 164 72 205 17 189 36 160 141 244 169 47 162 142 174 163 290 200 245 61 100 297 31 213 182 153 34 286 181 173 163 203 55 97 248 129 264 200 241 10 216 278 247 249 
120 228 52 83 63 264 34 198 139 15 206 283 4 159 92 54 260 132 84 100 35 289 175 120 101 111 8 254 122 114 224 224 286 133 180 296 201 271 253 36 224 9 240 104 149 206 99 61 267 92 75 146 178 13 260 176 85 78 122 298 132 63 34 62 136 115 44 97 45 58 285 152 180 28 216 116 250 251 277 259 235 215 103 53 33 105 159 222 275 206 35 252 42 93 191 243 191 208 65 283 
259 219 196 146 43 94 20 267 266 109 100 226 203 76 208 105 179 155 112 94 112 274 160 162 71 169 229 69 11 160 164 123 198 217 265 266 184 182 263 1 145 28 223 117 84 60 190 285 250 257 206 56 271 242 11 110 263 18 290 290 227 293 223 286 175 105 156 84 151 101 61 69 29 281 249 147 166 130 17 19 102 294 147 119 5 115 202 248 187 128 272 248 116 213 160 15 25 197 213 187 
34 49 226 160 112 2 232 281 8 62 221 297 84 215 154 85 238 8 12 266 203 180 218 133 258 264 126 185 77 240 96 120 294 129 103 98 114 290 43 271 215 208 2 216 204 290 296 72 237 13 184 122 290 285 156 89 108 40 100 143 182 103 117 47 2 189 34 75 248 134 262 257 226 201 93 72 157 26 255 85 42 171 296 146 89 183 194 186 262 179 164 274 181 152 233 248 168 258 96 187 
182 120 293 262 226 248 220 200 227 284 164 119 167 129 23 200 99 6 56 239 57 160 197 130 105 85 218 95 108 107 233 269 75 131 248 100 38 205 280 242 264 290 207 152 65 83 273 121 73 183 282 287 37 12 111 135 179 290 229 275 183 221 150 23 143 8 127 133 259 205 270 68 266 299 281 150 267 273 186 44 91 237 128 187 153 106 218 113 151 250 271 298 189 226 153 155 128 21 10 214 
129 191 80 123 125 291 32 199 107 248 134 147 152 221 198 251 298 258 58 227 288 45 98 58 201 164 284 106 191 236 193 79 191 151 72 291 226 243 90 101 129 239 289 4 52 278 181 211 235 28 143 111 55 283 216 236 32 187 109 91 159 181 153 287 233 186 36 251 272 194 97 116 82 19 23 296 40 16 211 214 173 57 145 199 35 164 239 235 101 121 102 56 6 75 84 16 80 207 30 161 
