30 284 9 262 171 167 112 193 27 212 66 272 260 287 13 213 93 190 130 108 162 158 105 77 259 153 177 104 110 240 52 247 113 194 178 39 136 222 224 75 111 286 191 129 231 187 62 146 190 206 40 281 188 284 80 7 91 234 231 153 134 116 256 225 133 56 262 294 164 169 295 271 67 16 159 134 117 117 203 80 100 191 243 239 284 222 82 223 113 129 225 7 34 263 97 289 75 8 0 139 
215 16 190 150 54 148 136 254 41 218 274 203 20 82 221 204 182 104 11 27 148 60 246 228 146 160 191 113 115 189 44 1 188 20 104 48 126 85 297 82 88 277 73 239 37 77 201 47 20 39 127 121 41 113 232 133 148 231 122 70 48 292 198 233 195 44 32 68 88 60 105 158 193 222 34 116 228 271 95 95 75 14 27 214 67 135 266 190 225 248 106 40 298 175 114 36 249 132 236 288 
174 68 102 46 226 66 88 61 260 185 128 261 38 198 237 82 116 135 252 55 4 192 23 39 146 125 260 99 110 73 243 250 276 61 115 26 135 260 198 43 226 233 42 177 299 66 50 5 108 280 38 235 82 154 222 83 128 154 285 33 173 134 144 139 273 192 284 233 137 236 130 98 41 65 194 162 58 174 290 98 21 202 56 128 102 106 45 295 71 107 119 201 11 191 133 71 102 171 133 156 
196 71 75 234 210 117 92 258 160 154 150 82 184 293 122 212 10 297 205 132 160 219 279 182 199 0 297 66 259 241 167 204 11 19 297 91 133 123 225 19 53 255 52 181 223 274 64 156 294 22 247 222 238 123 162 13 94 98 60 183 163 199 40 202 191 15 288 16 261 281 27 194 24 264 18 251 254 160 130 248 251 217 277 197 138 209 210 282 220 28 10 183 122 143 157 233 151 100 172 59 
175 115 256 147 206 149 235 24 13 196 281 195 249 35 41 289 184 35 21 165 44 183 167 262 106 164 170 164 216 200 9 170 274 207 178 94 2 291 22 64 163 184 159 191 131 35 242 101 155 216 170 290 174 261 52 288 136 214 16 114 282 146 287 137 19 239 247 242 189 212 1 238 156 226 225 50 50 125 87 43 256 97 16 36 259 213 47 265 131 174 241 292 252 18 163 22 194 255 26 181 
254 151 87 19 169 282 188 5 261 122 250 221 50 149 269 73 187 260 105 265 224 151 15 190 106 241 23 184 206 253 235 89 22 85 64 215 38 142 270 76 265 89 166 184 222 172 284 187 221 208 75 263 50 249 84 288 230 14 56 286 51 203 201 263 293 108 115 38 186 156 245 3 265 66 39 79 215 263 1 119 266 68 39 140 127 133 146 186 181 285 47 33 286 260 42 187 74 191 254 267 
262 136 100 145 78 205 37 96 198 145 108 228 97 236 143 144 131 130 16 103 62 111 246 193 91 113 185 196 114 147 196 88 105 256 174 216 156 103 128 53 94 2 9 296 235 281 69 31 231 60 285 144 278 295 39 74 201 45 142 116 132 103 86 87 280 118 221 246 126 203 12 112 252 246 224 121 104 18 27 185 187 271 235 37 280 117 273 19 277 132 241 21 61 231 2 89 206 285 140 56 
157 258 253 266 244 154 153 124 103 275 63 101 46 44 57 226 54 238 231 210 170 146 59 76 100 11 221 286 28 282 19 17 192 131 84 282 201 293 148 145 205 288 219 272 117 115 159 43 196 93 227 129 89 88 218 29 62 140 219 9 14 228 54 87 280 166 267 195 108 96 109 208 225 210 6 98 95 150 101 39 179 198 140 229 298 117 195 16 230 89 173 24 91 171 97 212 244 83 31 40 
44 285 84 261 84 169 196 247 101 279 55 119 43 214 182 266 188 225 78 260 297 42 221 233 108 19 12 158 149 83 205 263 10 150 106 67 77 267 65 255 283 25 177 276 175 143 297 267 39 61 76 134 127 160 236 77 172 277 111 239 299 41 215 270 265 39 285 79 73 26 149 297 40 204 171 151 100 104 161 262 188 72 271 270 27 18 27 32 80 176 159 27 241 13 55 177 226 226 119 169 
15 5 156 251 232 265 26 79 249 90 150 181 263 198 105 148 110 164 129 274 255 145 298 16 227 32 47 102 265 85 150 229 20 113 222 31 44 47 176 275 163 239 72 161 151 76 228 236 263 31 277 254 210 102 289 280 83 77 85 132 181 116 8 103 48 0 215 18 284 287 238 210 290 238 299 106 193 33 174 122 83 158 9 258 44 265 177 85 210 104 256 122 226 9 0 254 94 32 171 235 
83 79 17 73 281 79 104 192 157 297 262 81 101 65 160 172 22 14 84 145 151 113 148 201 149 190 117 35 299 249 159 204 62 85 91 208 0 71 125 130 166 85 156 138 230 149 194 21 192 183 52 133 119 53 116 197 150 42 201 250 142 269 209 151 269 157 194 79 17 265 231 70 168 80 103 9 186 84 178 101 29 78 103 68 137 12 114 142 156 10 7 155 176 194 155 74 139 209 273 2 
5 157 227 226 236 158 269 262 292 193 10 175 266 226 111 264 203 92 193 107 152 233 107 62 196 196 159 103 200 251 123 12 251 256 111 187 198 55 201 149 213 237 121 145 258 116 95 247 285 7 69 97 246 15 253 167 103 229 119 274 137 122 126 166 8 213 53 276 73 104 291 209 152 162 8 181 86 35 290 234 197 16 295 89 1 116 17 17 173 295 97 161 58 219 73 240 179 160 251 123 
74 100 151 103 158 255 29 156 186 295 18 161 220 55 117 193 141 229 183 285 89 2 287 138 262 5 176 194 266 206 203 90 100 96 141 111 82 16 113 214 121 5 178 216 184 173 16 57 180 273 251 27 239 104 216 283 274 32 291 212 217 38 240 243 244 111 238 233 85 54 220 34 139 0 154 74 253 229 108 135 51 29 74 51 189 135 44 178 273 220 162 61 17 220 58 220 122 53 128 53 
35 92 275 102 121 144 78 197 203 60 270 45 20 172 46 120 108 174 58 8 264 146 145 130 94 297 285 57 5 98 288 210 39 199 68 68 31 297 298 67 145 48 80 49 135 270 16 116 111 210 20 160 75 117 144 228 283 156 217 268 289 11 239 30 213 49 188 89 24 180 110 117 267 187 215 105 240 91 117 73 16 110 117 192 25 234 183 180 225 29 178 96 199 191 151 259 14 236 260 157 
285 40 295 35 234 117 252 78 234 28 191 116 47 86 269 230 190 60 230 1 235 96 60 24 11 258 46 126 38 60 103 236 249 121 279 196 114 52 166 267 141 168 68 117 41 162 33 7 239 151 6 294 38 78 223 237 192 101 158 118 288 199 168 221 281 296 239 126 50 90 60 278 274 227 22 103 238 107 59 155 60 227 45 210 198 174 255 291 271 231 273 173 245 179 177 118 65 296 104 7 
127 2 112 217 5 149 15 192 285 100 200 78 236 169 296 190 250 0 280 109 64 24 158 81 25 3 181 229 212 150 112 4 68 273 25 193 29 107 222 150 206 134 204 215 140 84 228 94 174 9 251 189 110 217 192 187 255 184 128 163 190 180 189 137 274 66 203 286 199 269 163 230 131 11 192 176 100 76 288 170 56 272 54 261 241 272 45 255 167 213 270 32 57 136 241 214 48 21 182 180 
258 61 213 8 193 45 42 207 170 178 239 182 121 34 211 58 114 252 160 1 270 294 250 15 126 265 122 294 39 291 130 158 7 109 162 76 75 196 104 25 261 281 295 117 104 53 236 252 273 74 269 129 112 75 155 198 240 8 171 255 167 170 15 246 269 296 177 213 159 234 88 14 7 273 119 80 110 99 251 83 21 256 48 162 12 217 126 35 60 164 208 31 291 37 205 234 261 203 14 221 
169 209 108 297 233 202 286 99 190 51 134 263 219 41 193 178 135 291 176 115 141 165 132 139 116 77 64 119 223 168 206 286 274 213 142 100 290 249 158 18 30 38 3 3 118 34 280 203 216 146 281 98 93 68 197 186 49 20 256 197 82 66 271 113 78 284 0 49 283 249 210 69 294 27 237 288 227 1 34 189 0 40 53 215 252 60 270 130 139 277 46 203 259 22 42 162 64 140 257 77 
275 171 234 135 19 234 116 70 278 172 61 206 71 184 133 100 112 121 231 149 45 268 228 79 165 298 167 12 85 208 21 20 223 142 34 257 281 20 151 141 194 35 286 109 52 23 127 119 186 159 12 241 296 194 63 295 237 45 79 28 204 129 232 14 70 286 135 60 199 56 288 25 187 41 114 5 243 155 208 149 216 215 294 24 132 162 248 164 298 47 188 63 222 118 130 166 253 287 7 85 
266 90 202 117 63 270 199 23 218 19 117 230 202 284 171 202 96 64 37 266 65 281 60 55 151 39 119 121 64 58 171 299 177 118 270 118 183 294 79 79 222 67 89 74 296 126 156 1 276 165 260 184 278 282 237 129 38 264 35 28 254 106 95 153 209 113 230 96 166 49 36 41 78 127 295 196 77 166 9 95 265 76 4 8 68 86 213 60 143 214 250 33 64 267 132 182 142 158 291 23 
21 0 176 96 144 208 205 118 149 251 7 50 263 121 92 192 123 218 62 218 299 184 65 92 57 238 248 43 227 82 257 7 215 171 246 86 24 130 218 190 273 225 40 48 246 69 114 197 289 201 146 49 142 282 78 95 158 78 193 148 96 123 100 60 38 48 113 5 95 55 234 41 265 229 82 294 128 262 57 219 67 19 236 194 187 197 158 268 278 239 65 125 183 103 57 261 38 113 259 266 
4 125 21 62 132 262 224 275 0 95 173 58 152 184 156 73 87 56 70 240 154 38 46 58 297 282 230 131 288 241 179 236 145 195 75 19 143 88 269 237 256 133 214 249 226 237 42 134 102 3 276 143 14 82 231 282 57 170 21 22 16 237 89 137 179 262 228 14 117 96 239 6 100 226 32 198 165 245 82 136 35 227 142 149 209 211 31 254 284 185 196 26 209 200 81 140 80 269 140 249 
203 205 205 235 246 265 275 15 134 137 148 132 26 59 194 226 180 222 276 50 245 159 289 234 112 22 67 40 60 204 75 198 236 195 251 56 75 119 27 277 189 272 288 59 292 7 162 285 294 110 141 230 178 198 231 248 224 259 39 282 39 99 125 5 13 7 76 93 17 202 68 100 141 202 138 103 225 296 105 103 8 31 218 78 195 60 286 62 270 128 274 266 176 167 18 116 286 175 34 253 
168 76 79 235 62 7 82 8 152 225 115 164 101 1 183 261 185 240 81 217 2 108 294 11 39 295 279 182 62 34 188 234 4 177 70 4 82 64 217 4 14 270 15 216 278 265 24 200 72 283 82 217 155 104 208 255 37 183 30 154 42 41 55 146 72 219 223 265 14 76 157 105 222 24 99 183 134 230 149 72 59 144 48 205 129 82 69 292 286 244 229 257 81 150 129 94 124 32 244 11 
237 207 268 48 93 49 254 221 222 297 10 2 155 287 71 95 146 8 183 299 173 33 130 47 64 8 223 230 193 88 11 74 117 18 92 53 190 164 168 225 86 260 80 141 75 292 111 233 247 170 136 8 131 186 223 156 26 295 65 29 47 1 98 153 210 196 59 264 78 186 230 256 157 214 9 220 8 248 24 40 71 154 162 3 95 116 58 247 264 80 200 53 61 101 147 154 297 157 211 273 
133 89 190 18 228 108 266 126 286 54 203 204 208 106 183 123 146 246 257 257 297 130 254 280 88 228 129 115 282 214 210 263 2 284 133 279 78 124 104 0 212 91 34 117 242 69 61 26 99 280 203 123 70 173 101 43 151 264 183 213 28 238 27 100 174 95 11 46 116 69 217 2 298 45 206 206 182 180 150 122 283 131 212 187 115 98 31 98 283 207 47 296 288 261 121 6 12 227 41 129 
69 47 59 80 30 290 240 205 91 202 145 108 162 257 100 193 91 224 118 117 223 232 156 144 137 148 230 254 21 159 169 106 90 91 225 298 233 2 286 144 159 127 94 68 79 129 83 255 247 227 116 91 184 56 214 245 44 85 45 3 276 151 145 294 59 91 94 43 42 171 298 164 95 244 193 105 46 128 273 59 122 216 299 102 86 10 53 254 233 95 34 3 30 208 47 245 75 238 96 20 
230 171 258 104 173 167 254 277 221 248 118 290 213 158 50 248 292 34 273 264 151 287 117 52 43 145 221 14 198 277 274 257 112 46 116 242 53 275 237 126 98 60 94 241 240 17 5 214 167 84 75 135 38 239 62 203 278 54 46 95 110 22 288 230 178 222 287 224 51 105 18 49 245 12 245 101 182 286 116 71 90 189 121 67 191 150 222 228 244 208 229 214 116 44 14 7 288 69 18 68 
141 191 57 162 175 65 115 105 239 47 183 213 42 160 208 95 198 52 127 55 220 90 148 4 283 244 144 3 147 170 255 292 58 160 227 233 239 126 113 183 204 19 86 218 146 17 232 257 166 138 194 28 194 60 110 65 197 149 182 191 67 186 9 52 24 236 218 117 226 12 77 173 129 107 193 16 3 193 190 259 68 295 87 46 164 126 223 68 102 183 120 32 163 52 260 210 252 204 35 59 
204 181 17 113 285 217 148 193 81 31 204 14 259 136 287 262 296 205 259 123 135 262 194 231 28 20 16 192 13 7 35 51 112 211 67 112 5 248 15 185 227 187 172 102 224 139 220 180 234 92 254 172 256 135 24 291 161 182 185 68 135 21 216 77 63 118 69 181 108 124 170 118 25 94 281 175 103 142 268 292 163 228 248 228 248 241 115 59 35 47 275 68 72 115 236 5 244 164 57 6 
243 270 278 66 172 31 190 116 227 276 154 142 139 32 109 43 20 116 217 274 166 230 194 1 298 84 294 255 116 59 169 169 210 1 109 31 200 186 289 218 249 138 21 261 61 32 106 37 67 57 163 293 137 260 47 274 281 88 205 202 250 86 136 259 204 293 293 59 84 28 165 9 216 83 95 2 2 104 5 166 14 123 138 24 180 143 104 165 10 12 71 239 219 110 294 68 109 155 268 287 
205 36 174 149 97 259 283 33 273 101 139 289 72 166 105 267 196 233 70 256 101 171 139 14 175 174 207 124 167 186 224 106 187 66 200 138 283 115 41 46 63 122 41 103 46 35 11 2 161 258 146 164 257 209 205 95 141 230 275 123 207 82 100 226 193 222 295 48 295 254 173 285 231 107 241 40 164 241 254 232 126 260 234 77 210 94 117 102 82 110 126 100 256 0 215 241 191 285 79 114 
172 280 199 46 214 245 37 136 41 52 13 46 248 57 136 19 214 227 103 206 269 223 292 92 92 23 275 68 62 10 132 81 79 53 223 212 220 167 23 263 153 69 279 188 91 149 283 150 274 35 239 136 15 92 165 107 151 67 63 243 90 138 206 293 140 2 197 120 96 217 93 128 270 219 66 86 262 274 238 165 197 239 285 104 139 282 273 221 230 73 15 54 266 279 45 166 166 210 221 258 
134 252 74 12 9 290 197 156 205 190 35 101 73 189 217 42 202 103 44 182 112 275 279 9 59 295 133 84 162 158 11 70 131 34 126 263 289 134 280 97 41 160 269 226 282 164 160 38 4 46 235 37 75 239 223 103 173 158 47 102 255 220 100 151 27 178 5 97 144 228 139 66 198 29 68 180 265 201 152 227 88 108 36 108 216 125 59 217 91 115 265 45 98 102 102 151 98 273 2 270 
138 211 47 104 75 216 92 271 254 38 82 139 202 103 105 17 162 184 119 87 233 226 197 173 230 268 246 104 162 285 7 105 156 20 190 104 49 121 269 246 100 34 55 16 35 254 228 221 190 200 147 233 128 131 153 118 20 44 213 299 282 193 8 32 42 281 5 217 135 156 191 154 284 81 157 191 251 229 63 151 243 49 8 131 280 279 207 180 92 120 129 144 224 90 91 177 227 188 180 174 
58 178 82 247 73 232 258 47 21 40 292 141 179 204 108 204 232 232 133 194 225 144 204 198 160 274 9 245 271 225 216 162 246 18 130 13 60 166 209 258 190 112 105 221 186 96 76 269 1 65 137 38 23 58 165 47 176 95 214 35 256 106 195 22 70 57 227 44 196 91 241 246 110 81 85 0 209 53 153 258 278 259 126 50 115 104 119 289 157 9 290 57 152 173 51 214 42 117 26 235 
54 143 108 56 272 61 248 286 180 100 261 259 128 212 68 79 257 149 24 277 2 187 154 285 123 230 66 86 15 0 13 184 66 155 37 120 276 242 42 155 58 284 242 244 258 31 167 108 289 154 51 255 212 177 52 233 22 239 238 2 149 286 110 125 119 118 212 86 31 63 51 155 24 253 151 272 213 169 291 55 77 142 56 79 102 35 102 50 192 162 178 181 243 233 131 295 293 21 93 58 
285 73 87 137 53 280 123 125 49 221 108 78 216 65 43 32 218 202 246 55 270 255 149 264 38 143 130 70 194 79 160 227 157 194 62 22 206 100 48 65 225 195 218 66 152 35 232 80 256 193 66 3 248 196 61 143 182 32 53 257 11 68 5 3 112 69 56 234 270 277 125 213 78 47 53 83 125 229 23 109 113 32 5 153 173 99 77 30 130 190 18 206 199 60 240 80 185 211 277 65 
226 267 6 272 15 106 277 29 65 14 68 192 265 59 6 167 286 167 169 157 178 55 104 299 64 288 289 42 53 214 37 47 206 191 159 172 153 115 155 268 157 255 200 121 23 59 279 43 50 137 129 175 31 142 123 89 238 215 93 27 68 285 45 43 137 164 164 187 83 230 113 275 279 242 233 75 44 23 299 82 254 68 197 222 165 44 123 0 46 230 242 54 221 240 139 27 236 27 253 83 
102 148 148 155 103 98 200 120 255 28 38 187 10 16 297 124 231 200 144 155 0 183 73 66 76 8 193 269 10 51 274 78 281 248 221 188 217 4 214 242 293 221 236 236 53 33 65 290 54 126 66 188 39 20 11 124 243 228 245 277 88 68 155 208 266 82 22 54 172 102 69 178 34 166 97 35 275 32 22 219 133 214 197 193 256 117 122 212 231 152 69 133 61 70 41 67 210 255 177 237 
108 131 243 120 261 3 125 169 162 288 70 129 9 273 209 143 170 272 160 130 231 209 231 284 206 114 126 97 239 174 277 156 222 223 198 279 266 285 24 118 151 201 262 254 294 86 78 174 26 51 160 65 0 174 201 181 226 183 252 28 89 231 110 37 70 206 108 153 46 107 295 138 45 204 131 155 11 82 208 94 287 145 5 295 45 99 282 13 251 285 77 110 131 59 299 170 163 69 32 128 
109 178 104 116 229 220 159 272 252 132 272 50 14 275 261 242 140 148 6 172 94 97 11 248 50 273 98 220 238 96 42 205 166 184 152 282 86 237 12 137 222 124 204 287 287 88 43 291 233 162 205 286 65 150 172 229 2 61 58 218 86 265 30 76 238 23 204 262 250 36 237 66 197 86 109 26 277 292 47 274 49 65 11 119 296 140 270 299 14 59 67 170 60 50 131 53 285 71 122 257 
281 292 97 26 92 227 220 285 113 160 121 110 288 83 20 170 210 292 256 284 258 48 141 78 199 118 235 195 109 214 240 3 0 245 138 142 200 198 172 256 250 22 57 41 185 162 96 12 120 157 201 101 247 287 164 287 136 234 10 255 153 86 116 203 47 60 219 122 85 131 96 33 29 141 203 93 89 289 299 185 298 279 123 54 197 45 216 241 295 252 142 238 31 31 80 35 121 195 252 130 
150 202 226 278 221 102 115 111 84 264 257 165 103 270 225 263 167 269 82 188 187 163 64 262 268 67 259 77 279 277 161 78 111 264 157 292 115 91 137 163 164 164 230 232 287 231 287 104 158 287 272 48 49 44 160 139 127 96 77 242 236 19 222 237 185 49 184 179 294 219 25 132 64 12 143 269 227 93 45 104 110 235 199 40 8 205 62 31 81 197 26 250 161 267 123 261 36 67 173 111 
199 90 120 60 258 41 86 229 23 181 243 280 269 130 208 57 85 117 83 252 105 59 262 121 18 128 204 256 195 72 183 164 226 109 144 5 263 129 49 268 130 118 81 164 158 99 209 59 219 176 121 7 156 81 209 78 58 3 53 187 207 199 6 17 62 35 135 76 134 66 186 146 65 16 204 112 39 246 12 278 11 243 22 49 89 11 155 18 57 54 74 297 19 57 134 20 120 292 111 209 
168 187 155 291 231 119 106 64 49 188 191 46 153 173 144 219 109 37 52 69 216 239 220 224 188 100 260 123 267 101 78 252 68 205 38 135 257 68 264 47 195 88 20 234 56 282 1 180 88 296 20 99 259 278 57 18 78 66 38 183 196 41 282 44 147 11 157 213 31 194 171 274 98 250 206 216 292 215 16 46 41 135 211 112 101 49 38 256 192 267 125 191 90 20 29 211 56 73 195 230 
96 157 201 281 13 94 85 234 291 143 132 51 157 10 278 180 15 262 28 130 142 90 241 209 258 107 298 127 56 140 236 94 84 282 48 252 273 81 196 69 38 234 239 281 99 26 299 46 29 189 242 120 149 71 43 267 164 201 21 293 211 3 28 285 189 84 14 63 85 86 9 237 44 148 208 245 4 30 59 123 130 256 143 126 5 190 145 166 63 62 78 289 196 98 87 246 124 111 157 169 
194 262 59 189 107 210 263 2 83 215 207 195 62 261 13 299 41 172 269 46 268 74 133 54 159 73 293 267 264 268 12 188 288 136 246 182 287 139 40 234 121 283 85 278 294 23 279 212 134 152 29 279 246 290 298 246 122 57 26 130 271 58 135 14 294 220 271 77 33 280 59 139 210 284 175 264 150 259 84 125 32 78 111 8 162 185 165 39 246 85 62 28 233 209 125 136 81 198 232 32 
49 208 20 138 149 213 88 208 113 44 58 250 22 10 262 83 263 132 210 130 270 210 213 221 227 81 236 257 124 3 126 179 166 191 43 235 210 139 231 275 124 18 8 219 100 217 193 150 294 62 61 35 168 254 188 205 289 259 199 171 8 210 185 24 136 193 192 58 143 281 50 261 178 82 190 283 203 15 154 198 218 271 190 190 292 59 229 279 210 258 30 288 20 240 170 133 273 175 52 19 
1 99 152 2 232 62 148 48 43 262 56 283 192 15 222 82 35 177 177 48 274 287 29 74 293 59 75 52 43 256 117 249 247 66 209 2 230 17 134 36 103 132 75 297 32 47 227 256 161 167 205 16 291 17 141 279 298 77 230 87 170 184 269 1 215 232 61 68 239 64 221 260 276 40 255 35 5 10 195 241 9 68 51 127 286 44 60 107 49 118 189 122 207 236 70 47 149 260 112 146 
55 281 163 151 93 215 4 98 176 144 260 114 128 35 21 93 86 264 67 284 95 212 182 207 225 15 298 211 234 191 34 14 159 111 261 159 295 259 98 186 160 154 176 114 269 261 82 293 101 298 154 52 166 273 263 129 189 89 279 105 226 75 63 189 295 222 268 122 62 95 242 107 270 135 209 128 97 88 137 17 267 129 66 109 94 256 290 43 187 219 23 192 24 111 32 27 58 11 150 161 
81 12 142 201 137 179 13 63 143 4 56 51 277 201 225 37 154 230 150 78 198 160 121 125 232 39 143 247 273 69 257 156 80 88 235 111 186 238 151 80 20 35 270 52 151 287 141 41 263 6 131 130 191 128 112 41 100 12 129 246 251 84 87 103 96 74 294 55 65 29 271 59 44 227 247 16 128 154 1 276 141 176 185 163 93 104 54 161 246 129 55 185 29 137 122 250 105 298 285 15 
145 260 5 36 170 231 115 6 41 30 44 20 87 109 132 248 53 158 218 132 262 30 151 30 135 71 225 32 22 69 210 112 23 133 265 95 131 180 74 292 213 208 60 67 69 251 56 159 15 129 124 217 253 272 83 49 252 190 271 242 208 6 3 138 86 50 79 243 198 248 152 8 289 171 216 34 132 61 5 34 74 242 176 31 126 118 242 116 25 126 26 152 91 241 98 252 275 270 191 209 
284 126 177 63 8 299 132 157 96 140 263 122 54 259 190 111 99 280 259 5 217 108 97 294 278 215 125 151 93 81 293 69 240 279 77 233 231 232 107 256 252 6 110 2 136 263 171 113 25 111 292 162 53 224 176 280 213 214 282 104 233 268 129 259 63 117 45 265 210 43 127 75 1 50 127 128 256 102 297 13 138 246 268 101 244 256 171 81 85 273 264 145 174 274 123 63 152 195 71 209 
152 127 255 73 114 244 160 186 173 153 269 174 174 29 11 7 99 218 274 183 254 165 235 147 26 72 180 52 248 281 180 83 294 45 76 267 240 169 118 2 276 51 168 110 12 48 45 267 209 281 21 296 255 80 187 185 250 296 90 56 3 120 129 112 123 116 84 257 35 252 214 270 136 28 124 291 5 172 26 139 295 13 268 113 261 85 280 241 100 244 122 181 168 235 140 288 288 288 24 31 
294 65 254 187 90 245 282 106 213 148 174 185 133 179 220 81 123 157 174 129 56 272 65 296 44 294 199 71 292 137 292 197 118 261 284 52 26 189 171 27 35 97 277 166 58 202 127 2 98 150 25 102 285 130 222 16 234 78 61 228 268 272 233 114 18 131 175 139 91 176 134 217 79 222 87 86 191 267 226 130 14 267 157 180 248 100 240 83 15 242 277 29 200 56 5 63 79 183 198 118 
258 151 62 126 63 103 56 45 283 20 166 170 210 285 27 190 61 158 257 151 7 190 165 76 31 117 82 112 24 234 195 234 186 285 65 284 104 264 137 250 171 171 13 50 298 30 253 126 31 138 120 34 101 134 176 46 61 112 290 213 186 114 201 267 232 146 98 248 236 210 176 147 86 292 285 250 63 133 192 18 222 106 29 26 197 235 126 215 183 224 267 106 4 98 120 65 235 63 169 58 
227 20 190 78 181 277 8 70 265 110 161 103 223 53 127 211 204 96 27 298 113 33 67 150 291 35 120 47 132 59 298 74 57 254 160 128 200 88 132 261 103 286 110 249 182 104 80 95 270 266 195 13 290 112 32 59 203 191 169 171 146 18 257 75 273 17 164 149 10 212 184 164 286 128 93 200 166 270 67 100 114 136 242 246 175 195 77 231 63 41 199 227 26 120 130 163 271 256 16 128 
204 98 276 203 262 184 125 164 204 95 281 236 201 110 112 290 292 181 74 51 244 6 10 144 244 106 121 156 248 231 227 27 65 225 0 58 18 215 117 20 11 19 64 65 198 240 217 269 184 259 71 258 185 180 267 122 263 147 146 127 80 215 73 104 298 129 132 261 218 256 55 221 232 43 41 3 218 51 266 46 51 183 4 46 71 9 232 60 204 72 105 236 278 291 129 60 134 78 96 95 
131 155 282 251 299 26 288 120 245 50 133 291 122 0 121 57 25 113 34 200 78 71 115 294 299 219 37 195 62 201 200 202 69 240 178 2 299 192 294 39 202 53 27 170 245 287 218 57 112 158 270 112 186 102 70 135 70 7 204 181 25 253 164 136 215 216 219 198 280 26 197 167 89 57 121 24 227 46 211 264 267 254 230 9 119 77 219 277 60 104 34 57 160 55 128 210 162 198 149 102 
47 139 286 33 79 33 85 261 233 244 96 114 107 157 208 239 262 106 59 157 281 73 135 69 195 50 12 87 109 115 276 179 128 239 30 85 52 133 225 61 250 106 181 33 48 33 62 17 155 163 64 35 180 123 275 63 77 146 253 53 61 6 108 34 274 195 216 27 195 254 44 239 159 222 131 231 185 260 218 33 61 244 164 54 17 68 159 24 15 111 165 42 234 187 85 168 130 170 75 142 
269 103 209 181 196 207 152 206 51 262 163 141 0 11 134 80 157 43 285 235 108 78 153 215 115 186 79 92 228 188 229 176 178 264 290 73 120 205 138 72 153 105 84 102 21 54 198 63 72 153 190 258 77 38 198 112 196 12 63 185 91 270 273 287 297 138 254 8 48 57 127 34 176 271 39 180 24 56 195 140 141 252 139 115 201 143 99 97 50 16 271 158 35 63 290 56 206 164 265 213 
123 130 77 15 208 15 279 107 5 162 251 3 85 71 98 103 53 242 267 254 185 294 73 132 297 111 78 51 134 130 123 154 41 52 226 125 44 206 188 118 110 279 201 128 163 218 96 190 257 178 104 18 216 155 271 159 9 82 16 123 209 100 56 29 196 280 228 26 88 159 286 287 150 175 1 178 180 50 98 276 100 255 17 278 204 150 299 31 254 145 32 282 170 251 228 12 298 132 86 167 
85 298 21 288 123 146 287 70 208 262 99 233 154 105 1 278 177 43 55 275 113 259 202 186 230 38 167 41 183 291 20 184 155 259 142 234 17 185 43 41 298 66 126 272 257 257 134 278 210 11 5 221 17 245 55 280 8 26 33 261 16 26 262 265 221 91 131 73 82 75 37 45 7 150 173 103 26 198 175 94 279 41 112 135 59 54 97 100 265 125 19 283 181 79 264 86 52 253 133 256 
183 265 286 126 98 115 99 140 80 13 32 161 273 97 208 286 155 30 153 61 269 293 251 225 285 177 90 174 119 49 228 173 218 297 188 282 76 205 96 35 121 13 293 269 20 255 117 150 44 145 263 273 59 162 18 173 128 181 156 178 71 96 229 246 71 274 56 23 52 174 252 110 277 70 98 156 119 240 171 34 122 136 84 58 120 210 113 216 4 177 58 66 164 85 210 204 50 29 23 191 
79 260 223 56 201 52 236 251 279 215 26 84 146 62 18 29 207 295 186 114 190 115 208 58 157 24 49 211 190 120 231 268 284 238 133 232 37 124 141 169 283 225 10 250 92 183 19 150 16 85 263 295 261 171 103 162 255 130 253 267 11 102 278 98 68 269 166 235 284 241 202 176 88 193 279 49 195 184 89 9 153 190 195 258 143 216 217 105 233 62 161 43 30 59 70 11 271 283 210 1 
67 123 288 294 190 19 257 5 216 276 14 74 28 204 233 104 256 282 43 168 243 28 183 44 151 167 237 53 8 66 117 66 133 251 45 228 192 247 0 42 39 271 93 136 193 63 131 274 245 233 26 283 11 213 22 282 169 299 218 158 68 6 4 201 223 200 143 274 142 238 129 287 135 102 10 240 241 45 136 6 178 190 20 6 167 244 14 237 237 23 37 248 114 205 85 152 296 238 196 176 
57 23 230 174 104 35 60 218 72 244 200 12 110 104 99 73 83 297 131 57 98 33 234 228 283 213 77 29 177 166 134 202 97 182 88 101 67 297 225 18 125 195 35 174 126 87 86 79 40 88 173 162 153 287 229 293 186 290 261 149 74 175 4 203 129 276 24 73 104 273 236 111 16 215 257 42 297 111 48 38 26 18 108 207 25 68 94 89 140 70 184 132 154 85 233 52 126 4 20 65 
118 181 137 255 135 62 110 206 220 281 175 280 200 94 236 217 131 157 281 218 73 271 189 265 177 149 35 9 272 50 258 287 70 96 188 292 207 143 274 52 282 193 202 190 198 1 57 256 43 60 26 297 248 85 190 142 192 274 201 286 186 271 21 85 43 159 34 251 39 3 57 208 96 269 245 275 130 37 167 20 56 116 145 166 173 218 62 89 139 200 7 215 232 170 221 145 246 0 297 248 
273 40 272 240 162 31 172 261 178 180 130 280 59 286 238 53 130 20 80 39 150 127 145 279 47 263 205 17 111 149 18 187 225 257 57 11 107 58 231 258 98 218 75 38 295 164 189 234 36 150 186 60 275 184 119 84 175 278 187 57 229 162 157 155 188 238 221 160 12 27 54 264 255 214 296 104 233 169 127 76 26 85 255 55 65 126 221 56 199 84 274 227 144 189 283 261 162 280 105 224 
120 208 21 197 188 112 155 187 64 49 66 32 130 272 223 134 118 74 87 4 12 0 46 21 98 12 218 102 18 122 279 79 160 299 128 161 74 36 10 103 105 149 268 138 60 275 98 239 95 102 6 259 113 51 275 273 180 35 100 191 5 148 81 172 255 196 220 282 69 251 119 268 196 140 143 122 233 166 248 151 79 257 112 275 275 44 6 217 281 28 279 31 174 255 282 285 150 186 55 102 
296 203 73 169 68 86 153 292 9 266 78 86 278 236 90 150 46 63 141 58 274 253 57 109 122 82 117 168 149 49 279 19 192 15 27 195 109 184 73 47 215 270 86 0 126 173 209 113 45 236 89 271 94 38 285 32 216 117 152 79 243 133 114 215 196 120 171 243 165 121 194 172 159 55 109 81 240 59 215 4 68 204 218 202 163 1 94 261 233 156 190 271 84 143 270 227 157 32 124 138 
37 181 290 204 223 3 180 256 71 278 210 187 84 18 69 297 129 188 34 212 257 108 95 211 281 146 33 46 67 274 274 215 52 276 184 200 56 216 129 86 253 215 72 146 69 142 208 9 133 78 268 249 11 128 199 126 66 138 13 14 185 51 5 245 96 247 80 203 289 102 190 71 114 244 267 216 6 49 37 58 3 8 276 128 292 145 198 119 226 275 161 93 83 206 1 163 73 161 166 12 
56 79 121 15 239 72 138 86 188 194 90 236 290 241 218 88 239 170 256 159 78 110 112 200 106 31 146 14 52 15 110 6 97 149 288 90 204 228 145 132 111 205 133 267 75 273 6 22 65 123 133 186 290 255 88 203 6 198 288 210 253 100 0 26 97 56 117 235 172 274 200 150 14 259 165 50 89 292 232 142 289 104 57 180 57 252 88 58 142 88 143 99 23 268 100 192 212 118 270 63 
36 133 227 188 9 43 81 18 193 115 273 216 104 26 289 217 131 271 164 273 79 160 156 133 198 299 263 180 73 5 238 58 275 122 202 13 217 189 179 207 235 85 183 128 113 240 151 16 189 175 12 175 192 18 173 231 76 270 119 53 17 192 145 268 294 184 181 83 166 173 254 257 186 10 139 285 289 50 268 63 195 125 116 81 62 211 239 54 71 252 49 293 223 204 215 17 289 27 68 136 
155 184 66 244 279 91 262 245 216 33 165 212 208 71 4 191 109 266 199 94 259 273 50 102 144 208 36 292 143 51 187 69 261 154 143 147 201 155 54 86 181 180 228 224 209 99 157 193 296 55 160 283 9 98 100 69 140 116 32 91 0 53 206 193 131 261 241 15 228 163 205 141 249 23 279 294 2 85 1 95 92 163 29 21 176 210 29 202 142 184 155 276 130 192 214 146 158 227 120 100 
298 29 49 93 191 11 73 20 181 132 13 88 8 249 184 111 241 161 111 161 294 249 225 280 118 216 9 46 170 87 37 258 169 103 204 248 252 267 25 72 37 108 122 289 60 221 228 295 108 128 240 61 177 190 26 174 19 210 276 266 138 85 278 113 25 292 137 96 15 127 257 87 276 273 34 30 42 196 232 147 240 118 59 271 47 299 43 264 266 213 116 202 274 46 100 161 107 133 63 283 
41 172 116 41 67 284 207 231 216 237 2 116 122 95 288 143 99 13 258 60 126 29 276 198 131 205 156 65 178 57 116 271 298 193 86 210 201 23 179 100 22 84 41 281 165 224 34 153 238 11 21 276 49 223 219 154 101 106 64 226 128 56 207 144 257 94 247 10 95 205 8 92 41 189 217 0 170 159 287 293 240 253 278 26 215 222 227 57 51 142 9 116 102 119 0 172 67 55 247 124 
52 35 129 125 193 217 198 291 293 155 150 42 24 144 143 294 57 78 127 12 22 216 276 175 238 160 207 245 183 205 298 173 105 83 130 229 105 243 216 47 117 89 143 170 282 31 94 6 235 276 262 211 62 208 280 214 128 189 188 209 34 115 112 281 205 244 278 21 13 252 3 232 46 235 267 127 79 210 277 252 264 259 62 34 225 111 136 279 224 114 51 22 91 166 33 108 265 43 91 77 
259 243 292 10 145 164 272 54 191 150 199 162 17 299 234 13 210 260 158 288 200 166 93 237 195 84 138 50 21 267 104 52 193 192 45 181 2 4 59 275 229 2 272 198 225 228 270 99 251 39 293 26 91 205 48 21 234 11 233 174 164 296 265 59 171 51 291 84 24 84 276 205 182 194 135 129 109 11 274 130 293 9 85 149 283 223 277 64 295 131 159 250 78 106 138 163 258 157 291 28 
184 223 288 74 113 67 62 226 281 235 238 96 287 104 78 84 293 237 253 8 146 2 225 16 269 134 172 214 225 17 139 89 237 101 41 236 123 67 260 299 44 53 99 78 58 211 16 161 156 26 126 282 28 34 33 249 202 279 225 84 85 219 129 83 268 63 97 60 155 129 1 222 122 275 143 203 105 255 139 10 100 130 170 66 285 79 257 292 32 2 46 131 90 100 283 126 117 12 234 106 
94 22 186 144 0 211 207 225 269 142 91 136 179 186 67 196 272 195 32 131 5 121 159 198 267 35 127 169 47 216 246 285 64 0 53 281 186 297 276 146 261 91 176 75 35 289 155 259 118 160 93 116 289 90 9 148 217 48 184 274 215 68 207 163 196 126 103 153 111 295 248 223 239 162 103 3 200 231 17 165 191 93 242 68 113 217 154 98 147 207 274 131 96 291 111 154 263 208 36 151 
232 131 77 200 228 64 238 163 267 265 216 72 266 91 146 79 193 176 200 20 206 257 16 169 95 201 97 299 44 167 253 1 93 25 257 73 198 80 122 240 116 106 170 161 127 61 37 9 4 201 237 233 18 257 168 23 71 11 153 86 160 198 52 65 165 123 138 226 125 74 256 83 186 230 42 168 31 159 111 58 279 56 71 151 210 108 45 27 77 160 87 127 38 145 63 176 240 39 183 26 
60 187 174 178 237 73 144 244 10 14 36 125 5 127 89 268 54 257 99 155 84 184 183 17 179 197 84 2 207 241 35 130 228 206 278 17 127 104 104 263 267 4 4 15 299 268 295 65 195 296 147 249 25 11 13 274 27 217 209 150 38 127 156 82 125 59 99 62 229 146 134 19 251 215 211 200 260 26 105 146 17 161 35 186 24 234 293 0 261 181 232 194 32 227 225 142 289 291 236 7 
146 156 226 257 45 283 285 292 121 242 254 99 247 133 148 217 192 172 59 52 42 14 215 180 82 96 30 126 235 289 287 53 36 84 288 77 246 283 119 203 198 19 128 200 150 207 262 125 2 138 159 105 297 147 249 89 231 283 215 101 149 249 247 4 47 208 213 30 286 171 3 184 166 121 90 76 33 152 294 197 45 206 62 89 66 292 158 173 20 267 236 225 24 84 212 100 220 268 39 158 
272 247 263 52 194 40 257 208 77 282 218 95 274 82 78 18 227 137 234 220 176 220 65 4 63 212 10 49 119 163 256 151 88 256 53 168 69 97 223 100 6 127 180 9 164 66 204 230 66 151 65 85 53 10 190 31 139 36 265 62 263 225 66 254 92 189 131 17 208 7 101 136 111 227 54 103 216 112 189 111 175 245 171 197 24 102 48 289 35 265 37 25 97 74 90 199 277 178 15 2 
182 247 287 160 64 60 282 215 154 214 92 201 23 212 108 221 59 219 25 212 8 89 150 188 292 267 33 38 50 140 295 18 152 87 126 63 175 92 38 112 289 252 188 66 150 51 228 22 182 245 290 218 21 7 28 40 105 278 210 143 20 130 254 232 74 297 240 194 61 94 196 201 293 236 139 284 271 10 84 71 172 129 192 216 279 167 27 104 19 222 88 101 74 16 243 185 55 169 107 185 
281 19 227 59 31 40 52 257 275 81 90 275 70 46 165 66 162 190 168 278 111 164 185 161 238 214 48 85 163 257 249 124 265 94 167 134 187 63 250 71 125 165 231 9 39 264 223 248 285 79 269 224 77 170 264 183 44 149 248 276 223 215 208 283 53 127 220 206 137 102 239 67 258 245 156 286 164 284 264 294 277 115 184 179 172 299 5 155 234 256 227 37 19 155 270 189 158 39 22 162 
115 180 242 72 217 145 143 222 25 297 134 123 237 252 299 11 108 240 272 276 53 20 97 122 155 115 41 20 268 256 5 191 280 113 195 168 223 238 110 37 21 123 96 208 206 28 96 296 91 72 209 72 259 32 138 217 61 65 172 10 78 257 237 86 146 149 250 153 232 271 31 87 145 15 126 209 231 126 257 110 78 75 144 285 48 28 62 11 292 268 235 144 220 159 150 141 253 97 11 12 
43 104 120 127 212 179 184 270 137 35 232 0 156 253 253 112 288 60 146 200 158 249 278 194 40 128 176 188 231 224 295 21 132 10 252 22 163 58 214 91 152 294 168 283 231 239 28 269 122 21 164 212 227 127 101 183 251 207 44 197 265 195 100 204 44 71 103 168 61 149 172 223 211 83 177 279 171 28 78 224 202 50 61 46 128 250 88 292 12 116 16 38 234 268 75 73 135 50 48 169 
95 282 298 204 259 99 170 44 297 77 189 200 221 263 142 207 241 158 103 286 121 56 253 185 39 265 252 127 33 184 61 161 208 212 148 24 247 209 93 70 57 168 270 6 43 125 181 299 141 192 226 15 214 134 184 16 107 166 144 219 272 91 213 252 237 60 94 64 68 297 289 220 222 15 174 71 207 139 84 34 225 115 85 115 72 242 31 112 220 14 145 153 267 2 76 85 142 200 56 151 
153 59 167 59 53 294 171 9 294 157 153 188 249 288 260 180 247 45 24 56 150 148 269 189 296 222 223 41 6 78 103 271 275 0 65 91 269 135 247 220 191 144 126 145 91 97 212 285 98 122 150 170 230 267 75 103 19 169 152 104 38 294 53 262 49 203 192 152 79 140 69 62 259 39 206 256 154 128 79 61 194 61 32 76 248 32 170 126 102 209 200 162 133 78 39 245 28 32 120 186 
82 264 188 41 101 194 260 42 32 225 259 157 74 299 92 67 47 265 248 144 82 82 203 34 216 256 14 100 76 192 53 136 171 296 270 250 26 242 54 195 142 158 54 245 23 46 85 107 32 118 148 59 274 75 58 18 266 148 173 287 92 202 296 152 294 115 30 37 50 22 255 43 259 297 22 180 61 129 263 296 294 33 294 95 163 84 31 40 252 268 163 58 121 159 283 216 154 265 164 270 
264 222 227 249 148 38 169 72 187 213 78 201 286 152 222 198 12 185 220 1 102 94 82 48 78 201 16 217 248 183 152 269 264 74 266 183 132 135 149 183 1 148 214 264 115 78 188 263 19 267 219 169 235 161 9 178 256 118 261 111 63 199 222 273 92 287 4 179 292 142 265 130 284 57 255 91 178 272 160 273 296 29 94 115 24 238 103 60 218 274 20 193 208 44 286 175 257 16 33 14 
163 70 1 81 188 245 49 95 67 124 90 97 24 211 104 217 136 116 142 254 137 175 288 93 186 203 268 255 82 262 282 64 142 64 93 224 236 158 145 292 125 88 146 127 95 205 8 85 95 19 117 276 125 43 265 9 254 262 212 213 257 131 109 172 245 291 157 3 129 258 153 165 125 80 44 203 236 76 200 68 15 196 4 261 69 277 178 114 27 264 175 1 118 249 107 60 283 15 25 109 
174 81 222 72 126 39 17 156 156 135 271 50 266 125 159 231 30 286 125 280 146 249 263 190 74 84 233 210 289 296 45 27 20 9 97 67 81 269 143 100 62 207 77 118 76 281 254 292 75 93 165 214 175 186 297 242 241 210 77 247 186 187 181 25 19 36 152 247 65 102 255 137 211 23 174 266 298 297 178 273 213 94 90 198 33 134 218 99 6 21 193 163 255 71 177 255 202 102 265 108 
211 67 266 24 295 163 18 184 176 203 33 21 227 237 228 46 133 53 276 94 34 249 3 86 135 57 198 125 37 121 110 249 243 115 166 233 245 51 93 137 209 90 72 6 238 243 67 11 110 228 41 211 28 208 261 47 287 151 50 262 202 123 161 112 240 30 69 28 205 56 55 61 122 142 164 210 45 79 0 181 257 106 32 221 1 256 18 52 66 251 262 47 246 16 225 131 242 57 234 288 
288 125 289 56 62 76 159 78 85 58 81 248 89 127 248 149 136 28 157 35 113 221 243 148 196 214 237 87 143 67 32 114 218 115 9 98 2 163 291 234 270 2 31 107 215 196 239 40 162 105 232 273 264 247 147 149 82 115 139 292 296 228 157 262 258 128 168 162 105 43 38 26 219 81 271 187 167 76 68 24 143 46 222 142 110 215 116 158 176 126 298 294 12 268 248 104 177 14 279 293 
292 213 202 254 257 207 51 193 132 59 219 49 54 287 43 25 200 237 205 234 227 100 50 280 57 212 25 68 187 33 224 275 171 32 94 101 19 170 293 126 123 201 84 289 276 109 175 172 5 119 249 91 87 0 195 140 55 243 160 233 70 51 249 260 113 288 141 108 78 176 243 61 43 51 211 266 64 6 298 37 90 63 138 59 51 66 133 264 123 174 137 33 221 254 232 4 274 197 89 235 
249 37 55 109 153 52 192 222 47 248 56 209 243 100 71 191 219 254 265 49 65 248 160 254 206 202 19 298 172 36 265 26 221 111 240 149 236 209 271 87 28 287 94 184 7 287 68 27 237 293 285 159 244 65 145 137 230 165 153 271 44 145 177 81 290 204 113 198 269 220 240 278 52 82 186 289 182 211 229 190 218 294 126 29 248 257 61 238 108 161 242 87 25 122 149 283 159 95 156 176 
