100 171 48 235 98 43 25 287 261 285 159 93 177 199 60 108 96 186 12 286 111 73 102 39 56 251 247 293 278 55 282 110 35 95 260 261 210 283 138 288 185 23 165 214 284 79 107 169 231 151 147 6 224 54 55 231 177 242 164 0 257 49 287 54 52 263 282 273 164 164 73 101 205 138 263 286 196 178 280 258 104 299 71 219 25 20 222 106 102 164 145 191 44 206 57 122 179 110 167 30 
8 260 188 180 108 51 185 114 169 227 121 268 226 195 246 158 164 206 125 187 82 114 146 162 112 157 216 160 171 64 153 77 99 197 105 150 243 241 43 150 30 194 108 199 294 297 50 15 33 156 256 72 193 258 204 225 244 15 192 118 73 249 194 214 201 11 178 274 250 121 165 101 283 132 147 282 100 163 213 262 137 194 129 255 37 251 105 84 165 166 73 181 120 118 292 289 17 244 93 218 
55 93 196 297 106 68 112 191 23 41 177 95 280 157 1 237 3 113 182 22 70 280 252 137 73 249 165 209 92 190 104 216 81 259 226 116 180 142 178 128 36 241 136 93 177 156 256 21 242 25 220 16 164 137 115 46 47 21 180 232 146 16 194 41 270 47 33 159 0 170 281 174 166 269 197 93 152 184 178 49 123 162 53 90 59 24 51 267 283 167 184 100 70 139 147 133 255 243 139 146 
127 285 224 273 34 292 15 116 35 275 284 227 45 260 295 192 274 177 249 165 13 85 79 178 296 282 11 4 295 269 250 117 4 91 213 41 283 107 200 131 28 47 288 205 294 284 109 221 234 276 191 276 24 270 144 18 201 49 2 202 39 101 256 295 209 174 115 265 46 269 103 105 207 156 104 229 178 261 142 99 174 46 131 4 97 207 207 187 97 220 232 142 158 145 227 297 62 200 198 167 
214 62 164 213 261 208 246 219 234 243 224 228 67 222 51 89 67 179 148 211 207 92 149 181 85 139 282 88 93 108 162 205 236 34 235 90 145 117 92 165 222 183 98 201 28 152 201 207 195 30 159 232 260 232 229 75 71 278 225 17 167 18 272 76 52 158 84 89 260 178 221 257 121 287 24 66 46 129 164 73 100 64 252 47 291 25 284 84 29 87 172 159 162 163 126 144 25 5 296 50 
114 228 140 225 240 298 110 219 117 187 251 236 155 50 151 4 113 29 90 72 295 285 223 5 194 150 53 76 140 72 169 297 218 118 195 67 110 113 216 79 244 245 44 84 160 147 97 238 242 154 56 202 292 252 94 266 155 204 250 46 176 249 120 177 261 208 93 16 16 230 146 151 4 28 54 205 38 212 12 75 1 80 88 216 72 32 17 107 272 19 111 60 134 58 46 124 6 71 38 111 
174 36 124 127 16 74 225 259 1 163 38 153 58 238 60 248 141 130 236 280 85 209 129 263 273 147 193 220 222 125 6 94 215 183 154 183 37 198 233 41 222 178 25 137 287 232 10 243 197 241 51 289 207 162 65 103 10 26 290 38 185 33 33 207 167 284 156 119 266 97 222 152 29 33 178 107 265 214 176 212 228 262 71 258 290 276 10 227 84 133 50 70 78 232 91 231 115 14 35 151 
244 41 96 293 73 194 86 231 47 80 60 73 47 111 122 30 61 165 19 261 229 68 232 228 25 212 280 150 267 42 73 282 118 117 131 133 231 159 112 97 263 207 100 108 257 74 181 2 21 84 250 291 94 189 243 7 159 200 173 84 218 62 172 169 209 82 200 219 203 87 275 280 245 211 163 206 183 295 209 127 9 102 126 10 261 22 77 260 20 72 232 56 193 68 214 156 177 82 205 126 
112 231 9 273 138 90 13 227 145 12 108 170 10 30 31 50 234 83 173 291 151 213 26 160 104 48 97 7 193 264 83 1 138 238 93 92 257 54 86 31 82 59 272 58 111 160 53 211 36 282 55 256 109 122 220 90 54 148 203 269 166 192 239 197 190 284 91 101 28 54 278 282 195 200 272 266 177 93 244 292 88 161 227 235 86 107 144 279 203 146 194 148 11 143 139 234 28 106 151 123 
80 291 53 279 139 57 59 89 244 43 88 135 62 87 209 287 185 57 296 231 4 277 149 230 21 68 117 204 39 170 133 196 20 271 107 263 227 16 7 44 191 69 69 14 257 125 37 98 178 203 70 49 165 10 296 60 59 31 140 198 68 139 181 114 125 53 36 38 63 156 199 299 167 172 267 42 129 129 31 38 118 221 28 179 85 36 42 198 66 141 3 282 14 130 123 90 250 266 164 116 
42 118 103 210 67 170 98 167 23 89 223 228 161 268 229 95 121 279 117 228 86 84 40 54 202 97 31 124 21 156 287 177 248 41 3 52 56 154 142 240 79 17 165 44 170 243 233 146 220 224 60 149 6 195 14 219 84 15 234 100 138 278 30 36 58 185 263 287 141 28 112 183 56 288 22 149 18 22 164 120 19 277 227 118 187 179 117 49 163 292 266 125 178 32 15 246 172 178 99 261 
203 41 50 254 71 6 172 193 280 97 178 201 14 284 59 243 164 130 13 219 3 229 220 56 121 131 0 64 213 41 7 11 198 88 170 114 36 3 148 210 245 201 299 80 224 209 274 284 178 143 26 111 193 253 65 274 158 62 139 215 162 89 99 57 21 205 278 159 82 140 95 189 272 13 147 186 57 51 145 89 244 31 184 139 177 24 255 208 286 229 254 162 258 199 240 106 272 145 284 225 
165 136 207 70 294 158 110 184 82 298 224 58 19 249 275 120 190 127 60 145 140 45 31 236 130 173 168 52 264 235 127 147 134 7 94 248 87 35 8 171 91 70 80 146 134 97 23 46 293 173 231 156 101 233 256 140 130 181 180 9 81 15 214 266 193 66 83 241 198 260 225 18 95 148 27 58 194 255 153 5 2 206 99 264 120 61 80 43 201 183 217 278 47 202 183 226 137 251 145 211 
216 157 278 68 203 39 135 90 43 180 83 28 156 295 182 214 22 245 119 57 111 133 201 211 260 258 205 39 187 229 142 83 104 63 217 92 74 147 250 286 132 107 166 245 287 271 79 70 7 210 189 158 54 285 206 148 27 226 184 221 250 161 177 129 299 57 291 107 133 205 70 13 90 180 159 58 52 126 2 148 50 160 206 225 207 83 55 80 226 23 220 292 263 5 106 177 112 167 181 293 
288 172 242 257 180 260 108 236 295 216 147 20 232 41 214 112 181 233 183 156 13 79 281 207 81 12 165 238 228 262 265 270 106 100 225 192 47 114 299 154 87 254 94 273 40 215 29 105 169 37 112 41 82 237 135 291 189 63 274 114 139 225 57 162 248 173 201 175 202 290 282 22 221 287 35 220 171 185 127 193 262 126 177 221 66 250 278 240 23 197 201 291 176 216 0 24 161 136 61 186 
170 249 39 222 248 184 214 189 128 167 20 172 234 25 194 264 75 48 10 254 14 218 66 242 216 140 37 253 86 261 213 157 179 26 181 268 77 11 123 64 188 122 16 70 121 85 31 100 61 141 28 232 283 254 166 58 102 80 146 113 154 78 149 271 232 69 124 282 40 67 3 145 34 189 292 254 85 54 4 139 12 85 158 48 173 34 83 221 258 232 34 40 118 221 109 201 274 38 12 252 
60 137 76 123 259 253 86 193 271 276 209 78 59 242 166 240 53 209 82 193 246 32 273 238 57 241 249 239 188 6 21 72 117 7 115 272 195 240 240 295 257 220 262 69 274 94 174 121 114 63 44 196 0 201 103 147 108 26 273 29 167 156 263 137 249 56 41 22 13 124 124 0 207 17 24 284 2 93 244 271 141 37 63 32 64 166 296 78 163 21 170 135 110 281 78 78 149 292 124 286 
30 124 112 288 273 163 73 179 163 105 234 274 274 170 17 193 255 68 88 112 5 133 6 173 22 120 242 100 240 216 50 167 297 69 171 175 170 211 102 197 116 44 134 217 108 294 132 293 233 226 15 233 75 199 134 282 118 125 227 39 259 291 86 87 43 266 136 244 66 212 156 204 130 98 167 257 99 238 186 194 225 36 182 193 172 281 155 51 187 56 273 138 277 77 183 184 3 167 245 152 
22 243 125 82 112 169 220 155 161 289 170 14 208 206 151 15 85 5 183 124 121 222 217 43 184 58 239 156 254 5 29 223 222 142 283 267 143 235 283 104 259 199 156 91 125 57 91 93 93 259 20 197 91 6 197 132 92 251 37 113 212 287 20 85 141 279 52 17 214 55 7 139 24 112 268 282 65 152 135 257 165 221 77 53 6 172 47 158 210 231 41 91 200 65 250 101 76 281 274 175 
54 198 44 31 38 237 110 162 219 199 145 272 297 37 285 262 149 261 269 241 298 103 195 244 183 139 183 241 186 5 232 268 67 75 246 15 273 273 102 65 92 155 19 105 240 10 222 46 145 60 65 241 143 130 195 142 200 86 147 7 48 38 65 281 64 246 61 136 266 285 48 137 192 183 284 66 35 73 183 14 157 165 97 182 190 108 185 183 164 193 106 240 1 24 91 14 262 115 73 206 
169 128 200 83 134 95 135 94 213 153 244 262 126 153 135 127 270 157 293 277 158 125 84 184 6 272 145 91 256 195 95 173 229 90 58 159 74 143 234 100 135 106 97 238 164 243 74 45 12 162 291 57 247 160 178 50 215 253 143 51 211 181 9 121 82 251 238 41 245 64 4 201 144 180 250 77 22 235 142 272 164 234 72 74 95 188 242 92 3 295 217 192 66 141 224 105 226 20 140 25 
83 102 237 213 13 156 159 100 264 137 134 80 165 46 42 70 245 209 1 192 71 258 115 160 138 92 21 250 242 68 77 290 136 243 257 291 237 273 164 183 156 138 248 213 43 164 22 267 145 265 248 207 42 231 101 292 179 229 142 216 209 191 179 109 18 125 20 61 101 100 153 86 139 5 207 282 224 118 253 214 220 50 33 197 197 93 288 72 220 288 165 3 257 18 60 234 160 191 46 181 
49 196 162 189 164 15 272 36 81 100 17 39 98 132 282 58 107 156 170 243 29 90 228 75 110 236 146 209 260 166 123 84 48 189 280 196 21 23 297 163 85 160 220 230 150 153 246 121 1 293 156 99 283 58 41 103 149 261 47 226 26 184 71 34 55 195 237 90 138 65 75 15 129 280 112 122 21 7 176 188 66 167 107 286 166 168 243 129 114 38 90 168 76 127 274 171 217 163 187 80 
120 17 194 252 264 299 227 41 263 298 126 97 179 243 165 205 137 5 238 95 196 270 82 269 295 219 17 199 275 268 60 26 15 4 142 34 128 122 180 97 3 268 43 57 108 271 120 108 93 96 130 246 152 61 281 83 214 195 182 229 24 246 74 108 70 261 40 128 221 248 35 55 137 147 111 112 276 41 110 103 142 249 54 33 189 204 258 182 170 271 50 6 217 62 291 157 50 168 38 199 
297 233 208 231 178 70 178 209 100 196 193 181 195 84 16 42 176 121 169 28 174 39 38 146 66 43 25 95 150 282 90 87 269 134 295 128 2 286 124 66 251 109 204 123 172 30 147 295 37 135 18 136 144 36 156 269 38 9 71 160 15 274 178 164 207 97 272 172 268 253 229 37 94 183 99 262 70 230 216 217 187 55 25 169 172 144 286 62 125 8 173 245 224 188 252 173 139 269 167 69 
269 146 137 179 249 14 9 48 57 137 185 104 198 223 190 16 291 158 135 87 77 153 58 194 166 221 127 132 81 119 292 52 108 42 124 152 27 95 188 153 240 213 187 88 67 142 197 281 241 47 83 2 199 183 68 7 205 272 183 219 75 249 235 101 198 39 103 119 296 108 203 71 204 205 18 137 214 8 83 292 1 129 37 40 258 163 226 167 276 93 299 191 88 286 140 119 155 208 112 82 
249 172 2 144 5 130 243 122 282 14 58 160 228 299 239 37 4 288 8 47 23 108 89 268 274 86 164 264 270 133 128 107 170 192 49 273 6 122 120 284 176 115 223 19 249 130 196 61 185 82 103 239 0 90 96 245 150 34 9 42 175 275 256 235 98 74 193 174 47 260 211 235 19 224 23 251 1 205 48 55 270 129 213 87 28 222 228 84 283 209 33 250 44 209 166 42 198 17 60 19 
73 28 206 255 60 151 288 197 260 20 131 197 151 42 259 87 242 65 97 15 69 251 2 68 122 251 0 140 157 13 163 232 36 31 267 160 275 102 296 281 9 15 49 265 279 96 77 59 180 258 207 243 230 29 106 264 0 298 25 76 224 51 31 56 31 111 148 105 259 209 205 115 272 143 175 12 195 291 88 170 58 217 235 72 204 6 175 262 35 125 8 272 199 114 102 189 191 159 75 248 
101 298 93 162 282 167 39 21 162 160 122 145 129 138 51 278 127 274 231 133 298 16 255 14 209 46 105 213 123 8 99 47 80 127 183 7 111 128 10 154 105 294 297 96 121 262 92 204 56 254 169 106 99 135 229 227 138 288 245 264 44 72 44 231 165 279 151 222 138 244 189 65 167 245 111 183 137 40 131 232 239 125 73 61 218 227 298 239 296 239 81 36 109 206 162 67 215 299 216 63 
84 17 106 187 221 162 278 25 86 168 66 180 147 63 39 266 217 175 58 181 280 127 180 168 115 283 137 93 215 94 120 6 277 219 226 284 127 188 61 56 251 23 171 169 276 240 79 40 289 180 173 187 213 177 168 23 98 246 121 11 272 264 282 82 83 272 214 160 168 95 139 166 257 20 40 222 48 89 257 225 108 117 207 195 8 8 212 118 237 55 230 167 19 41 70 141 13 274 229 287 
288 280 238 132 35 127 11 201 136 169 281 111 254 274 220 10 104 232 164 21 217 246 80 3 112 114 173 253 281 105 66 4 284 206 37 214 58 17 247 100 279 69 211 47 279 83 140 144 227 258 160 220 29 268 151 135 62 170 21 7 212 15 19 193 116 125 60 228 138 45 43 256 199 272 91 265 109 289 228 276 297 20 48 158 42 212 192 117 242 58 231 211 269 274 15 68 128 257 215 241 
94 243 65 269 112 154 277 117 147 15 38 224 88 285 28 65 59 50 213 167 43 16 203 96 25 293 42 277 158 247 26 110 54 20 40 215 291 191 142 174 199 25 99 238 201 10 80 51 97 99 259 111 86 50 86 144 55 293 160 146 37 266 297 243 20 298 96 34 68 284 8 197 82 200 264 243 126 117 236 221 43 50 175 43 78 160 106 89 248 277 189 130 15 183 84 32 65 44 93 5 
262 260 281 131 219 163 223 231 211 21 240 195 95 211 135 127 220 68 13 220 295 21 185 56 169 160 24 61 208 267 155 14 18 243 79 6 239 182 30 98 28 198 188 280 86 63 49 65 168 0 97 245 33 285 168 189 98 224 135 62 35 225 274 175 239 54 172 106 213 202 272 107 104 153 25 70 94 137 224 292 69 136 172 259 166 170 258 29 194 256 286 154 246 49 106 113 250 204 110 273 
86 182 0 196 27 285 73 211 135 69 263 15 263 254 60 244 177 155 239 112 7 274 30 14 10 187 8 283 234 1 195 93 109 290 32 135 274 90 178 172 136 180 8 11 43 160 239 198 23 232 64 277 107 17 61 266 275 96 66 51 200 17 110 115 11 207 287 133 245 125 194 205 294 97 94 60 229 21 64 278 131 206 179 270 58 189 65 258 156 243 33 279 212 249 83 199 88 92 145 233 
131 137 195 50 117 228 193 10 32 166 143 224 174 88 1 201 245 155 105 189 182 240 198 168 225 157 298 265 83 81 54 85 249 74 3 66 48 125 105 116 85 18 128 96 227 207 111 87 179 241 160 145 84 248 143 90 251 259 283 281 76 122 262 3 70 209 56 198 75 121 98 131 80 61 159 205 143 197 56 148 29 270 292 132 39 34 86 117 128 173 150 70 157 276 81 45 159 45 173 15 
195 87 104 284 64 176 20 189 14 108 179 3 155 287 80 43 258 146 110 129 181 42 91 77 119 46 123 33 167 242 90 167 208 212 291 201 277 169 147 30 171 235 162 214 236 174 16 22 34 277 194 169 197 238 186 98 1 17 132 91 75 229 223 58 289 59 56 246 49 78 292 169 190 183 44 207 49 66 208 69 195 162 188 90 82 94 23 181 213 79 117 153 151 288 140 82 255 272 161 157 
165 99 219 165 217 199 168 147 121 232 148 67 76 85 39 44 168 205 46 230 3 142 20 218 254 170 157 117 298 271 135 104 271 259 45 132 5 247 244 238 109 267 76 289 221 239 123 87 80 128 276 32 100 254 214 53 165 148 138 160 112 257 275 29 203 242 100 132 153 132 11 248 257 159 148 59 216 26 84 247 98 245 19 65 0 109 40 67 127 60 163 63 4 105 171 74 85 232 197 155 
227 204 141 52 168 260 68 289 18 233 34 183 25 270 164 155 10 49 136 0 237 173 228 230 120 103 253 288 0 138 133 3 103 194 206 127 266 183 124 43 62 185 213 264 90 211 180 151 11 226 140 0 182 111 177 253 45 188 175 254 88 231 219 32 34 7 110 89 105 203 85 205 186 156 129 190 112 234 186 289 122 234 155 146 75 231 139 139 38 67 131 226 14 111 246 292 144 197 90 86 
190 20 1 178 102 161 222 233 132 137 149 88 172 247 16 259 219 148 20 190 136 200 208 262 98 139 60 278 196 159 44 6 120 67 142 219 267 164 132 37 285 148 187 57 296 221 125 228 75 74 82 152 178 219 130 287 87 69 184 241 30 1 109 105 116 35 254 4 109 38 64 9 28 81 99 125 271 182 149 7 127 82 63 161 13 237 280 265 182 188 89 18 260 12 18 242 161 76 71 265 
195 202 184 135 209 22 133 170 113 108 20 260 82 171 221 211 96 14 216 228 10 105 269 133 4 19 201 114 221 39 139 117 270 84 66 97 67 78 152 92 145 18 234 153 73 37 127 177 60 48 221 111 156 262 27 229 258 166 292 153 224 135 256 62 249 193 76 16 262 122 238 181 32 45 91 116 55 273 168 118 173 189 79 56 59 126 15 272 23 110 49 95 223 232 65 290 125 248 180 216 
284 49 250 75 45 63 219 90 109 226 214 87 246 260 206 37 252 294 105 176 174 178 206 112 94 31 230 278 293 81 112 256 274 23 33 268 165 63 146 180 139 180 184 252 264 265 287 31 259 89 181 178 261 250 53 279 0 127 158 218 162 265 270 202 135 96 13 70 243 74 32 295 172 7 146 133 54 253 200 190 191 31 112 234 273 115 20 141 66 240 75 62 76 23 85 20 25 221 99 218 
208 242 138 118 60 12 16 141 81 83 226 161 53 268 212 20 76 204 266 114 239 86 24 109 154 219 153 279 92 141 47 227 159 290 222 63 12 290 226 70 52 192 10 70 204 141 46 200 238 229 179 14 156 114 293 216 224 30 134 19 9 128 34 139 205 150 173 152 196 170 292 234 216 294 98 271 65 21 198 53 174 246 119 65 81 127 23 123 56 243 292 215 8 219 110 12 162 235 116 239 
167 203 42 234 160 219 199 193 175 140 229 216 101 56 206 54 197 294 0 258 255 258 283 249 8 241 216 23 153 168 273 249 274 105 256 126 14 139 190 68 203 223 117 77 215 238 264 111 280 177 261 169 172 187 203 167 122 86 73 272 107 149 30 145 20 120 63 149 211 268 46 127 37 193 60 12 79 217 177 266 67 102 226 256 197 51 72 222 149 271 147 143 27 259 42 261 138 285 73 265 
297 36 238 44 260 66 265 281 137 292 201 20 46 253 64 106 226 185 50 270 286 243 224 7 294 89 192 163 244 235 11 220 56 250 276 157 40 251 159 99 203 179 52 141 200 276 157 160 164 1 125 3 280 278 139 190 260 107 234 156 49 230 254 15 179 127 163 275 211 223 16 68 66 34 283 236 66 49 207 210 223 156 86 80 72 213 272 134 48 61 183 284 153 159 56 202 263 262 3 246 
186 246 227 206 156 262 140 282 244 208 292 204 254 217 283 234 162 43 222 204 158 276 155 155 150 273 227 289 184 163 232 286 80 184 64 22 9 42 241 160 149 183 246 41 118 165 37 266 137 264 203 184 267 55 66 153 53 84 86 199 85 215 186 146 291 226 283 243 137 2 32 184 261 100 280 107 214 90 201 245 242 60 178 109 87 15 260 225 237 233 204 81 254 216 65 84 143 91 220 215 
91 11 195 138 149 283 57 108 283 130 158 82 148 16 259 105 141 147 253 128 296 87 103 268 20 41 237 258 53 260 95 172 195 184 172 148 37 110 155 169 140 96 87 52 116 275 106 246 90 255 221 218 18 210 50 210 151 243 66 229 193 104 276 99 250 217 177 36 40 63 165 270 74 117 242 34 229 242 196 97 105 23 208 223 148 194 229 279 222 252 216 129 26 95 147 136 64 179 85 132 
167 277 99 43 81 228 266 113 96 216 251 6 163 244 59 171 122 24 208 269 50 179 19 293 204 129 276 211 80 288 240 134 113 121 145 203 96 45 107 141 116 193 116 108 180 225 112 129 31 115 167 222 58 44 204 227 141 31 43 299 191 239 213 43 67 21 11 259 131 61 276 242 78 261 179 261 283 82 44 235 91 144 106 271 243 280 29 237 134 56 81 70 188 269 182 130 272 104 153 67 
4 47 51 76 30 273 213 271 36 276 260 91 180 178 105 268 213 230 192 168 214 184 200 206 76 132 82 137 34 51 43 171 40 119 75 202 143 240 204 103 212 82 266 10 23 185 93 249 75 250 15 136 27 228 266 280 263 155 221 6 142 76 134 71 238 205 124 90 210 170 290 69 159 184 0 235 279 157 280 106 54 141 260 120 81 255 221 116 168 179 136 118 150 154 260 215 204 46 171 106 
118 164 289 105 65 111 97 84 158 83 127 214 205 46 14 46 273 1 159 226 147 154 61 225 130 285 174 6 18 189 190 223 44 153 171 167 220 238 160 139 264 14 279 207 265 221 100 0 91 59 223 241 33 147 265 79 113 2 145 137 69 67 286 248 151 229 51 26 231 249 291 57 58 258 190 131 141 203 176 43 114 184 36 46 198 263 148 3 256 128 219 284 85 82 131 127 100 277 261 211 
172 77 21 162 256 124 38 258 282 34 93 139 11 60 108 77 121 56 179 91 238 51 198 143 101 56 194 74 71 79 284 138 59 297 86 150 101 143 77 146 243 9 239 20 9 268 126 258 123 225 120 105 96 152 193 29 26 17 45 74 203 278 150 171 217 193 14 17 190 147 113 202 189 161 298 222 25 210 62 1 163 110 137 110 58 274 67 48 211 7 286 15 257 143 238 66 10 33 237 30 
246 157 233 89 156 204 122 216 167 93 36 101 278 200 192 210 107 121 202 118 281 144 183 153 88 76 176 294 9 158 183 294 50 160 72 24 255 29 127 47 66 142 152 108 76 194 147 276 52 294 89 152 99 28 102 47 5 200 176 216 195 91 48 217 37 168 152 107 171 241 161 59 78 51 62 92 140 0 164 250 192 283 172 110 138 65 42 131 43 8 231 44 119 97 60 107 72 189 172 130 
263 286 240 200 16 271 98 10 259 142 237 178 52 247 143 176 210 177 198 3 227 146 15 146 10 86 44 12 171 160 48 164 164 258 277 21 252 282 45 2 64 153 89 41 111 35 210 281 202 163 36 232 172 128 185 174 200 180 58 47 9 244 280 275 181 129 282 112 245 229 201 267 28 277 48 23 6 125 197 50 174 32 115 226 219 158 181 31 32 215 60 233 55 2 16 41 195 145 137 295 
248 279 47 251 126 36 134 212 0 156 8 191 196 39 99 292 232 106 28 79 155 1 172 59 164 53 120 31 93 136 216 67 268 133 180 124 247 132 139 299 46 132 199 96 41 116 244 112 130 266 60 260 24 228 184 250 17 45 37 165 140 206 29 56 206 249 210 175 82 176 283 45 220 246 274 281 192 75 278 32 258 162 299 75 3 32 50 269 221 290 93 286 104 37 150 166 86 49 35 44 
0 192 286 15 121 57 186 246 139 5 125 73 19 280 147 107 30 23 156 215 269 225 69 152 60 259 221 96 287 217 229 126 241 17 268 7 74 118 101 178 78 173 42 23 238 234 154 62 183 95 220 255 116 17 222 245 161 112 281 23 182 27 86 103 220 130 14 257 294 75 36 218 282 292 15 174 267 164 223 30 278 115 296 162 172 158 94 266 130 146 101 55 98 21 13 109 126 88 142 75 
154 202 128 158 227 184 201 285 44 108 133 56 112 64 99 144 202 141 75 99 0 223 19 40 256 66 102 97 154 129 133 267 281 139 20 246 200 251 53 158 236 296 18 136 49 169 277 245 100 149 139 152 111 286 170 194 31 123 88 243 277 199 72 182 64 80 279 81 294 241 157 191 197 187 225 54 296 130 146 113 114 158 140 116 6 52 258 269 192 215 265 171 270 26 169 0 79 287 219 49 
8 108 31 89 8 70 282 282 33 32 186 131 83 113 117 141 109 84 183 152 294 294 200 96 54 144 274 9 29 47 199 88 51 126 257 292 268 160 69 207 86 233 77 288 272 145 190 121 213 226 177 4 222 240 113 120 185 71 197 197 71 145 30 159 102 107 21 11 242 233 78 42 180 103 63 40 33 218 190 245 254 162 41 121 80 26 141 225 162 35 16 155 88 120 42 106 286 109 201 27 
177 61 21 47 54 62 121 247 177 224 207 284 39 125 137 267 299 191 198 20 93 238 42 212 20 148 274 229 231 238 115 289 118 245 155 106 50 233 161 173 140 284 272 196 121 158 262 178 264 196 253 128 260 98 251 1 165 62 218 111 172 273 38 251 97 180 186 55 152 224 224 117 247 77 33 227 119 213 80 189 54 67 54 199 48 42 214 187 109 288 114 25 121 243 18 133 201 186 107 49 
53 151 219 148 250 112 22 74 2 259 52 145 38 158 98 63 56 11 109 9 232 285 119 195 32 151 299 33 246 184 155 198 285 243 84 74 120 60 20 121 238 103 204 54 39 285 99 38 82 288 239 10 235 170 3 265 258 181 189 142 201 185 152 28 119 239 25 3 90 53 21 8 74 169 230 32 142 122 19 130 138 69 244 297 146 89 219 35 102 261 132 227 130 130 100 56 104 291 112 247 
147 151 238 91 63 258 152 195 187 175 168 163 109 26 193 119 280 249 3 253 2 296 168 125 84 253 185 150 59 296 83 122 172 43 64 213 164 145 96 30 137 112 108 215 51 248 156 128 246 118 8 22 106 69 137 40 104 52 9 129 113 261 141 211 265 244 209 240 45 222 285 295 80 223 281 53 95 62 34 8 75 197 200 35 135 145 144 79 26 218 55 270 101 170 17 239 21 298 62 286 
80 258 7 148 229 34 177 24 81 177 127 82 224 41 29 200 117 94 295 256 273 172 122 134 100 255 213 94 225 46 168 256 19 228 14 154 20 128 139 101 23 279 4 212 236 170 193 49 87 202 91 117 125 161 92 267 126 125 196 140 216 155 114 5 250 260 161 276 212 50 19 208 6 266 95 92 216 201 206 129 254 101 5 247 255 293 196 201 134 167 162 140 194 253 3 11 270 254 66 288 
190 239 293 220 293 282 130 155 160 141 299 178 137 229 267 166 27 141 146 226 225 146 243 228 117 265 61 168 115 291 249 192 294 163 45 103 250 77 207 205 283 130 47 250 125 8 215 34 224 35 170 280 2 237 167 42 63 274 87 93 32 262 88 197 291 187 211 71 85 253 188 45 161 32 48 122 217 34 280 243 159 237 112 25 46 128 62 55 168 128 1 22 169 172 236 251 33 233 279 129 
83 253 32 285 28 8 145 190 218 249 257 188 99 103 264 271 140 151 157 111 161 135 103 75 56 67 273 166 138 155 213 165 168 98 234 3 5 282 194 202 8 275 16 138 137 280 71 119 281 287 110 122 30 164 144 63 223 274 111 230 239 101 165 223 135 123 220 80 43 268 171 157 6 75 16 129 53 48 255 188 36 287 146 39 146 146 191 80 10 230 131 294 98 146 68 299 89 136 181 236 
8 280 200 280 272 94 285 101 22 279 121 16 278 55 290 115 145 174 57 72 266 185 143 19 35 226 0 272 209 262 273 122 232 189 253 79 276 219 119 130 72 42 62 29 291 100 296 138 117 35 171 76 278 266 225 197 58 205 259 247 248 68 220 100 232 231 218 146 91 150 278 127 192 132 112 240 198 181 22 236 175 209 181 12 243 277 251 160 66 80 223 144 266 66 174 160 220 135 132 97 
200 231 218 141 194 5 225 245 228 130 254 169 194 108 279 255 297 203 131 276 247 102 22 39 194 280 59 267 27 224 13 32 161 251 299 261 13 82 171 164 84 28 14 36 32 137 246 31 215 70 171 80 286 287 230 28 176 247 91 289 46 287 30 138 102 245 177 204 174 42 268 68 147 134 85 7 245 95 104 54 150 21 45 214 19 116 209 254 93 10 191 162 124 66 268 188 296 158 208 197 
29 25 215 147 0 180 286 152 42 10 231 257 57 237 124 252 73 291 298 91 133 229 241 26 234 107 125 110 219 112 113 203 117 4 295 279 204 51 267 80 23 139 249 128 37 116 144 43 137 15 220 21 259 41 158 156 171 146 283 84 226 277 78 185 270 274 206 161 291 2 143 203 215 297 232 239 130 297 77 34 186 281 217 153 144 193 191 133 156 213 273 241 42 33 189 244 9 295 63 245 
168 5 130 32 131 64 234 49 179 101 23 279 21 215 76 14 96 277 154 273 232 134 74 135 66 70 164 84 14 55 294 198 284 240 40 21 46 149 161 240 240 91 18 268 233 0 101 218 266 298 293 60 269 232 116 72 39 90 221 213 188 3 111 146 126 168 153 156 21 82 64 174 174 207 226 258 203 49 212 31 214 71 186 286 256 256 142 177 144 177 142 74 192 282 142 231 23 28 249 262 
211 266 47 272 149 37 215 13 171 237 109 106 205 56 279 38 79 181 112 62 2 185 209 149 109 65 263 250 146 201 169 231 161 86 226 237 108 46 281 129 268 0 145 215 115 158 215 81 142 47 202 27 277 56 201 152 216 250 198 251 172 113 191 158 139 100 101 299 100 141 289 110 111 134 150 286 155 160 202 47 277 54 136 255 4 169 66 4 177 99 256 138 85 138 288 181 4 219 288 64 
16 246 133 59 147 232 9 63 82 258 248 236 70 31 154 119 259 185 16 129 215 204 59 298 176 228 137 298 273 188 119 101 153 126 42 217 77 181 219 45 55 189 160 252 68 101 44 143 164 107 227 50 78 280 280 8 77 241 276 250 85 73 274 126 215 256 209 197 92 29 126 17 79 71 244 270 105 249 14 271 72 187 75 233 36 39 240 296 261 219 243 281 273 145 81 243 49 160 160 276 
277 121 291 219 29 2 140 168 209 86 80 3 22 218 4 76 150 157 141 110 8 14 244 35 224 161 52 44 208 171 153 109 104 292 195 107 90 54 282 92 30 120 215 19 248 238 286 180 175 135 105 286 173 188 181 259 283 275 248 204 283 268 147 246 204 210 161 261 18 246 7 259 73 255 101 226 66 33 297 217 216 67 263 112 217 15 189 243 222 238 43 289 242 271 161 13 297 236 100 244 
80 206 251 256 73 52 7 145 97 99 73 63 276 184 34 259 276 146 203 37 100 262 299 249 63 85 153 68 65 57 238 241 281 178 114 273 183 238 282 188 137 7 255 261 245 67 284 124 57 282 57 102 265 52 86 85 124 53 110 8 141 93 114 88 32 247 229 236 18 133 57 51 85 177 177 129 3 34 60 255 244 262 50 298 30 207 30 88 49 99 284 233 20 52 84 145 22 212 126 75 
280 118 247 49 53 37 176 181 291 192 126 184 30 174 214 156 223 259 234 68 167 27 195 78 52 211 52 220 278 81 39 56 297 36 214 220 259 96 21 6 37 46 262 131 143 83 177 110 103 229 185 287 118 150 91 148 277 37 206 277 169 275 162 11 286 191 37 86 25 141 111 227 160 63 28 103 22 163 103 98 147 103 189 62 109 59 292 256 28 127 282 299 135 125 193 18 123 215 243 188 
183 100 277 106 205 67 4 293 248 104 120 61 163 196 29 93 260 291 278 76 261 104 232 155 227 43 23 15 107 269 78 90 238 285 221 73 139 14 114 149 72 6 157 7 274 213 73 104 33 61 298 224 255 188 224 169 2 50 147 216 295 44 297 72 70 181 138 194 55 89 102 135 23 12 104 283 168 92 5 2 189 61 30 186 246 91 206 17 155 45 291 67 34 21 276 37 98 256 91 39 
101 35 257 271 133 10 186 107 54 296 257 17 139 195 87 84 132 26 247 294 258 40 46 121 161 279 139 6 150 148 42 80 248 193 153 228 45 68 264 97 100 86 277 95 197 180 50 208 94 92 289 282 125 91 236 97 40 90 159 87 159 251 186 95 196 229 211 0 39 299 256 110 25 80 261 205 47 143 225 52 143 57 233 151 174 299 149 289 154 290 222 108 37 60 15 294 31 273 4 197 
9 190 88 138 82 228 21 35 90 120 190 80 177 14 156 54 97 43 73 155 279 8 65 217 264 288 253 263 298 149 150 252 180 77 246 77 238 174 22 124 26 232 287 294 288 282 20 67 195 180 96 192 152 235 8 214 263 257 129 184 200 275 219 148 27 41 216 258 26 89 70 134 230 70 22 229 121 113 35 217 244 245 38 36 261 23 220 218 298 101 61 146 95 265 130 259 23 205 85 251 
30 73 26 111 23 210 34 60 84 284 160 254 123 118 216 223 289 85 251 138 206 200 174 208 99 94 114 7 259 137 136 126 193 86 199 124 28 100 163 196 136 66 134 244 157 23 280 224 141 132 267 66 267 77 188 132 289 199 89 37 25 185 87 92 52 17 279 57 210 105 144 117 198 227 51 140 173 65 215 17 213 64 114 250 32 64 224 180 60 43 118 113 53 142 53 260 194 253 272 18 
241 265 183 39 245 196 150 118 76 91 202 216 192 214 294 221 193 277 200 57 270 286 17 19 253 143 182 144 171 102 1 66 236 198 147 81 146 295 83 238 77 225 287 34 54 9 50 201 20 141 70 231 96 249 214 91 170 205 54 262 289 40 201 147 47 102 236 201 193 111 290 211 193 172 252 59 268 169 177 292 83 91 48 78 208 146 153 152 126 87 249 168 210 36 94 59 135 52 218 53 
297 121 255 207 284 183 207 210 62 211 121 223 266 239 152 106 34 124 230 279 53 125 179 284 254 286 15 155 204 100 58 70 234 135 114 44 149 214 298 217 247 110 209 206 258 113 129 30 258 252 21 36 219 71 53 39 102 80 148 274 61 179 186 15 165 120 219 27 60 74 168 38 0 206 181 105 286 118 126 99 254 164 150 71 299 50 81 128 186 72 293 142 123 264 99 158 46 108 35 83 
66 9 93 274 216 99 129 103 56 34 257 1 57 87 258 288 113 269 72 253 133 77 98 169 213 144 62 70 52 60 44 258 87 218 13 189 116 286 293 9 177 119 133 92 121 13 103 107 118 244 167 248 159 236 163 120 96 181 165 222 20 259 143 150 187 270 268 259 148 154 229 280 99 215 66 264 127 191 154 71 14 272 4 86 6 219 132 79 144 157 205 63 141 222 281 145 232 151 166 87 
11 56 9 257 218 1 264 244 178 168 236 241 40 24 157 243 203 160 138 286 0 224 175 105 132 291 184 181 169 256 43 218 265 202 86 207 162 142 271 169 270 116 183 1 9 20 28 131 73 51 255 129 52 16 98 163 201 72 166 82 112 126 103 37 163 203 294 249 273 8 59 271 89 40 49 51 108 21 255 33 94 247 12 119 194 211 97 95 175 296 17 62 185 79 50 221 77 192 154 182 
130 150 137 222 177 267 101 278 234 102 141 166 202 132 286 122 91 0 30 55 211 260 183 284 290 45 84 293 106 235 99 167 23 229 75 266 234 57 154 291 86 15 17 187 158 82 299 252 254 284 152 36 288 251 219 31 128 132 274 112 271 255 11 112 145 255 78 279 17 31 10 251 41 225 221 118 146 238 161 114 297 274 15 70 75 185 101 108 82 95 118 233 20 240 156 81 231 143 151 176 
74 0 284 104 251 107 16 255 241 299 194 163 240 194 75 121 31 111 117 139 237 294 281 121 288 271 181 90 25 57 28 242 12 208 104 50 3 213 34 64 208 261 136 209 16 81 248 124 141 32 238 68 256 109 96 276 103 190 181 242 45 138 79 297 123 227 218 11 297 143 39 43 70 116 142 282 29 81 86 289 212 84 286 90 105 125 125 66 50 4 170 158 213 241 34 65 265 22 254 293 
139 6 59 298 140 181 147 163 254 253 5 86 177 263 65 190 292 108 230 263 237 242 7 50 161 226 231 73 143 220 288 190 270 89 290 167 21 236 5 156 211 66 153 132 92 262 57 5 202 269 138 110 131 166 204 110 62 106 96 19 164 110 148 212 217 261 225 94 42 55 83 149 194 102 14 239 0 164 63 20 291 229 208 216 21 67 85 222 27 31 31 169 282 106 274 128 234 228 258 61 
123 176 297 49 200 220 32 26 42 186 235 50 190 54 2 233 154 126 226 221 178 36 263 192 181 23 258 121 257 248 246 251 171 94 179 154 104 24 220 15 277 34 69 254 236 123 11 209 167 122 247 60 40 30 288 96 66 198 209 233 163 157 282 247 219 38 77 42 220 131 156 28 290 246 82 115 240 125 255 68 91 227 24 284 283 299 166 188 237 233 177 154 0 229 52 42 258 258 23 50 
68 0 218 230 224 222 36 134 23 227 226 265 43 77 209 50 247 146 57 150 177 23 104 197 55 90 82 92 269 172 294 98 145 103 280 49 144 52 77 135 245 41 212 262 167 1 74 41 16 80 153 28 135 60 8 26 161 8 122 128 191 256 152 125 55 125 252 84 74 126 31 290 5 191 233 89 62 90 240 124 144 24 78 143 210 261 59 293 21 61 230 48 185 80 74 229 105 93 73 77 
229 160 176 163 211 214 41 147 121 228 137 118 298 110 156 215 231 141 175 101 112 7 221 154 71 115 221 252 148 79 82 230 145 164 239 33 144 221 89 4 123 132 218 232 80 186 144 4 245 140 222 144 221 217 215 83 160 250 231 99 207 36 53 188 219 244 259 270 196 205 27 235 109 141 184 26 3 241 292 237 261 94 183 164 173 236 227 179 84 211 98 186 83 258 21 99 71 35 262 292 
126 200 236 149 106 59 114 212 218 210 257 279 111 204 122 158 236 223 7 118 104 180 260 89 279 188 190 43 276 30 119 208 207 124 201 227 103 219 207 90 217 73 192 299 282 94 87 278 181 82 70 148 100 204 39 31 176 275 196 207 267 88 218 9 283 33 268 183 144 144 9 111 170 155 279 67 186 50 274 27 293 61 296 120 279 156 6 162 62 253 239 181 172 25 31 145 136 133 151 169 
96 158 15 284 183 291 204 187 29 290 195 227 223 221 65 187 238 238 281 144 164 61 251 55 270 89 10 114 161 38 193 175 252 10 268 133 168 61 282 241 68 57 110 256 136 297 154 173 229 45 299 98 51 120 100 126 133 253 223 37 156 276 141 160 59 275 198 170 18 126 260 39 90 255 195 75 67 274 73 106 299 138 110 27 198 60 14 226 59 20 122 218 162 217 37 151 126 93 144 27 
260 289 288 34 69 285 242 236 61 179 267 82 280 268 249 93 122 159 294 22 1 23 140 285 226 179 224 13 148 264 198 23 164 98 177 10 37 142 259 207 101 16 108 100 101 115 64 106 178 205 98 220 137 17 23 50 201 289 42 182 82 17 68 295 107 113 139 91 151 215 171 75 181 37 241 298 278 23 87 63 199 260 256 226 235 258 172 244 218 188 199 193 171 75 75 236 275 39 186 237 
159 286 212 17 162 103 168 46 182 129 31 116 189 270 194 253 187 126 32 120 78 159 167 224 184 123 57 87 192 59 226 175 96 205 208 229 54 21 163 189 114 264 258 69 227 59 274 213 144 266 65 82 24 230 118 217 217 71 167 183 58 34 35 207 191 144 225 259 37 175 64 2 294 189 13 114 265 257 150 126 42 281 149 90 241 77 188 185 149 129 9 207 11 3 253 31 263 37 85 275 
162 162 141 139 0 258 24 26 265 178 248 175 50 71 210 220 185 49 81 112 25 133 168 26 134 50 188 56 121 50 286 97 94 288 161 282 71 89 132 271 124 10 191 53 120 296 94 171 123 113 65 186 40 77 242 101 145 3 12 89 200 207 182 0 133 8 60 252 265 58 63 131 189 255 166 120 299 181 188 60 292 173 73 63 119 23 117 40 209 103 298 8 189 226 104 145 122 83 37 209 
167 71 91 43 170 59 163 204 188 242 168 91 239 286 39 134 173 191 55 207 157 101 12 259 36 57 0 112 9 191 26 81 84 130 239 162 291 177 65 173 246 89 21 188 285 279 260 164 239 59 74 18 169 161 160 63 180 175 266 169 255 51 290 164 149 163 10 134 117 182 292 195 294 164 21 63 89 65 69 53 245 5 133 176 95 124 140 140 217 17 150 236 88 28 61 193 85 160 162 85 
216 85 96 109 3 234 55 76 288 62 260 1 174 169 11 2 157 241 190 146 101 50 112 252 215 65 267 205 205 139 262 232 167 10 125 124 206 296 159 46 190 204 231 179 270 113 6 240 287 44 4 77 274 166 296 178 181 82 137 140 112 15 230 211 22 29 64 120 59 108 217 142 10 98 9 201 31 299 57 18 58 10 252 160 104 21 230 294 137 179 197 142 135 29 297 278 7 123 23 277 
109 289 98 20 272 37 186 73 14 50 224 52 249 58 297 296 284 100 54 164 148 201 40 191 126 116 285 272 119 151 51 146 225 152 116 256 174 84 253 212 266 283 183 41 14 152 299 57 61 10 260 108 178 103 258 170 292 140 190 191 69 17 228 85 234 7 272 245 185 251 172 38 93 40 222 210 78 136 122 147 76 295 289 165 102 185 44 265 269 261 126 281 35 270 231 148 157 89 279 237 
188 295 98 35 87 0 149 0 211 267 125 110 193 120 259 261 104 192 284 166 147 200 58 211 205 137 202 64 233 166 35 34 97 14 219 30 269 124 16 136 121 108 170 157 99 48 112 174 106 115 236 30 272 204 30 269 176 158 87 65 131 195 150 89 108 59 291 17 115 46 228 101 56 140 81 37 71 203 166 169 169 86 18 188 216 218 138 94 84 182 24 83 107 167 286 246 154 15 34 190 
192 21 271 130 174 82 284 138 180 38 291 297 68 22 220 6 208 112 27 248 72 236 23 89 240 194 189 232 243 20 169 186 157 137 246 206 238 270 232 112 283 132 269 196 112 210 193 250 135 288 87 177 157 228 123 124 202 125 213 261 90 253 178 240 225 139 238 6 218 48 117 87 31 25 170 24 120 122 221 93 174 38 28 114 62 43 260 297 91 295 4 235 183 38 246 126 137 270 177 222 
27 141 260 54 33 58 209 58 50 203 19 43 25 52 140 215 256 208 6 221 56 272 117 107 120 148 290 254 152 198 281 202 184 116 247 115 285 158 150 130 238 79 5 144 179 148 129 84 42 299 164 211 144 152 192 285 171 294 92 1 27 92 13 78 113 253 163 136 142 85 273 256 89 121 94 112 53 138 117 80 1 100 4 290 85 260 249 161 112 204 165 119 270 7 252 1 52 45 261 286 
285 127 9 240 51 42 166 262 18 128 242 285 121 176 26 209 239 111 60 250 28 47 290 160 284 199 228 212 202 159 223 9 181 201 168 137 47 204 65 283 39 20 23 129 261 234 228 129 55 186 77 286 78 6 278 44 293 253 284 3 218 243 67 112 227 82 14 24 38 110 172 231 135 145 96 265 58 95 43 114 237 60 136 19 64 173 40 98 115 7 148 254 250 290 140 245 138 143 185 134 
128 276 229 134 151 28 45 164 219 289 203 92 16 1 221 258 255 289 54 284 287 240 160 229 130 103 222 122 191 83 10 144 127 63 245 88 123 20 270 220 29 127 204 167 44 273 164 194 101 69 295 0 208 181 112 179 27 198 260 264 117 130 261 193 186 278 164 24 210 169 187 243 143 62 11 210 35 237 82 173 122 173 103 78 200 260 244 9 185 167 100 195 73 140 263 204 295 2 59 215 
261 151 260 231 94 160 14 94 286 176 237 93 81 9 254 192 71 232 180 12 23 15 285 38 107 266 86 284 223 265 168 266 15 171 269 170 186 132 243 99 228 42 210 176 79 94 84 217 94 150 88 197 198 293 191 259 254 151 19 262 73 73 165 118 73 292 210 28 130 266 88 137 107 44 98 156 128 291 201 260 161 292 24 163 9 262 194 188 211 171 199 286 25 178 120 250 54 43 227 299 
178 63 11 160 131 85 143 294 111 5 73 238 55 200 125 193 197 125 34 262 261 195 145 292 37 242 3 113 139 10 217 157 128 33 66 187 129 65 275 133 16 223 236 67 216 242 73 58 242 102 288 17 49 250 56 167 99 207 17 290 264 111 18 136 109 67 43 76 25 113 133 139 113 109 194 167 78 248 137 247 231 253 90 65 174 264 118 285 115 124 30 70 120 258 192 118 32 298 265 253 
