166 217 3 237 71 93 206 18 251 198 115 255 183 208 232 28 61 136 79 170 115 60 47 250 26 162 49 160 246 279 97 64 19 242 166 64 266 159 23 95 120 61 60 253 274 255 88 0 93 286 140 223 8 68 96 33 96 127 84 197 8 137 218 287 149 298 86 109 91 46 70 211 145 237 172 295 213 177 124 181 203 151 270 170 236 236 248 184 270 69 291 114 210 136 8 3 137 45 153 36 
279 253 101 29 129 234 248 21 136 188 250 39 47 187 67 251 62 288 223 65 215 244 91 10 277 270 291 64 218 68 1 265 165 261 170 115 69 293 165 194 189 86 173 77 140 42 174 262 230 293 209 9 256 72 250 238 104 70 123 258 17 46 248 63 62 261 95 171 248 213 81 292 153 10 232 36 19 96 114 250 253 266 222 87 240 266 186 175 265 148 229 45 17 187 61 260 221 189 295 134 
147 186 5 217 55 77 65 25 79 86 297 217 223 296 214 73 72 101 265 279 1 97 27 16 295 96 256 162 235 258 186 280 66 237 162 154 225 50 143 257 240 248 214 249 267 253 102 9 283 49 269 294 66 248 238 273 179 135 64 270 72 259 184 53 128 249 23 210 103 269 70 215 180 8 269 87 290 219 132 240 126 239 28 258 88 117 115 82 292 67 299 164 103 164 137 1 282 34 11 11 
202 287 246 86 297 292 86 158 136 86 54 18 13 97 124 253 98 261 276 280 47 109 24 83 245 221 157 139 67 233 264 71 210 134 107 57 51 15 133 176 256 224 246 27 275 182 16 153 137 215 39 175 247 111 251 85 217 55 292 224 116 49 233 287 54 52 185 221 255 26 98 239 74 83 154 255 140 103 116 284 88 295 250 110 253 284 40 176 184 273 186 80 13 142 22 179 202 93 212 274 
17 131 49 236 291 122 289 129 258 110 84 190 172 58 195 198 80 33 168 289 181 288 251 131 37 105 115 119 232 24 20 48 232 1 202 171 115 14 294 142 266 270 27 105 85 43 185 292 73 24 125 172 185 262 127 9 156 124 243 198 257 285 6 43 121 265 225 204 57 142 147 295 163 88 39 280 198 30 100 10 195 119 220 261 16 201 59 13 163 182 193 230 36 132 296 198 295 149 234 147 
174 198 19 53 271 155 60 18 20 280 152 241 71 174 77 43 61 289 117 212 42 184 126 209 299 230 55 154 87 140 58 199 93 259 86 223 166 63 244 280 102 264 285 276 281 107 233 63 156 153 79 46 132 104 55 56 218 222 76 55 192 286 11 213 283 171 52 244 285 28 296 274 105 98 175 49 96 96 142 81 38 201 79 59 298 5 44 175 38 232 50 249 191 264 123 225 155 169 157 127 
288 99 136 100 24 10 198 254 209 149 10 13 23 149 191 127 295 247 5 21 79 293 68 20 291 45 36 263 126 254 169 253 26 115 200 273 136 273 162 264 207 268 187 95 230 261 149 234 168 55 231 108 0 248 256 287 157 129 280 103 20 148 160 238 104 76 241 199 220 70 139 147 199 183 43 11 120 246 91 131 153 108 164 230 70 121 169 76 177 209 262 208 36 146 31 270 89 251 225 200 
229 197 69 215 185 54 225 172 197 88 184 239 145 18 162 272 196 281 294 277 262 108 205 299 111 124 148 72 2 127 134 253 27 227 157 43 287 63 69 3 236 17 28 50 260 226 167 138 159 238 21 255 149 110 87 144 92 235 244 270 190 60 134 121 181 279 105 80 224 296 286 188 117 11 155 160 208 199 69 216 251 219 201 41 297 59 127 35 68 142 220 258 22 131 39 54 136 150 250 10 
66 192 210 191 69 253 229 264 118 97 270 149 199 189 54 173 23 164 65 216 230 289 170 73 94 115 80 222 39 278 225 89 174 224 220 0 288 112 82 32 249 213 28 135 107 66 196 189 171 192 21 283 15 197 60 147 89 84 132 15 183 85 33 273 35 191 108 154 77 294 42 166 79 30 110 20 88 205 211 66 168 72 31 151 299 29 117 119 115 39 125 39 199 234 37 122 94 217 222 14 
17 190 5 7 112 228 136 109 126 78 15 80 274 163 47 57 29 197 136 67 173 3 270 91 192 70 171 299 18 94 118 92 95 197 63 299 77 284 174 221 280 198 89 15 166 249 237 93 261 190 43 133 19 268 123 218 42 276 98 173 132 171 141 156 36 93 244 54 125 64 72 102 183 260 111 255 216 178 250 99 97 139 65 66 201 250 260 26 236 52 114 244 52 191 45 22 76 201 173 55 
234 35 98 142 142 265 162 255 183 27 84 138 170 124 258 186 53 126 205 65 99 143 246 288 117 262 239 165 22 153 240 91 201 122 164 126 270 131 287 4 88 31 188 160 295 65 14 144 142 39 162 212 134 136 24 13 123 285 80 143 290 130 67 114 117 279 2 254 291 84 28 34 239 122 191 131 290 267 121 234 50 254 20 295 50 263 207 298 127 155 134 266 270 219 244 20 163 153 92 214 
32 132 95 5 235 229 139 108 147 205 35 214 222 101 249 94 94 268 87 224 105 228 259 267 91 156 293 169 146 56 26 246 229 121 162 53 264 3 26 99 235 272 8 117 257 70 202 76 291 8 189 180 60 93 89 197 292 22 65 61 292 25 117 77 128 81 171 81 11 128 262 131 194 235 160 275 179 17 48 63 236 50 167 251 217 193 174 130 282 172 179 163 121 227 223 289 274 220 161 63 
144 17 141 254 107 42 43 92 138 285 101 193 202 107 146 64 228 204 117 20 248 242 21 248 178 90 286 48 298 52 136 241 294 5 70 166 27 149 142 8 172 218 130 95 101 1 78 46 32 31 297 212 216 48 274 224 231 103 228 139 162 243 267 28 178 96 5 256 53 61 71 298 9 84 216 112 84 134 220 228 293 37 248 170 18 147 86 135 103 217 259 69 138 164 24 75 207 182 185 32 
254 225 147 175 170 215 190 282 244 186 54 179 68 214 17 46 164 143 273 160 43 176 298 200 275 104 10 0 250 124 168 86 173 233 283 23 234 272 31 87 80 247 134 203 269 251 100 176 131 50 47 221 190 89 16 242 125 257 57 193 162 270 189 265 263 158 25 294 166 143 101 1 1 155 142 140 131 294 241 15 77 230 288 168 209 223 67 228 215 34 166 11 292 34 100 3 15 279 155 76 
162 242 211 50 122 90 96 101 51 257 100 8 98 118 176 126 119 242 186 278 181 152 203 186 48 290 106 86 131 156 80 228 133 247 21 11 64 110 275 132 276 76 289 252 162 230 151 55 65 202 25 28 201 245 97 46 257 241 121 219 48 198 112 111 156 197 239 251 123 253 294 83 251 186 233 192 79 63 194 186 83 292 216 73 20 220 80 63 208 151 278 29 48 284 226 257 294 225 125 56 
70 134 267 175 8 147 170 35 68 288 43 17 264 259 107 23 65 165 281 204 144 145 161 162 119 10 296 202 0 226 83 160 82 14 105 96 234 115 25 236 255 53 139 186 225 12 298 8 166 281 94 14 66 178 35 216 188 216 265 82 254 24 37 92 42 196 52 173 145 175 239 234 69 23 191 230 141 286 201 249 27 143 13 102 1 162 10 277 192 219 69 4 291 135 291 28 211 196 84 136 
10 174 62 294 185 169 101 161 41 149 180 114 29 107 28 281 266 278 252 283 143 114 180 214 3 8 165 232 52 242 209 215 193 216 0 196 116 43 175 223 48 125 12 162 56 274 69 138 33 293 35 58 20 110 270 258 76 14 96 87 6 75 3 247 77 6 171 108 49 74 216 263 207 39 123 171 135 187 54 292 165 175 121 116 151 157 208 53 115 57 202 199 288 10 207 204 207 7 177 53 
113 105 59 103 153 38 258 235 235 170 277 298 218 285 52 252 234 186 260 18 155 134 249 290 183 244 23 194 215 175 201 36 75 120 174 229 84 34 174 7 127 292 257 217 38 78 122 185 38 138 195 179 281 236 187 37 155 183 24 160 292 299 42 54 12 216 92 66 45 100 45 223 164 296 50 13 26 138 34 284 82 99 113 26 108 51 50 103 239 45 215 20 18 25 250 53 8 136 45 142 
114 3 61 139 65 242 140 18 45 78 212 9 179 168 147 225 38 192 180 206 44 294 262 56 66 132 20 165 86 132 133 288 123 271 93 230 63 30 47 167 240 37 96 68 196 285 91 238 299 270 279 12 153 236 3 89 32 53 32 80 142 36 52 38 27 229 228 94 126 109 155 233 258 15 38 124 31 107 143 169 44 289 222 247 191 125 68 210 3 190 214 36 218 93 198 230 207 28 172 245 
133 2 48 261 29 144 74 162 260 97 134 192 213 182 5 85 89 93 59 281 288 202 178 227 291 222 99 137 267 48 240 20 1 82 106 225 73 281 156 119 200 67 255 13 205 176 4 155 20 14 275 296 22 46 148 31 148 156 215 135 234 229 36 206 157 259 45 209 272 45 152 248 7 37 200 78 77 291 210 204 96 42 243 157 198 136 169 49 15 173 275 39 192 44 8 113 234 163 146 299 
163 117 78 160 212 208 264 269 144 79 233 70 136 208 29 266 296 218 295 232 60 95 133 131 186 120 56 35 171 298 119 181 273 271 167 286 252 292 135 103 43 153 129 71 269 57 28 195 191 32 267 254 92 222 250 197 16 86 160 222 217 11 9 281 19 213 265 137 6 275 105 267 202 84 168 152 194 76 232 90 211 145 110 105 159 132 247 94 69 261 284 40 260 30 261 25 80 107 138 118 
127 95 62 155 40 41 75 5 288 265 269 161 114 153 90 98 84 283 46 114 230 225 9 241 195 159 149 246 286 111 160 217 75 195 62 125 233 118 50 78 266 0 31 158 173 112 65 33 164 275 137 153 234 58 261 71 90 150 251 275 61 15 297 210 149 68 57 74 150 109 249 238 17 106 274 31 27 143 201 58 170 254 71 174 146 97 17 252 159 264 138 18 86 203 155 289 57 80 235 238 
47 198 105 7 240 182 190 5 101 224 284 80 279 46 99 115 250 141 38 70 115 109 149 113 33 249 64 37 116 45 80 185 71 31 68 123 172 9 68 235 146 198 12 57 210 187 275 114 257 218 262 287 285 99 58 205 229 95 63 288 146 23 9 54 263 18 72 147 257 173 294 19 168 266 271 263 224 287 14 244 235 285 151 24 167 232 200 6 295 72 107 228 178 48 72 191 119 263 31 26 
114 12 89 287 299 262 224 299 85 276 32 17 242 157 75 288 33 15 247 168 206 45 206 266 281 203 218 106 158 128 11 126 204 106 274 172 60 245 151 181 68 153 245 280 59 82 256 105 164 201 299 6 131 269 147 161 66 77 128 116 124 175 223 133 26 177 63 46 131 0 16 12 22 71 165 218 61 101 133 221 248 153 24 78 294 28 98 227 286 111 113 141 186 224 262 153 153 63 110 117 
183 178 163 82 266 252 4 120 142 45 57 69 76 179 90 10 210 170 115 30 65 218 120 168 268 225 174 144 168 12 62 129 41 255 252 1 65 203 142 40 22 14 298 1 252 99 93 31 283 136 266 291 170 94 227 23 21 20 218 19 60 246 102 125 156 3 227 98 54 273 255 239 50 132 207 21 286 146 234 137 278 193 100 114 206 9 77 100 82 84 202 9 125 107 176 26 205 255 180 257 
210 56 188 280 290 84 184 288 59 159 7 131 15 142 251 27 288 145 245 100 118 182 218 68 298 206 299 284 152 174 120 246 216 223 279 97 137 285 177 16 162 62 141 119 105 37 168 142 105 233 5 255 182 140 274 98 224 40 247 55 288 81 65 220 201 58 205 260 39 112 118 99 193 220 33 39 249 136 48 222 116 10 200 237 286 221 22 92 154 144 32 131 157 194 292 56 193 158 71 6 
38 68 19 158 88 44 241 172 174 119 137 256 26 195 234 153 265 202 271 226 281 102 298 75 1 159 122 114 267 262 283 247 131 149 13 229 296 54 159 130 61 97 232 280 78 148 211 180 79 201 271 0 68 142 17 52 277 284 221 78 236 86 179 27 173 19 174 203 101 51 177 96 118 137 278 186 21 145 35 235 45 57 227 229 24 169 101 266 208 135 179 48 287 263 94 93 110 131 263 158 
130 82 121 160 76 210 66 186 47 71 11 163 139 206 56 87 160 34 186 21 200 246 127 280 249 64 231 34 110 100 93 24 216 199 78 176 188 141 107 143 55 221 37 155 256 277 92 292 101 234 280 25 21 272 84 245 190 209 24 203 2 206 250 150 102 75 3 205 201 220 191 242 50 172 250 234 253 97 84 125 39 39 288 290 28 2 16 240 185 30 108 90 270 222 12 208 237 285 186 211 
83 131 293 87 43 142 15 123 177 118 65 181 77 103 212 63 236 215 238 77 18 200 47 291 253 147 1 286 40 153 46 158 228 84 169 270 191 29 130 187 297 189 282 110 124 222 254 229 51 187 246 92 246 42 173 204 152 277 255 259 112 151 99 117 154 221 255 299 85 277 92 258 241 153 230 14 231 70 16 76 266 91 52 205 1 85 250 95 222 169 261 161 121 224 265 94 201 9 207 206 
62 36 234 140 60 246 155 251 255 133 200 160 3 257 20 219 154 40 6 70 176 42 23 2 178 263 292 295 234 113 61 206 30 276 115 237 95 237 52 227 59 11 36 176 74 280 158 231 18 195 237 67 53 208 292 155 36 273 165 1 77 87 69 168 272 73 130 256 113 216 297 39 252 42 58 54 11 181 294 153 112 214 271 298 46 75 238 207 286 1 294 128 141 153 263 184 276 113 273 178 
171 42 50 34 46 216 161 60 272 10 104 217 229 10 233 9 7 180 8 0 261 207 196 91 131 159 195 162 276 230 103 51 216 28 215 50 24 264 109 231 108 246 177 143 73 138 113 283 279 154 170 128 36 127 183 248 174 112 30 97 141 203 44 291 117 24 220 173 151 263 230 207 157 193 87 202 215 230 4 239 295 90 36 9 24 78 232 189 155 16 214 239 150 21 252 154 205 65 201 144 
58 168 52 295 284 188 255 20 239 167 263 34 46 7 7 73 181 187 185 107 217 103 212 22 257 151 151 232 65 87 46 227 122 143 35 177 108 126 254 43 134 104 76 192 45 221 57 144 34 258 288 234 125 98 169 35 18 273 29 148 73 255 227 66 126 0 3 35 273 295 102 100 32 9 233 145 163 8 51 28 19 44 148 269 270 292 211 286 170 275 138 3 196 224 97 128 191 264 16 286 
253 284 37 78 168 263 53 88 165 141 97 119 50 104 4 118 65 265 152 270 121 62 66 197 91 15 122 71 116 166 194 186 202 72 142 283 255 21 155 26 35 119 124 99 72 278 62 187 150 262 115 269 50 45 197 66 41 38 20 265 270 19 61 27 72 99 116 69 177 255 89 196 84 202 70 34 248 218 297 285 252 221 275 281 281 216 184 49 183 239 157 271 101 14 6 4 104 270 245 149 
261 210 74 271 12 47 229 109 239 85 9 192 224 13 222 231 44 80 105 56 148 286 83 268 292 251 147 14 130 48 224 287 271 45 90 66 12 205 72 63 88 122 70 124 109 195 31 255 209 248 114 101 89 209 92 158 36 110 105 226 269 93 169 267 252 264 53 292 32 120 254 94 73 46 48 269 8 193 254 17 184 148 53 65 50 38 166 91 168 216 297 110 69 25 140 125 148 215 143 268 
211 269 13 76 46 188 143 146 213 258 295 128 258 17 140 168 198 124 268 241 61 172 174 38 268 61 17 216 182 191 272 147 146 183 136 110 5 256 123 148 171 203 142 22 154 38 117 165 294 284 6 34 62 226 283 192 155 44 128 85 151 63 152 53 225 194 291 248 183 2 252 39 54 203 163 253 273 235 198 182 85 29 76 147 296 234 142 14 253 47 49 197 90 48 195 14 223 126 61 30 
23 27 62 183 227 226 274 158 287 49 190 245 44 231 217 279 23 137 130 189 100 0 36 297 276 104 42 58 12 32 216 79 74 238 249 247 210 236 144 265 243 95 204 55 70 123 223 84 214 15 126 105 164 202 234 224 93 73 235 252 149 27 36 209 27 124 110 105 246 194 119 85 130 201 46 280 216 199 266 64 214 126 276 50 166 138 197 65 200 139 15 202 18 20 119 182 12 115 239 63 
36 83 164 51 175 8 259 155 261 285 36 212 138 12 59 216 154 30 230 63 230 92 155 42 258 214 178 83 101 225 162 198 276 155 160 16 83 98 247 90 274 297 2 104 247 252 215 234 299 53 22 47 54 178 93 17 202 73 209 152 239 74 5 258 245 19 201 82 262 202 114 27 215 214 220 140 72 11 288 202 162 283 75 97 152 113 135 206 205 93 124 144 214 60 162 195 83 178 233 278 
63 225 132 115 167 12 158 235 54 23 19 22 162 57 211 149 46 23 16 91 244 195 52 137 217 165 88 260 123 232 114 11 142 121 170 38 39 223 237 95 272 210 146 267 176 2 261 158 230 54 171 158 23 294 131 129 217 276 170 78 153 10 222 115 100 185 262 80 26 148 219 274 215 32 10 76 135 278 176 130 240 190 102 160 269 2 91 101 53 230 134 9 84 167 248 240 241 225 177 101 
53 10 58 217 211 164 47 63 164 237 290 127 85 293 144 189 267 292 202 25 10 70 199 249 185 251 264 223 112 230 180 124 99 97 16 287 227 154 30 142 279 128 250 30 81 41 93 241 256 31 122 57 175 88 85 298 83 10 94 288 266 27 169 146 133 122 43 202 76 2 225 230 251 126 220 270 19 285 49 12 136 47 21 72 45 253 76 92 63 185 9 147 199 128 10 135 151 296 166 228 
205 81 170 215 208 104 280 5 163 26 76 69 97 265 57 268 92 111 24 234 164 107 63 227 42 54 197 291 136 23 232 191 239 178 195 121 172 25 58 6 119 270 134 285 285 235 97 27 291 88 113 237 19 277 128 213 207 268 128 186 196 67 35 97 177 221 134 108 284 149 230 164 164 108 187 164 4 40 293 282 163 120 55 77 284 182 18 42 175 282 129 263 33 193 18 43 124 222 54 239 
215 200 24 228 221 5 95 286 115 285 113 224 231 90 2 70 238 110 202 268 170 117 194 67 0 52 173 144 192 34 82 183 55 159 180 130 148 39 51 263 170 240 73 295 264 22 99 0 186 73 232 35 123 40 182 246 280 97 108 102 268 289 284 140 252 273 58 189 113 97 45 142 212 136 73 121 201 120 56 222 187 216 136 173 71 227 217 152 111 271 179 3 113 229 87 186 15 147 163 11 
157 247 170 81 205 134 161 20 223 101 55 261 262 106 199 28 193 270 223 105 153 282 126 92 94 44 219 29 204 115 217 186 164 2 115 98 211 252 233 190 218 92 170 145 282 111 115 237 242 202 88 28 59 162 138 293 288 197 172 180 110 7 26 195 189 117 34 22 139 73 169 87 81 197 211 270 52 256 98 256 209 2 236 119 273 144 249 290 274 37 138 156 242 247 140 2 229 260 49 212 
232 274 229 185 16 101 220 172 292 96 206 25 231 295 251 204 94 183 180 182 145 114 177 209 3 285 265 259 287 212 147 170 48 225 126 210 32 199 71 218 249 247 253 240 248 248 21 220 147 0 100 23 96 235 110 195 286 103 183 137 8 96 279 62 143 161 182 212 281 195 35 217 263 286 62 280 207 273 230 34 279 73 23 19 100 273 127 38 74 209 196 126 79 80 131 261 258 42 243 121 
187 110 19 114 296 220 108 215 65 198 231 156 163 144 18 99 1 122 181 233 140 205 151 172 257 280 86 75 297 125 163 26 80 102 293 150 265 81 117 131 17 224 170 192 30 153 234 6 250 181 161 78 152 157 16 136 278 121 124 216 15 225 16 198 235 118 92 80 217 266 192 69 200 266 65 91 197 226 66 10 108 198 217 107 161 124 235 238 213 106 297 196 29 290 225 31 98 171 20 187 
181 130 189 20 293 216 194 101 244 161 161 261 274 198 235 25 16 259 172 213 279 116 49 234 110 293 25 271 121 227 277 194 220 293 180 202 13 11 107 74 38 9 49 33 257 16 33 272 152 13 239 119 195 46 192 183 291 268 70 283 2 129 263 194 12 199 181 45 52 202 146 66 171 255 73 252 36 132 25 291 162 294 96 98 58 164 274 235 223 46 231 187 206 93 10 47 97 257 164 202 
209 213 225 36 24 274 125 95 36 7 93 264 33 274 219 247 271 154 203 282 119 184 256 55 11 188 115 253 241 38 45 281 293 17 219 178 273 106 217 161 185 43 87 273 70 254 168 82 279 45 124 188 15 204 13 278 65 89 276 180 125 202 24 74 147 296 104 258 82 183 237 104 186 23 50 171 208 229 115 271 297 140 143 184 234 17 50 234 192 49 254 299 200 178 82 293 264 281 119 208 
101 102 193 126 216 272 194 14 236 287 53 137 86 91 170 243 161 200 299 189 291 266 46 251 95 85 85 169 135 209 74 70 113 286 241 152 294 196 299 129 134 281 284 89 110 127 75 270 135 123 240 92 230 86 142 248 73 204 11 223 65 230 108 115 252 52 85 194 177 278 205 246 5 222 198 255 8 219 132 70 89 220 169 183 158 97 4 202 148 45 90 191 229 275 25 54 179 47 245 284 
132 79 288 63 146 50 297 183 29 287 43 162 10 115 299 217 27 165 22 133 160 114 200 33 144 117 262 36 141 43 26 269 232 237 124 181 8 70 267 177 224 160 282 257 243 299 20 108 96 204 254 292 142 243 199 193 70 74 153 209 114 244 10 223 256 171 85 40 68 241 210 221 190 145 248 174 260 252 277 250 34 34 23 5 114 258 233 234 70 76 103 161 132 47 99 168 293 74 44 280 
257 191 108 58 226 294 108 34 52 254 295 160 280 157 49 162 55 217 225 109 217 299 44 147 280 43 107 13 71 256 271 148 100 173 196 149 13 172 132 65 103 10 180 42 151 19 88 196 166 35 246 254 290 62 77 97 173 152 136 189 225 32 103 257 281 134 54 74 263 54 183 291 122 255 190 120 34 143 91 70 142 293 190 61 242 229 32 169 281 291 296 114 132 166 177 292 135 250 78 101 
235 260 61 12 77 249 128 269 162 34 112 22 200 162 192 74 168 276 75 32 96 167 153 54 75 35 27 206 159 25 116 150 194 22 62 95 19 284 217 251 271 70 234 258 148 78 208 121 37 24 168 254 271 84 86 135 279 122 219 258 140 92 28 92 111 49 214 209 165 145 259 116 172 10 42 19 217 37 138 185 57 4 173 106 150 110 119 63 7 191 188 75 87 110 26 256 131 96 181 130 
119 212 173 33 82 223 282 17 163 264 70 203 211 28 185 34 128 38 232 235 100 255 29 252 103 36 102 254 241 196 56 234 140 259 259 257 128 159 235 268 99 10 37 199 287 48 263 44 98 23 48 98 2 29 76 158 213 285 232 86 2 123 97 201 80 156 201 30 243 141 17 256 29 92 121 149 150 101 201 89 239 150 9 90 268 49 256 61 264 1 172 4 182 271 297 78 216 134 199 246 
134 209 105 36 80 148 23 212 40 63 122 217 256 62 7 229 223 255 133 201 297 192 31 279 288 272 13 22 48 218 233 23 214 12 145 33 205 184 288 242 1 56 250 52 277 67 12 92 70 4 299 122 176 227 295 5 0 168 35 121 99 194 199 91 207 277 79 207 111 200 214 69 151 182 241 281 21 265 213 39 50 195 14 267 120 165 237 92 179 253 153 67 50 148 45 138 172 140 217 122 
299 218 247 118 185 120 83 201 232 153 46 286 178 273 138 222 10 130 178 41 153 127 117 56 72 120 264 242 13 22 101 214 125 164 145 97 101 58 96 76 144 54 63 196 179 25 227 237 245 11 217 67 157 168 285 52 162 49 34 293 175 182 37 250 104 218 90 33 276 269 32 238 78 220 269 95 16 87 5 33 286 251 273 176 40 202 8 58 140 35 281 41 74 92 299 272 73 90 136 208 
289 196 180 159 184 68 78 285 126 103 128 269 16 294 48 226 218 96 101 79 181 106 179 84 33 73 58 290 127 22 229 88 164 132 218 143 270 169 24 163 121 198 85 107 44 208 57 194 50 267 50 23 286 83 186 143 221 284 86 17 186 114 256 62 31 179 267 1 296 163 253 72 288 239 294 245 66 58 64 144 104 206 270 234 114 285 208 189 242 1 83 268 228 24 157 170 91 51 140 78 
249 179 67 282 284 138 241 116 37 272 116 228 85 281 9 59 214 224 167 52 7 276 53 197 51 146 20 172 259 144 251 226 173 12 209 43 276 56 244 160 270 168 111 46 277 209 115 252 125 240 34 274 172 106 196 58 247 131 217 215 249 24 14 161 237 14 206 197 141 128 289 149 136 196 92 157 167 48 132 63 276 234 160 124 66 98 280 13 33 24 232 265 289 109 207 7 133 2 240 266 
90 166 22 126 60 267 20 271 84 204 140 217 154 238 51 118 89 141 269 288 45 67 269 276 44 27 76 187 276 87 202 231 248 231 93 41 29 17 205 250 131 61 116 142 40 142 122 164 116 97 227 47 182 94 244 21 154 280 96 266 239 241 200 23 11 126 49 208 48 183 72 142 285 110 134 234 66 164 173 217 32 244 87 228 129 273 57 124 134 286 243 272 153 296 94 128 146 299 70 180 
52 256 229 153 298 123 71 192 159 187 220 159 193 70 275 33 265 59 125 232 137 172 225 109 139 149 288 216 66 110 68 81 130 229 233 70 93 120 68 85 167 120 127 120 62 6 52 140 291 240 42 111 226 179 13 281 277 223 106 280 254 232 150 170 30 116 86 0 202 194 63 21 268 165 42 117 11 296 47 255 166 32 57 211 202 58 185 227 266 135 153 196 71 180 198 245 87 299 213 140 
35 152 30 176 255 156 262 22 121 260 18 262 139 244 199 173 145 69 109 261 134 163 115 64 180 183 152 100 298 186 83 106 233 78 271 126 187 153 261 190 276 202 291 279 117 247 178 53 34 120 55 93 266 217 61 31 122 144 118 8 46 107 115 298 155 237 292 222 174 143 168 3 135 131 21 257 66 173 88 62 129 164 260 76 202 133 44 239 44 215 237 173 176 64 208 3 226 268 160 82 
84 42 28 87 35 71 99 255 71 219 72 134 263 264 92 262 205 138 262 274 267 292 149 171 88 81 16 31 217 223 42 260 114 62 263 27 115 156 47 130 46 71 122 151 140 161 151 74 200 60 0 113 219 248 291 177 137 176 102 240 202 34 72 249 12 44 247 259 292 64 152 282 27 248 241 18 139 73 6 273 99 51 123 187 3 202 65 109 107 299 182 47 265 142 85 209 221 150 138 175 
121 222 66 75 105 195 23 191 49 34 19 188 5 27 210 214 128 182 108 181 235 257 51 184 64 34 209 271 274 283 274 114 231 163 141 44 33 218 271 82 130 52 56 17 10 297 192 160 277 97 189 118 117 155 91 270 228 143 276 37 290 160 74 42 194 102 229 31 219 152 205 186 49 13 11 96 235 265 15 83 75 34 106 107 140 160 297 15 63 44 14 277 186 3 278 173 53 95 146 242 
294 294 229 120 14 219 250 299 188 229 138 125 285 221 61 78 81 96 145 209 217 25 219 196 165 191 233 76 161 214 40 190 178 267 227 189 78 209 64 32 168 119 105 15 248 3 285 93 275 55 296 233 174 50 152 74 120 65 77 6 209 208 228 190 188 291 67 279 261 276 248 177 164 22 208 32 76 267 74 54 11 250 124 19 161 100 3 54 271 228 93 241 198 100 252 28 192 214 66 134 
262 183 160 44 191 23 55 82 188 9 91 227 9 96 286 186 278 62 201 90 61 12 113 39 67 230 29 290 85 277 154 284 118 10 59 254 186 65 70 251 112 273 298 20 172 29 222 108 102 236 267 132 55 273 185 250 65 179 68 270 52 251 180 143 8 46 101 294 44 88 157 280 150 116 290 43 296 154 257 75 49 135 159 37 176 36 138 240 80 142 47 226 169 0 141 280 285 89 242 22 
86 28 272 65 7 69 159 43 206 230 125 32 106 214 131 97 241 12 218 65 239 223 8 91 35 53 15 219 40 190 170 232 252 146 219 218 70 177 165 299 110 81 148 79 38 141 205 208 53 282 154 199 78 107 157 96 138 61 164 132 10 234 205 153 277 1 183 74 293 295 165 232 11 128 260 268 216 65 235 101 141 212 190 68 110 53 272 147 95 176 31 115 67 127 167 21 254 77 166 287 
40 91 181 230 270 50 247 234 217 41 104 246 93 40 51 254 51 269 256 50 178 275 107 215 294 280 209 4 194 23 118 231 116 109 270 52 35 287 176 3 292 237 231 113 84 258 179 155 224 108 249 282 46 297 202 134 212 85 213 9 138 14 105 231 65 242 152 292 281 212 263 53 170 238 34 211 182 56 64 160 130 29 286 23 220 274 107 258 84 179 28 14 181 18 209 234 38 289 16 80 
104 120 203 81 283 231 160 52 212 84 281 240 41 140 273 21 143 70 158 28 115 109 271 129 244 68 260 142 32 230 12 253 129 71 114 103 170 256 225 115 122 290 81 89 168 61 77 163 216 242 47 103 148 67 88 139 139 123 240 105 10 158 26 147 0 285 191 222 279 125 109 186 120 44 106 153 267 289 198 39 62 73 174 101 268 58 161 128 265 3 208 297 13 140 40 270 220 147 178 264 
168 35 92 251 32 216 107 97 131 299 172 39 98 112 295 216 267 197 0 151 15 261 44 8 224 192 140 298 150 32 35 3 230 21 50 67 17 237 120 273 64 144 196 92 196 30 178 105 12 44 283 102 104 136 240 187 32 239 5 246 241 245 75 204 136 0 96 262 149 96 260 221 173 55 32 98 119 299 39 140 7 104 121 75 173 104 3 29 33 84 82 295 102 21 252 247 228 230 4 31 
164 48 97 33 275 240 281 24 220 147 78 45 70 228 22 235 285 161 27 88 94 243 253 201 65 52 43 104 258 21 251 208 155 73 246 52 194 23 104 208 142 135 111 68 118 176 294 282 29 40 252 102 295 9 61 184 285 262 136 94 151 89 78 163 106 79 204 43 292 1 259 192 90 150 103 40 82 120 77 256 16 28 232 228 154 120 50 40 142 136 72 162 139 292 255 101 56 39 185 158 
276 185 11 53 187 172 232 46 32 113 111 196 15 178 272 178 160 27 264 28 177 53 137 69 229 140 156 198 238 16 50 269 292 263 117 71 150 246 228 26 8 182 200 47 218 100 60 148 216 187 111 149 114 253 169 96 166 85 219 234 204 139 79 64 225 36 136 197 187 275 169 36 263 168 180 190 244 236 264 257 160 110 299 240 208 5 286 278 273 253 46 288 268 26 265 122 34 15 55 153 
193 159 81 56 89 158 123 7 166 190 37 75 4 111 137 202 268 72 90 270 175 122 208 250 233 263 118 240 288 156 236 161 24 259 107 249 81 12 229 218 15 24 177 224 205 86 259 146 226 246 64 279 143 275 136 170 225 94 228 2 294 227 62 214 126 30 238 132 80 274 266 181 248 196 270 217 123 276 38 151 273 180 239 166 186 45 32 209 129 257 237 76 269 41 257 208 232 124 248 46 
165 129 267 122 176 162 278 282 161 132 146 296 57 188 33 179 88 171 263 294 252 154 35 154 232 189 173 243 273 18 260 144 289 276 62 270 204 0 151 134 228 282 252 266 251 81 141 150 104 209 125 123 127 81 24 43 184 272 162 22 162 286 178 5 247 123 185 157 260 88 216 111 75 103 54 249 151 260 43 135 199 156 50 30 9 192 62 241 93 205 240 151 78 31 190 192 8 91 162 187 
259 198 20 35 91 214 90 269 8 227 267 5 112 254 66 53 47 109 84 62 2 44 59 4 115 146 264 20 79 179 291 164 145 260 25 283 43 11 191 185 267 241 57 21 56 193 1 130 76 143 242 111 32 161 67 294 166 257 120 162 78 63 67 95 152 136 238 147 268 271 220 63 295 191 73 95 250 5 16 106 57 3 236 139 174 237 144 137 274 51 158 138 226 132 13 29 265 49 119 178 
46 13 143 101 185 259 224 295 187 201 205 260 278 224 50 192 129 131 38 148 143 140 163 292 21 53 59 179 271 248 244 146 164 237 255 36 153 191 32 205 102 69 57 178 278 138 184 196 136 48 62 153 203 1 297 19 3 2 260 262 36 143 1 1 14 52 120 108 170 259 206 96 105 209 265 110 225 137 18 101 8 2 26 138 103 237 109 101 147 171 8 233 56 45 262 56 34 12 30 160 
168 197 267 30 241 134 51 145 277 242 48 173 136 287 240 268 222 181 264 40 42 293 91 151 52 51 152 235 229 52 145 270 233 204 153 17 36 299 105 111 180 100 222 32 214 11 114 39 90 223 4 193 280 279 197 75 100 259 237 154 18 49 57 20 78 33 50 254 18 140 245 136 106 24 200 288 211 288 90 119 263 221 127 132 260 222 46 202 31 92 170 280 255 257 290 31 38 37 260 28 
26 270 161 251 52 116 227 299 205 180 107 43 58 55 7 252 58 189 126 100 6 170 255 67 236 179 36 23 170 197 37 177 237 212 36 25 69 110 93 115 212 194 204 152 211 171 206 3 224 60 154 5 104 6 209 21 2 291 116 288 61 257 212 123 71 270 289 199 102 102 244 34 91 215 155 90 285 7 163 51 275 59 80 56 66 143 262 3 229 186 16 121 17 147 100 280 19 56 270 243 
151 278 98 77 107 170 63 169 65 98 202 117 246 291 121 299 151 249 32 193 4 31 225 20 34 205 135 109 281 263 94 37 107 224 233 215 232 235 64 73 262 105 262 241 270 235 226 176 184 125 114 122 252 106 296 219 137 286 296 229 98 262 277 63 287 120 36 210 213 195 94 154 9 51 133 251 262 219 141 140 73 194 255 12 172 68 111 55 270 79 179 75 286 166 31 171 162 4 242 72 
270 12 285 67 266 188 118 158 236 112 248 275 285 112 285 101 241 188 256 35 104 99 264 138 264 170 236 215 229 146 141 202 264 296 173 205 44 28 69 132 52 29 58 268 48 296 15 214 206 278 145 273 132 190 143 196 129 10 4 17 276 141 68 120 131 35 22 196 251 48 123 291 111 198 14 81 176 120 169 263 288 31 196 211 137 56 292 43 284 270 212 273 213 250 71 62 114 224 196 172 
284 215 262 40 17 292 294 40 142 227 91 247 251 286 188 3 96 66 272 95 106 243 170 45 11 156 86 256 194 7 260 168 31 194 19 207 253 257 41 10 245 146 105 120 98 155 233 167 109 147 89 122 247 136 151 299 60 207 61 9 195 72 40 290 199 175 110 235 140 224 95 127 71 75 83 84 5 267 243 91 263 87 132 47 30 297 64 41 277 79 160 190 15 184 134 176 161 280 200 26 
137 198 196 294 0 69 17 296 158 92 162 37 239 39 174 277 287 191 215 5 169 277 231 215 125 54 200 107 272 93 235 30 17 97 184 253 265 180 143 4 214 281 34 99 208 14 269 41 128 21 210 204 201 32 202 256 139 270 0 295 17 52 245 52 256 248 163 14 130 89 81 236 8 227 167 211 98 21 255 155 194 7 51 49 60 5 286 137 174 33 88 24 68 199 104 52 1 96 37 190 
74 99 36 211 278 136 137 207 263 226 182 119 144 46 212 222 227 182 9 233 25 86 58 49 224 66 178 105 112 287 110 233 73 251 290 31 136 159 180 292 277 195 88 188 35 77 24 9 270 249 180 177 125 221 297 91 206 11 37 145 122 55 282 263 93 103 145 222 39 124 72 109 140 251 20 272 74 152 91 63 84 282 24 85 149 70 228 279 225 160 275 54 267 108 254 168 56 85 15 25 
15 272 18 136 209 183 77 161 199 272 12 12 17 119 15 93 246 114 5 274 17 128 267 37 162 297 192 243 106 49 2 104 99 54 184 219 267 170 209 104 262 207 253 180 147 130 111 57 271 45 247 111 44 196 1 86 128 54 229 49 116 141 284 174 268 235 76 111 252 20 47 137 288 48 245 235 235 243 115 288 21 61 174 25 288 135 281 9 56 55 162 86 177 207 291 41 69 285 60 232 
125 274 135 43 173 292 52 240 76 148 114 248 200 80 102 87 257 13 27 69 283 121 185 90 111 182 170 291 163 62 238 6 208 62 169 132 188 81 70 136 279 163 46 219 19 157 147 274 116 195 11 251 185 182 132 233 255 67 13 169 181 93 140 261 277 111 293 294 82 70 128 163 151 67 130 70 63 296 293 30 289 235 117 192 277 285 126 222 11 89 31 235 160 255 68 160 0 210 199 278 
239 59 84 97 18 5 66 288 91 14 121 39 287 123 145 146 48 215 295 38 103 36 82 236 280 3 217 68 135 109 232 248 217 125 199 218 264 76 138 19 36 234 209 85 115 239 179 89 97 174 198 261 43 225 141 146 128 133 283 157 165 219 78 223 23 223 165 41 35 280 110 21 205 29 270 87 200 290 152 251 229 173 261 175 269 134 33 147 64 190 61 299 128 280 214 245 159 122 7 188 
260 273 98 244 111 13 117 6 127 280 142 114 119 133 39 4 12 237 28 184 158 61 281 38 189 193 161 236 46 164 79 213 33 212 298 122 77 180 192 34 271 141 214 248 24 57 88 135 54 102 15 17 115 46 66 117 35 153 89 277 135 207 239 177 166 112 290 107 232 238 5 171 233 266 281 39 167 157 164 98 7 124 30 94 254 121 45 53 78 284 252 264 26 287 237 139 67 82 103 277 
112 33 130 49 268 210 102 95 17 21 219 155 237 27 25 282 229 279 4 166 120 39 52 249 257 114 131 269 127 292 211 290 92 263 209 103 226 289 156 146 182 154 142 175 1 131 5 267 4 51 104 176 287 297 243 71 170 182 172 65 2 12 176 60 25 99 213 211 8 80 133 6 9 67 247 93 50 17 284 91 152 117 265 143 95 66 87 288 85 58 208 200 101 34 4 21 166 94 214 247 
12 189 44 209 55 53 187 283 53 92 196 79 149 166 275 195 153 151 170 42 195 23 158 50 260 148 289 126 84 175 16 224 90 51 76 241 215 214 246 187 41 92 255 179 282 133 23 295 157 83 23 298 100 4 72 191 234 104 133 114 283 218 122 57 285 59 171 211 26 32 5 287 0 118 227 290 276 67 191 244 130 18 226 240 239 1 97 271 108 81 262 279 142 8 102 168 166 239 184 178 
299 299 110 229 274 293 91 198 66 222 201 182 16 80 75 271 160 98 113 73 253 188 211 99 249 39 155 143 189 106 283 156 219 185 275 233 132 41 206 141 225 136 267 113 89 50 282 149 21 220 100 254 266 24 99 275 165 158 50 211 101 209 156 79 178 272 147 289 166 174 154 80 200 57 107 216 238 139 207 248 147 74 3 134 234 153 196 191 126 114 49 164 210 287 171 164 43 256 101 287 
191 41 58 227 116 275 68 73 250 52 94 133 45 41 232 177 2 168 221 219 239 141 285 270 213 144 13 87 18 39 83 25 80 9 162 145 201 64 298 230 167 87 267 220 289 80 128 111 206 52 138 219 21 146 254 129 162 276 180 240 153 239 0 265 264 183 190 156 90 35 8 76 253 174 135 277 263 99 235 167 269 289 31 234 31 285 153 212 136 44 121 67 201 83 228 176 32 254 150 94 
95 285 12 267 133 237 152 159 28 214 162 19 12 119 64 29 130 23 276 160 68 99 168 135 93 112 139 261 160 46 62 252 34 149 253 94 19 59 91 275 48 54 11 169 170 47 17 56 226 203 149 185 286 25 134 161 295 9 105 98 19 211 299 42 232 179 175 23 82 252 9 290 194 26 124 262 212 272 119 119 262 49 198 267 137 263 113 17 151 102 134 93 33 130 247 28 88 167 86 216 
183 156 40 281 183 146 203 241 57 186 116 110 259 126 217 58 129 20 119 31 78 67 226 163 55 174 275 193 176 154 94 210 209 8 170 187 134 11 54 24 118 146 233 36 108 113 192 109 159 192 11 143 36 21 153 224 225 180 135 175 140 223 272 277 269 203 134 59 40 63 44 261 30 299 215 130 146 266 117 46 151 144 28 120 20 27 115 96 206 278 96 64 205 271 258 225 62 1 115 240 
172 221 41 241 222 26 184 276 280 286 111 227 112 95 0 147 170 261 249 34 223 26 204 69 263 236 25 65 245 186 147 223 239 46 176 56 278 297 250 242 291 52 162 249 283 97 298 61 268 276 217 268 256 80 261 254 117 36 42 178 2 175 177 256 25 184 287 234 205 146 135 252 34 156 290 211 87 294 78 83 32 35 152 124 204 286 78 102 112 271 111 85 236 211 69 7 17 286 133 171 
68 4 177 249 42 198 179 283 109 295 212 92 22 283 287 103 131 286 118 183 27 43 2 136 175 263 135 228 16 185 282 202 190 192 231 63 51 27 281 71 224 167 152 187 275 170 217 173 254 219 95 251 291 110 113 55 209 130 71 258 293 124 94 64 52 165 165 208 104 66 112 16 297 139 138 147 98 66 237 205 149 86 236 83 99 236 278 140 179 140 253 126 161 255 298 65 158 99 266 253 
254 88 120 298 84 202 218 277 240 110 9 45 115 210 17 75 156 91 196 17 288 113 209 44 71 146 288 281 167 139 168 221 192 71 89 265 64 276 28 1 161 295 192 67 209 283 30 274 178 101 62 255 26 234 79 244 184 174 189 92 299 152 222 254 219 109 96 69 174 141 184 59 188 84 277 156 10 253 251 150 148 229 106 222 209 14 124 146 203 62 61 213 231 2 124 46 274 174 55 229 
9 106 19 282 194 89 226 60 123 201 0 89 194 20 259 226 210 26 246 21 101 42 161 133 227 149 58 79 74 212 175 38 286 242 279 252 290 67 126 3 144 298 53 200 154 193 145 275 193 4 102 95 294 227 243 173 46 82 221 87 270 121 137 125 16 45 61 3 229 116 1 140 92 113 162 79 197 148 60 116 213 10 165 214 5 8 233 158 269 280 123 58 227 237 279 51 96 112 178 124 
71 287 71 0 275 41 199 38 178 229 128 31 179 236 153 275 63 49 249 219 31 87 93 166 13 242 47 51 18 162 156 23 183 165 124 148 294 106 117 12 283 61 205 38 162 132 236 97 7 35 213 87 133 276 75 137 139 234 144 164 229 143 41 96 205 256 213 13 9 28 14 55 244 75 151 158 87 212 197 218 14 185 76 297 191 278 230 21 22 285 145 61 33 136 256 90 86 3 188 270 
31 288 112 73 198 52 187 218 205 219 171 128 35 271 54 254 148 189 196 116 285 45 288 151 60 176 144 238 150 66 2 90 101 93 273 159 57 114 99 280 89 222 240 173 99 274 66 166 140 266 267 75 129 44 144 50 227 267 263 28 156 250 36 116 83 79 115 261 40 295 8 238 103 284 3 47 38 284 162 145 225 24 281 5 126 157 81 206 281 2 184 236 145 198 140 93 59 47 0 278 
240 179 135 97 38 233 40 270 223 140 121 70 184 175 160 132 23 101 103 138 251 139 295 186 261 6 159 173 212 120 210 296 156 252 62 161 71 290 179 144 39 87 123 27 24 228 175 2 204 207 110 35 132 129 68 93 151 211 10 140 108 254 204 253 129 52 75 202 105 1 0 227 173 255 284 2 74 150 146 180 66 183 34 58 38 217 255 223 111 28 268 282 204 265 162 110 42 195 189 263 
169 113 63 229 286 79 113 120 289 205 273 254 145 149 43 133 142 213 24 162 106 149 12 26 151 130 207 11 48 71 151 294 46 163 244 176 249 143 20 41 47 150 43 160 248 38 66 92 71 152 259 283 176 15 20 165 54 120 285 255 279 250 111 77 245 17 103 20 107 108 82 93 80 239 254 58 192 57 33 137 149 230 261 146 68 241 199 99 112 272 187 128 70 183 180 297 197 270 113 199 
8 45 108 111 86 19 157 291 168 294 141 206 118 108 144 230 71 55 25 196 78 277 18 200 265 295 270 178 127 246 196 132 79 139 4 164 210 131 149 160 105 50 251 9 247 205 173 233 112 229 138 60 31 259 0 96 82 57 25 280 247 262 125 294 252 84 243 224 194 249 76 213 211 100 89 220 295 38 161 73 128 148 242 30 40 270 206 60 146 253 21 98 196 97 257 282 32 154 266 235 
270 68 167 90 61 200 249 56 44 45 270 223 294 275 277 120 65 223 188 124 224 75 102 165 67 223 58 244 267 133 76 209 126 16 34 215 44 151 153 164 2 36 146 207 263 83 147 40 189 25 82 271 154 232 240 249 279 113 182 48 176 51 8 226 173 82 38 63 51 96 295 102 66 75 179 4 91 191 20 211 253 44 9 207 16 207 275 22 177 26 63 181 256 82 132 173 47 249 221 99 
118 291 230 256 24 288 283 12 209 295 164 17 56 45 99 118 199 61 216 192 292 190 187 253 275 45 151 171 177 293 109 207 19 273 78 155 87 201 245 113 90 135 116 81 219 87 170 117 199 100 129 238 81 190 217 122 8 105 129 244 79 55 40 291 36 153 194 295 292 261 41 280 181 0 206 265 189 22 20 268 283 78 155 242 228 41 169 269 139 169 297 88 128 202 40 139 257 155 164 176 
