228 234 257 227 261 30 166 81 214 235 204 24 3 222 147 23 124 178 106 29 68 39 290 230 267 289 136 177 59 224 196 108 113 171 212 293 225 74 236 141 29 164 47 282 141 264 34 249 208 28 123 208 262 7 73 68 31 120 294 46 120 136 65 221 287 70 221 80 199 21 77 8 92 154 102 12 271 276 138 203 170 284 94 257 219 36 146 238 99 87 140 112 297 122 198 27 275 146 80 197 
116 141 69 106 54 101 37 166 194 79 191 114 250 224 87 229 38 122 287 30 286 32 98 216 279 11 113 5 296 168 197 276 175 254 188 27 196 266 172 216 153 271 257 250 75 47 86 262 128 235 139 74 1 130 44 61 61 70 257 240 191 138 64 297 257 183 279 3 50 31 239 253 197 94 132 74 134 221 292 216 100 25 278 0 71 146 70 197 17 215 74 284 60 215 290 232 277 136 80 265 
211 115 186 91 217 4 81 196 70 135 287 137 243 55 111 109 153 275 48 162 20 106 211 261 58 23 197 100 160 161 101 283 228 123 245 92 210 64 262 254 252 44 200 291 252 62 280 140 191 41 202 14 188 48 178 63 165 247 22 79 274 23 280 231 140 261 196 109 248 54 37 25 271 297 280 95 64 165 24 67 88 260 236 298 249 292 86 85 186 66 190 295 122 293 223 150 180 60 103 178 
42 126 64 293 212 268 253 22 154 92 279 132 268 81 70 77 35 263 175 28 117 252 167 133 253 155 68 51 267 180 42 190 212 216 137 205 215 231 133 29 107 283 118 252 53 175 73 237 216 136 22 193 9 142 75 224 186 174 85 220 50 10 142 291 52 169 11 83 175 249 78 263 47 91 75 275 112 214 131 112 275 159 65 17 203 267 113 226 50 57 176 271 296 133 77 43 195 173 141 217 
248 287 166 286 105 247 51 89 180 59 9 96 66 296 41 211 3 283 232 277 281 156 75 229 166 25 273 95 184 130 185 0 47 264 20 284 54 124 182 249 42 137 260 162 149 120 58 186 296 211 166 7 286 267 49 118 212 195 236 119 233 86 62 296 140 232 148 159 273 8 269 249 49 0 246 77 262 282 53 21 198 66 162 261 217 135 98 98 73 42 292 271 130 264 92 237 155 36 238 204 
115 165 6 219 235 97 81 20 146 46 292 69 14 188 16 274 31 243 118 1 250 94 175 126 108 101 27 58 6 115 262 226 43 71 227 224 160 271 64 230 20 85 245 218 240 285 176 101 292 260 241 26 98 276 111 113 134 276 251 133 172 5 108 259 190 144 294 0 177 226 71 260 37 254 146 124 63 186 202 145 71 293 195 46 230 139 199 285 22 81 280 204 215 2 112 217 232 18 137 18 
94 195 97 23 268 249 293 246 92 286 6 136 181 30 176 1 18 63 59 71 121 52 30 248 191 263 90 269 84 36 83 288 210 37 152 144 147 179 85 118 130 242 180 52 9 171 45 267 21 57 59 166 194 238 281 281 282 175 46 207 38 287 123 188 282 276 227 74 154 31 85 170 134 32 32 57 248 193 60 224 159 55 115 41 102 266 250 222 189 119 296 239 124 138 119 299 257 260 66 179 
110 69 291 207 20 207 55 173 166 51 78 287 41 224 127 127 224 204 111 225 275 101 36 61 211 65 262 273 140 70 189 17 75 205 198 101 127 136 287 139 238 113 28 245 299 53 75 169 70 137 46 248 189 195 151 220 114 125 108 198 291 177 104 226 252 260 98 295 19 21 17 178 144 124 128 186 92 232 223 271 196 192 129 252 242 197 267 153 251 253 213 297 265 150 0 35 146 233 219 35 
286 57 250 71 77 7 236 102 233 108 83 285 131 105 238 33 100 33 66 148 246 293 197 31 234 151 143 259 276 169 153 103 1 68 172 82 265 262 238 257 61 225 284 55 147 229 279 95 19 93 206 281 4 37 216 265 3 138 22 264 163 291 56 84 71 107 253 195 180 138 56 15 37 156 236 4 183 291 262 137 80 93 133 212 297 86 22 264 128 131 106 72 139 63 21 134 185 221 43 181 
64 290 241 143 49 232 264 181 92 63 158 36 255 275 106 288 172 19 68 267 156 241 109 289 107 233 34 245 230 250 76 134 172 122 176 114 40 181 145 55 265 98 270 200 39 213 164 278 253 196 168 113 128 112 33 8 279 258 184 176 144 98 35 28 162 215 247 204 242 260 101 175 135 91 240 177 117 6 33 203 138 54 239 9 72 80 92 176 141 73 292 29 291 130 52 228 166 292 201 89 
17 52 206 284 205 82 67 115 0 119 252 168 193 204 66 272 207 109 284 92 218 122 276 202 28 105 39 286 161 25 254 84 210 269 215 141 224 223 55 134 89 139 241 236 98 74 159 182 45 160 287 43 245 266 254 32 35 176 192 169 159 194 286 275 296 52 99 289 180 247 172 189 7 18 72 186 238 269 68 191 55 53 299 134 95 40 276 94 147 94 91 71 15 260 209 212 5 104 76 65 
164 25 282 73 171 168 265 117 104 236 135 123 161 38 63 26 283 156 60 134 257 167 296 298 126 94 35 88 121 185 17 217 181 114 186 14 85 234 220 150 29 135 42 169 178 25 71 160 99 143 185 262 284 235 83 47 295 213 109 95 93 255 106 53 38 77 14 144 180 115 289 57 121 239 128 290 115 285 267 239 3 36 266 264 137 163 144 170 131 275 205 165 121 67 75 264 152 122 95 198 
209 76 5 230 291 263 205 118 267 255 7 146 68 283 117 58 80 82 119 66 286 54 132 229 64 268 240 296 46 105 161 214 115 76 82 248 64 103 212 21 223 226 199 220 102 13 249 0 36 13 1 193 219 34 99 124 138 167 233 211 85 159 5 34 35 235 185 13 199 232 191 271 294 90 31 250 124 60 238 284 53 38 24 125 27 141 44 190 17 103 66 230 41 159 253 267 228 1 263 139 
33 264 213 7 249 63 175 84 259 79 128 172 169 7 14 291 249 185 105 3 66 4 103 21 225 161 299 61 275 251 274 35 110 133 151 143 116 194 20 150 106 159 295 130 77 92 269 239 1 182 188 107 140 134 257 143 289 266 234 268 152 56 232 289 245 143 207 21 210 254 164 267 106 110 247 60 64 295 147 205 169 162 263 118 117 278 150 74 195 85 113 7 286 216 63 48 262 81 86 62 
72 215 128 236 271 247 56 99 71 46 10 76 115 299 97 87 233 255 195 276 276 174 230 35 1 191 9 10 62 107 220 18 101 238 113 286 156 98 195 190 101 37 180 226 139 112 225 271 249 209 217 266 75 233 36 45 111 270 129 57 249 233 145 212 154 150 233 255 89 272 34 279 208 286 88 49 86 298 249 26 117 145 22 16 37 211 187 66 213 205 263 162 70 176 194 137 6 103 222 207 
40 220 178 144 108 143 214 94 272 0 32 248 76 130 100 146 21 263 34 133 6 206 166 181 78 35 197 158 198 14 26 228 282 270 296 206 107 151 190 193 120 138 274 100 259 160 90 67 189 126 299 181 4 115 44 58 1 186 20 37 290 122 275 52 270 99 222 217 166 279 260 265 194 109 71 152 89 160 11 208 277 111 98 281 15 231 16 56 174 82 293 178 197 35 148 201 157 258 290 269 
239 94 188 20 168 223 187 138 179 213 101 254 99 246 145 110 272 19 254 93 137 90 210 155 232 218 105 285 178 279 99 222 170 20 50 248 19 102 14 299 200 167 279 2 4 31 125 12 163 1 43 103 175 50 166 275 190 229 290 264 203 203 180 139 227 149 274 98 134 146 149 247 113 262 13 11 287 251 218 71 235 100 13 43 76 255 220 81 264 295 27 24 44 85 199 153 200 230 32 34 
275 130 250 261 70 135 51 256 45 29 104 3 124 93 85 189 207 236 166 58 33 61 192 164 122 189 83 136 240 74 184 76 106 78 174 23 46 17 293 64 53 238 96 231 260 58 55 4 169 169 195 22 102 209 9 171 265 292 296 192 85 253 171 195 104 222 82 287 142 1 119 284 25 292 72 144 225 230 72 270 277 246 163 60 66 10 214 222 240 48 298 97 200 204 111 84 153 143 260 10 
281 106 229 216 81 253 42 138 163 241 198 121 148 200 26 166 110 1 299 77 288 292 181 198 272 286 178 56 172 228 198 248 144 48 0 216 186 293 180 77 207 252 47 214 209 78 72 98 146 140 164 184 260 233 205 176 45 91 158 140 294 281 218 133 202 3 126 224 40 26 164 261 12 118 277 189 161 69 89 53 237 289 198 42 277 261 226 51 289 272 221 23 222 247 38 296 220 144 184 199 
222 150 232 293 27 19 102 141 12 76 129 267 244 100 199 140 139 43 36 279 162 208 149 76 201 249 113 171 113 270 103 190 149 204 58 215 156 36 12 52 9 211 277 8 14 283 20 251 213 123 223 116 148 107 12 254 182 291 290 32 263 109 121 130 76 5 13 269 262 272 49 288 41 166 183 16 52 184 262 69 179 94 276 126 256 174 257 138 58 53 55 184 299 150 232 104 172 148 269 168 
130 295 4 38 139 278 64 34 221 139 35 238 259 123 245 136 182 172 116 24 165 228 191 207 183 276 138 155 108 209 294 127 171 133 281 174 72 26 169 243 142 42 141 128 174 122 120 219 181 93 169 296 206 51 178 48 163 67 265 274 97 273 24 268 50 111 204 292 119 38 176 223 159 291 259 121 95 184 83 175 265 225 80 90 30 139 264 25 10 164 148 172 195 2 27 177 195 112 9 103 
229 251 3 262 139 106 81 227 59 144 52 280 39 117 193 129 160 183 293 124 289 2 274 250 125 6 235 83 217 17 148 8 30 180 224 279 7 133 154 268 185 250 109 277 131 280 236 190 25 55 113 170 120 241 245 260 260 105 80 78 124 233 157 128 153 217 153 4 14 186 72 224 91 127 4 48 257 119 85 69 260 203 165 123 14 9 12 274 107 162 62 62 213 196 20 233 39 171 33 227 
264 168 174 29 209 178 48 207 92 233 64 250 242 124 59 78 239 259 275 83 15 289 142 71 4 102 169 183 267 220 72 117 223 116 88 166 40 19 257 75 200 250 249 269 90 189 204 37 288 70 150 33 243 70 50 140 40 280 189 92 294 263 278 206 145 20 218 6 32 211 107 76 274 26 129 145 29 146 209 134 213 19 101 22 120 74 247 46 90 113 42 90 279 237 91 166 274 7 120 74 
232 157 210 33 226 14 210 56 223 60 176 110 217 9 276 67 18 244 94 165 114 85 73 99 227 60 251 104 147 126 167 82 233 41 242 112 227 225 45 264 79 202 215 141 1 172 236 272 16 268 249 13 58 105 215 153 13 195 30 266 24 59 45 226 234 23 279 243 138 299 139 182 78 124 260 171 84 268 259 228 134 179 138 238 201 144 43 212 122 115 96 62 220 177 55 25 144 76 61 195 
78 173 243 113 271 91 117 183 47 54 106 81 197 256 184 163 69 170 84 190 10 138 153 213 44 84 86 248 207 51 28 8 156 242 92 179 23 274 153 163 126 277 54 225 241 155 242 110 119 108 48 113 244 262 237 102 127 145 200 20 278 76 52 22 207 298 36 218 1 193 3 297 80 181 225 245 174 177 270 205 194 149 158 71 229 295 280 123 258 215 51 283 17 92 174 16 220 61 242 228 
214 245 101 10 93 275 197 45 142 200 187 45 167 141 89 130 276 156 83 298 116 50 133 201 198 150 192 3 211 80 290 87 78 241 78 265 175 258 88 13 236 219 245 29 129 65 131 215 242 109 144 92 106 31 164 24 58 47 279 104 183 231 111 295 52 65 266 160 223 58 208 92 154 131 264 27 297 59 187 37 250 230 29 5 88 1 170 86 252 289 204 137 100 248 251 174 33 149 197 193 
128 200 276 111 96 86 260 245 178 194 213 26 173 108 164 5 45 264 1 145 33 230 230 126 216 233 173 262 60 70 131 238 268 235 160 123 244 207 185 224 141 231 109 232 83 206 247 264 221 85 280 275 236 69 92 1 140 213 186 289 210 183 264 165 247 243 147 157 47 266 187 76 38 260 263 224 31 268 73 257 114 58 19 272 131 79 188 288 7 8 184 97 238 153 157 187 162 232 171 240 
31 244 79 185 116 36 176 258 105 150 165 130 281 42 110 254 130 15 17 56 275 35 240 287 237 258 68 215 29 139 283 279 196 232 43 267 80 171 94 78 239 285 153 297 237 282 161 152 190 209 270 9 260 241 14 278 75 20 290 135 259 59 247 269 250 203 256 9 57 142 18 212 2 84 160 274 284 192 228 189 235 70 281 251 235 231 11 44 159 39 180 197 216 289 179 23 72 103 299 273 
232 252 96 75 273 204 42 287 18 79 283 106 100 221 109 94 64 203 21 175 5 193 228 26 126 112 208 245 150 62 178 49 12 66 257 4 269 144 55 123 292 43 282 31 94 226 146 213 266 123 13 16 270 40 156 146 102 144 280 255 149 252 207 169 34 42 247 151 121 184 187 277 50 181 262 112 232 197 52 262 122 115 144 267 118 148 150 153 251 29 56 293 69 55 156 35 118 270 128 128 
59 280 226 114 23 284 173 148 171 223 284 123 31 229 213 244 84 295 132 78 199 172 81 18 121 33 35 82 111 233 175 127 160 269 224 266 3 237 20 28 243 39 32 185 122 79 71 86 249 239 53 158 134 140 213 148 22 26 251 185 53 108 115 263 3 30 34 137 140 54 284 125 283 190 117 207 142 241 88 119 129 283 264 166 233 193 161 13 231 216 140 153 273 134 222 237 144 88 138 166 
104 9 199 133 203 198 95 251 168 249 111 17 51 108 251 240 196 288 150 1 45 137 173 298 23 111 287 70 249 245 153 31 291 274 215 96 157 233 87 47 196 237 203 281 215 105 293 124 282 240 251 18 171 292 120 72 179 136 182 235 151 51 28 210 22 279 258 216 2 275 243 296 181 196 182 191 94 110 238 136 72 297 287 123 222 2 284 126 7 96 295 127 297 230 109 52 8 150 146 111 
141 46 217 170 203 115 175 286 204 208 102 58 73 200 28 95 118 129 265 49 102 11 98 193 237 252 178 145 283 142 6 23 11 284 223 177 100 141 294 256 32 253 97 112 114 148 193 35 154 84 64 234 142 293 43 164 63 235 46 108 72 72 182 74 99 37 47 225 129 118 267 243 275 255 167 120 282 105 54 227 199 284 243 75 135 219 130 93 108 271 156 135 25 283 266 176 255 195 268 261 
145 118 203 112 68 294 57 274 190 195 191 211 60 295 103 4 243 288 179 256 112 30 86 20 82 79 134 31 11 196 201 70 54 142 192 143 56 165 141 208 106 7 8 10 222 160 272 291 187 233 22 9 190 198 179 228 7 29 246 122 136 23 192 104 120 117 11 239 223 172 296 153 121 120 217 38 140 199 115 206 78 12 8 131 195 234 75 295 218 191 38 120 274 169 220 187 36 199 48 258 
260 267 63 244 152 143 218 57 247 13 158 291 49 279 235 224 190 147 182 57 198 159 170 18 144 105 161 211 14 173 144 6 31 11 212 222 74 46 91 220 247 77 294 88 295 182 80 138 44 84 204 289 13 217 210 292 103 179 127 271 225 50 217 212 146 111 253 263 284 196 64 31 151 79 284 246 230 63 76 210 233 277 81 268 291 276 214 6 118 87 58 0 298 206 173 260 182 283 52 11 
169 118 117 213 279 256 219 116 62 128 165 168 40 198 249 74 82 244 183 179 194 102 62 134 216 142 130 182 194 260 83 49 142 102 243 80 292 15 154 184 288 45 209 20 257 100 44 59 191 257 235 80 247 7 280 45 224 21 222 166 144 281 113 62 275 295 184 258 90 116 15 208 164 104 215 133 49 46 102 275 121 12 39 34 228 231 282 73 21 235 100 255 32 98 242 239 191 77 298 32 
248 192 289 113 133 63 174 256 156 144 56 146 189 100 176 83 1 180 41 297 32 205 96 174 3 107 205 137 210 121 159 274 247 122 296 95 232 273 228 293 289 247 72 63 146 141 212 223 136 140 162 267 137 110 157 239 72 121 168 151 205 58 25 104 79 62 56 90 88 211 200 4 169 86 283 91 258 52 261 172 238 207 243 197 243 126 149 50 265 23 94 112 144 20 66 133 3 184 221 197 
218 152 226 97 124 270 186 62 221 140 186 32 62 55 190 276 43 125 151 58 175 246 115 219 146 96 4 122 191 65 275 190 129 28 262 235 121 153 275 12 252 177 231 93 129 170 33 296 60 140 91 41 212 133 27 113 128 204 74 124 156 100 102 111 122 39 44 36 136 133 84 45 295 95 91 129 6 152 274 48 235 130 113 121 220 204 191 198 226 59 196 237 182 90 82 73 117 274 56 102 
18 89 36 236 281 123 76 168 231 39 243 266 71 216 210 47 119 27 233 18 167 34 70 185 192 149 299 256 61 52 98 22 59 42 27 266 267 48 245 28 248 189 138 180 125 117 288 51 136 211 46 221 35 299 280 110 23 139 66 211 191 54 23 208 54 123 80 47 132 187 206 144 246 197 22 127 80 109 8 85 71 111 290 22 243 117 58 6 215 196 293 296 34 123 293 151 108 112 89 199 
17 19 15 235 217 208 155 115 277 232 242 120 265 163 22 275 87 249 52 54 279 103 125 33 143 195 157 5 100 298 277 210 214 84 12 110 64 177 201 151 144 87 47 217 70 44 264 234 294 181 226 290 171 152 75 283 225 134 212 268 15 15 232 235 210 114 18 197 96 36 184 149 36 237 57 21 5 277 206 260 109 96 24 34 88 283 249 10 181 169 68 29 48 242 242 104 81 42 135 44 
192 129 296 291 298 206 62 162 203 230 34 180 71 3 143 194 98 180 25 249 35 87 223 32 64 236 95 79 260 123 84 50 145 13 229 230 265 211 228 92 67 52 270 28 177 240 225 129 112 36 174 170 166 136 51 168 139 299 212 261 7 77 34 36 219 255 239 286 298 67 109 117 142 262 197 106 111 142 63 189 147 127 135 111 246 260 46 255 220 78 7 53 1 17 299 279 249 200 15 219 
144 282 72 259 11 100 235 283 252 133 266 4 294 267 50 85 73 168 15 59 196 97 33 129 215 186 281 201 147 270 79 88 112 93 196 31 71 79 31 3 233 74 224 262 218 222 186 36 260 192 282 133 98 93 274 231 213 20 194 282 134 103 116 294 102 162 83 29 18 289 71 210 245 12 11 37 26 263 215 248 158 58 119 53 295 213 11 173 146 84 36 192 2 211 47 270 233 252 12 37 
195 269 134 252 4 59 214 56 163 11 237 240 261 160 281 111 98 49 190 37 126 37 153 81 150 16 122 85 218 280 179 227 14 100 236 144 116 24 204 194 85 29 288 202 97 81 174 154 192 274 293 207 254 299 7 55 19 24 259 250 260 164 96 218 233 8 153 175 11 241 35 20 251 25 0 224 247 234 181 216 137 35 131 141 290 155 9 140 93 183 173 140 88 115 23 223 45 96 266 169 
9 241 42 186 230 51 5 3 283 125 275 183 196 92 147 29 281 248 119 248 291 47 279 2 17 2 136 270 89 116 85 86 23 213 109 164 197 108 136 271 36 161 234 60 177 118 287 201 236 250 145 245 9 158 59 85 24 27 228 11 107 29 151 22 253 279 36 45 37 171 187 27 90 235 95 6 130 128 226 287 150 293 179 82 152 295 292 77 140 284 73 46 83 138 40 44 258 118 139 175 
105 192 55 113 227 241 206 203 272 18 204 56 144 274 93 98 64 187 222 34 290 97 292 230 10 28 261 222 22 7 282 16 166 140 269 167 145 66 164 181 234 192 29 11 66 248 111 82 228 137 93 216 86 149 262 141 52 293 84 294 187 148 245 157 292 122 187 34 172 290 283 26 18 103 5 262 215 36 237 114 237 261 17 282 299 152 65 205 216 75 151 69 246 143 24 198 194 30 103 62 
189 126 225 208 100 78 140 151 19 13 160 90 290 187 234 2 190 114 275 39 15 58 96 226 26 216 132 98 192 129 107 66 103 9 0 19 65 94 134 59 95 155 178 61 92 188 184 110 246 203 274 42 236 136 93 83 169 190 27 3 179 30 93 204 111 207 70 273 37 266 59 270 283 298 112 32 159 115 143 142 208 284 168 172 176 19 141 222 79 145 286 7 191 57 80 262 137 113 209 164 
79 58 115 236 82 139 163 260 210 29 215 276 144 81 4 267 66 126 108 232 117 129 134 227 299 279 23 69 92 150 43 14 100 246 71 48 181 37 213 119 273 236 73 291 244 280 181 189 187 186 29 205 99 147 45 35 188 139 212 53 177 234 79 257 43 83 25 168 260 76 160 41 153 122 251 198 23 163 49 252 119 242 2 137 100 266 209 187 246 161 66 82 19 45 5 150 229 132 110 154 
54 241 18 208 58 219 187 50 151 205 71 288 253 14 58 256 21 114 197 190 104 149 169 24 135 188 161 4 221 237 123 207 23 6 117 190 203 298 247 267 61 279 259 287 254 234 29 297 281 215 96 241 262 184 5 18 169 34 299 17 84 151 95 131 288 210 4 277 281 78 233 109 236 48 9 187 161 111 243 297 129 122 144 25 69 89 126 205 216 44 223 171 229 173 185 29 289 250 3 243 
224 294 43 199 221 72 297 182 51 232 229 32 68 215 192 76 109 169 13 233 100 209 185 35 206 47 123 279 93 56 94 184 135 151 211 71 51 75 51 250 279 166 145 110 127 200 240 146 5 171 212 50 234 81 285 233 236 94 36 191 289 15 133 82 262 171 32 155 283 106 12 24 38 288 20 211 90 15 108 49 194 187 172 39 254 108 239 141 117 281 247 46 156 212 96 72 290 153 102 256 
1 276 70 191 27 186 10 218 0 123 24 243 180 121 137 122 123 67 280 55 21 252 118 96 135 290 39 9 47 106 285 14 144 26 266 57 192 228 276 152 258 17 172 9 277 58 220 25 190 125 22 222 59 295 36 129 53 257 2 234 268 285 272 36 208 154 189 144 278 227 204 34 51 83 148 51 76 289 263 173 67 50 295 11 284 115 257 68 95 213 105 275 294 22 226 4 114 26 241 1 
43 38 252 57 164 271 133 289 3 154 144 266 116 167 177 78 224 87 237 42 173 255 152 280 208 30 36 32 274 230 212 192 83 297 238 284 32 225 85 295 195 170 2 4 132 31 30 199 110 4 296 16 50 106 164 280 267 95 63 73 91 52 36 101 169 49 152 146 252 48 249 232 263 64 144 122 125 258 264 266 250 232 187 20 187 86 7 232 67 187 127 147 90 238 31 99 178 84 177 178 
112 208 186 246 156 276 80 61 136 193 105 162 62 54 128 58 131 76 298 277 179 18 284 82 155 299 264 144 198 41 65 85 19 297 202 171 33 90 277 65 192 7 28 121 263 59 236 272 87 183 206 205 147 11 91 237 225 168 282 114 52 265 131 143 41 108 155 191 159 103 75 214 78 100 288 229 56 285 60 104 286 143 109 264 192 266 266 278 132 112 55 6 8 114 261 96 139 56 251 116 
273 190 210 124 273 37 159 226 38 211 50 199 213 57 73 288 106 231 62 71 133 123 258 204 139 159 166 191 125 185 248 237 56 68 182 79 210 4 164 242 124 165 119 41 212 116 145 195 56 231 32 221 172 122 91 143 61 117 230 146 274 71 213 101 260 0 95 170 112 256 171 56 164 84 48 150 286 208 85 159 83 101 22 35 220 255 130 249 161 211 229 247 47 283 33 205 48 130 113 122 
96 2 100 67 250 15 248 78 60 150 72 70 167 21 186 159 170 137 103 296 236 13 176 87 268 117 278 137 53 142 36 163 102 88 87 28 115 186 262 220 181 149 232 208 199 51 203 103 105 69 186 149 21 39 181 90 112 295 299 133 286 269 228 193 289 45 185 11 167 201 104 169 58 81 140 139 271 296 289 21 70 121 171 156 93 18 21 188 147 107 128 188 196 186 185 180 82 41 88 244 
17 145 213 157 54 10 256 114 224 236 119 63 261 152 67 220 272 253 36 12 2 64 149 144 138 50 172 159 256 65 49 238 22 146 65 20 290 133 84 36 234 265 43 217 137 86 28 63 113 96 203 299 125 210 158 35 245 155 279 275 212 140 265 127 177 142 232 262 177 273 80 266 184 21 4 281 74 240 127 227 216 76 92 189 255 150 71 42 288 283 72 236 277 246 14 293 283 51 22 23 
152 47 17 148 35 219 210 214 81 161 53 241 155 232 277 158 25 247 49 173 281 54 5 158 168 60 293 77 52 268 71 214 175 101 181 178 150 188 205 15 250 21 8 253 175 48 160 218 23 262 2 183 173 166 172 225 189 85 147 203 131 34 51 248 261 209 41 39 70 34 262 121 168 57 278 131 99 21 147 217 127 249 291 218 226 1 163 156 207 57 35 215 248 267 130 177 19 275 250 172 
243 239 55 68 176 64 230 63 52 158 5 274 208 127 61 72 108 46 136 108 174 201 100 112 32 65 44 53 80 294 38 98 88 235 221 99 42 202 115 24 105 279 202 210 24 105 34 298 26 70 210 142 71 40 200 11 291 136 94 199 1 26 259 159 1 193 200 228 189 124 267 39 100 181 106 117 128 189 20 64 129 252 73 152 166 158 242 116 136 30 78 109 225 155 275 187 251 233 229 165 
33 77 265 124 285 138 180 223 227 145 273 194 41 216 277 6 87 100 282 51 188 149 62 145 25 133 268 132 282 15 42 31 111 169 41 247 153 105 158 291 154 40 299 263 21 231 110 174 48 73 224 60 174 133 44 140 161 133 168 28 241 116 9 178 87 40 275 259 36 279 103 291 96 191 253 168 9 75 188 126 228 77 256 38 63 236 86 130 16 295 153 233 189 255 228 166 212 255 159 102 
69 238 112 25 202 56 3 194 50 242 27 207 189 244 114 203 131 24 18 286 134 17 150 221 222 196 1 87 99 173 273 34 1 269 243 266 75 110 68 71 196 204 75 93 287 63 118 25 225 141 34 18 81 225 3 20 279 48 91 236 247 51 9 36 284 104 193 26 44 198 150 191 70 104 116 168 36 189 232 293 270 141 193 204 278 10 4 48 172 97 229 282 149 71 175 108 176 188 154 184 
193 187 232 96 273 238 295 148 173 267 8 83 197 158 54 157 8 289 61 72 22 78 45 29 21 212 64 134 80 108 51 190 197 9 146 12 213 210 90 156 25 139 279 222 275 135 111 197 173 105 230 179 257 296 234 249 202 211 246 85 238 1 274 130 224 56 240 256 136 201 214 249 209 43 291 196 219 197 151 111 137 66 183 246 44 177 256 50 120 106 146 91 99 209 280 93 132 49 111 196 
165 106 144 155 204 279 273 203 246 143 198 57 17 272 176 265 224 184 39 11 201 256 33 26 18 222 158 139 199 3 5 284 194 29 54 38 140 269 206 68 115 253 172 229 25 152 246 152 280 198 239 17 118 21 61 291 291 212 95 96 65 95 115 296 60 255 154 198 41 239 216 31 195 183 229 156 292 233 111 6 101 237 16 252 42 218 168 269 24 53 78 63 259 195 154 259 206 211 83 6 
288 69 281 119 194 70 54 74 79 31 240 16 87 272 227 204 166 294 1 266 195 239 225 210 0 37 280 19 49 105 249 36 21 137 60 150 59 25 97 151 297 27 50 187 5 80 26 165 173 157 295 72 20 173 55 239 133 85 134 78 48 286 287 162 31 249 260 54 47 109 11 295 87 164 139 281 135 19 34 263 137 11 68 264 128 0 184 127 290 89 241 252 168 216 139 233 75 272 239 220 
53 288 245 181 144 178 125 42 30 188 72 229 122 221 283 142 51 247 127 150 130 71 140 119 80 6 104 164 60 235 4 156 214 180 213 290 157 34 70 272 150 103 58 232 17 178 20 254 296 150 34 23 270 143 186 202 133 105 186 241 87 161 107 222 73 209 197 202 102 291 188 221 226 21 245 208 202 103 143 104 111 257 84 132 113 43 217 48 179 111 285 254 215 234 88 129 151 145 43 205 
146 169 6 199 67 77 250 133 212 47 96 47 186 29 190 163 224 273 120 222 213 31 101 160 126 34 31 115 172 38 97 55 281 221 4 28 89 219 88 214 76 250 207 296 246 169 130 105 90 32 95 244 36 53 266 23 57 270 72 162 235 48 201 107 25 286 6 220 211 208 106 101 177 20 52 279 98 294 181 286 156 209 162 186 259 110 245 139 6 9 195 111 12 213 69 226 215 240 187 177 
197 10 222 108 56 190 23 44 84 131 51 269 158 91 52 71 263 41 200 80 161 252 1 121 221 183 140 276 18 147 110 82 52 144 111 224 181 87 61 163 188 52 53 288 119 258 16 81 239 3 96 113 29 153 204 238 179 85 190 25 220 204 176 138 184 35 121 205 107 168 88 123 35 173 189 245 24 154 51 210 184 126 258 247 183 203 101 128 185 228 259 277 165 166 242 38 12 221 128 174 
46 283 177 266 293 191 168 45 280 148 170 79 237 56 248 162 146 147 173 109 105 159 187 239 58 86 148 94 29 53 176 65 172 78 249 254 97 145 263 232 152 207 69 256 43 149 292 70 167 31 282 119 183 110 10 89 91 242 46 270 298 224 273 272 110 229 274 236 64 187 177 286 159 256 260 100 222 67 112 223 222 58 238 50 4 85 232 109 279 108 72 113 128 173 227 168 215 234 238 80 
13 146 245 218 182 117 204 57 133 160 270 272 206 128 103 280 292 173 257 80 298 188 279 64 199 284 110 121 60 27 176 273 73 28 5 218 225 240 175 153 277 16 185 211 208 1 119 140 210 1 121 189 114 176 265 148 230 85 231 143 248 231 135 56 11 256 224 172 279 237 299 109 29 1 113 262 139 34 277 181 198 277 289 162 113 66 148 203 17 185 124 109 1 199 53 258 272 23 134 105 
296 178 150 225 138 297 273 158 35 211 117 240 38 90 27 89 43 78 258 129 129 267 94 237 167 14 273 225 272 207 102 177 217 65 218 193 160 159 155 163 126 142 295 9 280 3 137 199 241 126 245 176 78 195 178 141 220 16 195 89 266 227 94 287 242 30 141 120 190 224 42 48 258 269 115 195 120 24 45 228 266 288 204 10 243 178 142 10 53 10 131 208 55 216 106 37 259 91 173 271 
32 38 86 118 75 291 132 232 59 42 85 76 172 200 79 125 85 99 88 167 288 162 9 152 74 49 232 61 114 170 17 127 99 260 36 282 274 41 85 266 72 288 183 215 132 160 165 227 0 158 146 242 101 67 273 115 72 246 69 68 14 46 125 58 75 127 106 186 79 273 87 70 76 138 1 120 12 30 172 276 295 96 18 229 128 210 83 143 132 75 77 202 217 28 33 252 251 85 13 242 
201 10 75 132 295 117 266 5 236 33 227 226 46 268 199 98 91 177 247 169 251 213 148 142 43 283 121 251 96 129 269 72 45 229 65 128 224 288 170 148 151 118 102 76 178 270 85 115 141 79 57 144 160 247 43 238 233 211 57 49 13 95 287 262 38 108 289 54 36 131 136 270 62 63 221 145 247 14 72 152 152 188 18 42 104 13 16 276 123 136 189 127 87 0 177 106 133 250 296 225 
142 235 90 90 97 111 24 78 224 221 220 191 85 173 220 221 131 156 124 45 168 147 113 289 138 203 17 94 37 219 80 10 295 166 287 134 207 291 0 235 50 290 157 238 295 161 33 94 228 299 292 205 49 191 241 155 61 276 49 158 251 244 155 229 23 71 47 228 236 237 183 96 272 34 239 247 294 44 211 157 160 42 271 52 238 213 69 197 293 272 115 0 130 276 47 194 89 107 127 269 
154 204 226 128 83 72 226 168 252 175 24 298 66 66 48 149 198 15 6 210 9 82 289 123 123 167 102 29 37 276 277 193 146 144 66 152 211 208 6 22 159 165 154 84 55 194 177 134 213 67 46 176 194 214 177 266 134 162 211 217 48 225 282 100 131 6 85 77 95 18 3 100 267 58 3 277 147 62 273 9 228 261 131 93 39 253 150 74 26 64 181 160 78 110 26 265 146 265 217 293 
179 227 6 0 149 155 86 251 232 19 256 51 79 87 115 214 177 194 12 159 184 41 270 244 90 104 94 298 222 289 76 148 16 170 65 284 237 55 3 139 281 87 106 3 121 195 208 46 279 77 267 137 283 121 185 142 153 218 132 9 45 179 260 76 298 59 34 221 186 50 266 189 64 173 39 115 71 165 165 251 94 122 115 127 28 29 246 281 247 180 190 151 191 58 215 227 292 287 231 115 
240 128 103 40 98 222 167 169 0 103 53 171 6 226 192 87 107 16 225 143 87 227 278 208 297 250 3 243 107 89 274 106 73 70 62 282 170 64 238 87 241 279 62 207 78 164 198 39 35 195 274 194 133 174 210 235 287 136 35 82 23 177 177 238 242 155 103 157 9 266 128 291 145 220 159 111 179 289 97 48 284 141 93 119 118 181 265 58 44 58 271 188 95 148 290 158 166 88 34 294 
86 280 249 141 225 187 296 255 116 231 21 109 19 54 170 58 150 153 182 71 41 59 287 195 87 201 160 115 119 168 15 277 10 67 77 35 149 299 273 130 6 268 67 28 260 266 202 171 140 241 7 207 109 36 39 54 100 20 199 165 201 255 286 241 133 298 21 40 76 168 38 150 40 120 129 139 50 70 71 270 145 137 115 166 1 51 135 268 214 165 86 160 269 41 172 276 146 190 219 291 
155 70 123 77 215 54 136 220 58 253 274 186 92 217 110 220 97 295 131 298 12 41 231 264 235 143 275 256 213 105 149 93 29 46 240 64 2 178 117 113 244 195 228 72 218 30 200 176 232 152 263 20 219 63 145 68 270 272 53 10 275 249 177 58 259 23 221 147 14 248 294 99 255 173 191 100 98 271 121 211 66 135 288 298 202 160 205 241 3 136 240 54 280 242 145 62 68 198 75 285 
271 132 161 61 299 294 109 162 217 249 145 173 148 151 272 283 266 71 13 251 153 272 290 188 47 278 87 88 237 257 296 188 132 275 209 89 41 254 208 34 167 215 276 46 154 269 268 212 259 44 214 2 161 175 169 68 5 299 141 121 265 118 261 18 30 265 225 269 169 182 34 15 11 165 47 182 115 19 177 110 268 111 12 38 162 169 63 133 222 124 106 118 281 225 27 28 8 4 99 198 
226 201 274 290 122 207 124 5 52 159 113 251 21 145 211 2 213 42 71 244 241 150 182 101 237 116 136 286 215 138 118 236 85 227 236 95 279 262 76 274 81 145 178 99 155 129 148 276 262 43 5 117 78 52 137 298 140 93 110 116 139 58 2 19 69 173 43 254 203 293 268 18 101 123 182 40 278 227 293 10 80 280 165 252 290 150 167 175 287 84 188 293 11 265 35 246 163 177 201 179 
221 76 262 37 108 103 223 272 141 116 280 293 163 255 195 201 9 276 268 298 237 147 157 115 99 74 69 91 242 10 297 298 2 100 256 135 155 88 148 21 269 211 275 181 165 70 91 203 106 7 72 173 167 232 187 28 216 141 220 264 239 33 299 62 122 296 12 48 282 147 49 261 158 112 180 201 63 284 297 55 194 230 239 38 117 22 197 37 114 238 104 142 74 104 160 172 60 40 24 219 
188 71 2 120 115 228 158 119 224 253 273 133 192 78 97 37 114 222 187 29 84 46 202 41 62 142 114 120 177 21 187 193 230 16 134 16 184 246 173 65 274 26 227 205 261 61 70 84 174 3 141 146 127 92 260 112 72 295 42 114 268 205 157 86 123 67 288 16 254 130 220 76 61 14 283 223 37 70 287 61 110 61 191 218 182 144 291 277 231 40 12 217 206 239 126 14 104 166 149 207 
85 256 97 228 226 258 182 158 91 102 102 222 186 256 85 290 198 287 272 194 260 144 105 11 266 108 85 133 1 23 194 98 276 49 163 92 265 124 110 4 7 271 105 257 161 77 19 166 63 280 181 288 166 239 15 130 37 50 224 298 133 38 107 49 72 272 278 86 165 42 241 139 75 132 286 23 180 3 242 66 204 63 128 27 14 254 24 31 178 276 163 107 276 6 196 276 20 70 34 188 
271 136 61 160 124 21 99 15 250 278 112 298 226 85 251 242 264 276 190 254 90 143 56 54 99 251 209 278 77 34 23 119 218 224 204 186 161 18 62 35 0 175 106 153 204 141 28 171 95 253 259 294 13 153 256 8 90 193 219 176 275 228 66 267 135 220 56 155 60 180 197 249 82 93 153 49 222 3 30 220 243 198 121 201 262 52 15 137 0 13 172 179 149 132 121 256 1 100 151 157 
141 75 119 130 139 61 191 216 6 292 28 34 274 214 254 205 126 200 49 48 266 118 138 77 211 171 73 49 193 298 104 5 65 185 280 118 239 265 146 75 254 267 60 157 105 237 13 163 236 264 275 250 152 12 195 50 14 212 179 143 243 280 47 295 263 168 128 25 208 291 224 265 38 36 261 41 179 296 170 183 61 160 175 160 176 260 177 0 18 167 289 39 270 105 260 143 277 227 111 167 
127 18 47 248 239 119 103 269 197 278 281 189 44 80 31 188 17 221 295 145 90 129 221 175 286 294 38 21 20 79 177 191 235 87 186 34 177 113 250 267 18 271 50 28 38 29 153 90 277 15 144 59 135 1 93 91 33 162 28 284 183 247 170 86 29 165 92 24 79 93 102 57 288 19 161 170 203 54 123 88 213 194 2 164 105 195 155 65 233 153 23 109 259 71 170 276 64 216 171 202 
113 44 128 4 115 231 218 65 202 83 16 4 8 299 264 208 219 172 154 43 70 39 200 260 219 67 153 189 182 297 170 40 157 33 22 104 261 110 205 86 143 20 143 72 203 205 70 57 173 267 169 42 257 53 215 185 173 128 263 153 187 63 257 297 93 200 249 92 79 153 22 92 75 250 182 18 261 277 112 30 204 164 150 282 21 190 212 88 105 161 241 167 105 258 216 119 209 101 37 74 
116 250 250 197 150 0 4 47 235 110 30 194 92 56 172 219 23 6 280 288 8 214 61 205 217 94 75 236 38 169 283 124 137 223 19 299 132 43 17 294 272 60 212 78 184 245 15 113 107 118 257 131 46 52 197 101 265 240 50 65 19 279 277 87 37 188 110 184 187 62 61 269 141 179 131 90 141 250 187 291 144 73 64 43 158 178 19 100 113 63 70 146 29 187 81 175 130 187 20 22 
262 153 240 214 102 80 73 30 94 64 164 155 63 111 206 241 293 280 133 213 117 155 45 2 88 62 86 108 256 58 292 237 239 224 158 210 170 270 107 181 184 261 54 71 283 33 66 157 202 119 273 58 88 137 36 243 223 279 115 69 148 1 185 211 175 92 283 9 254 286 218 180 258 24 297 12 245 138 47 114 150 2 45 217 262 60 20 199 35 262 258 119 126 74 77 39 269 256 120 263 
85 122 140 284 270 13 98 153 84 82 199 185 136 49 148 47 32 69 187 55 263 79 170 182 101 171 191 272 293 89 267 27 120 72 222 3 81 5 27 140 157 186 21 67 237 125 250 172 18 2 279 247 60 143 71 222 178 139 134 215 261 177 157 63 202 55 197 233 193 283 89 119 180 165 61 238 237 136 147 220 159 25 250 31 278 145 281 39 148 191 264 24 258 186 223 133 204 288 12 24 
118 111 21 75 88 127 182 298 159 105 7 255 56 37 274 182 248 286 252 101 64 166 184 11 247 124 27 2 286 178 62 146 3 162 189 196 214 176 166 169 199 161 126 12 196 59 206 66 74 181 136 247 198 200 14 3 262 245 135 74 131 97 293 221 141 291 27 138 141 45 172 157 167 182 232 60 60 10 146 61 33 186 213 86 249 221 226 53 143 115 173 152 216 278 100 91 96 126 102 196 
150 61 113 88 137 155 153 107 151 270 81 240 245 5 235 98 273 222 36 29 243 78 171 82 240 280 91 152 106 212 277 68 4 113 279 76 165 180 253 297 198 248 13 122 101 55 82 163 151 122 281 255 50 220 256 238 260 259 94 86 218 100 150 184 232 16 47 286 276 34 220 10 121 110 157 217 134 59 34 200 119 234 7 39 27 143 84 137 155 67 249 260 86 190 220 117 81 250 141 137 
173 40 251 193 59 159 113 287 51 58 104 131 4 100 47 45 47 90 215 263 298 113 244 297 235 27 11 271 192 119 1 135 129 63 232 36 181 116 161 145 101 230 102 146 291 258 17 152 221 186 205 172 148 172 255 238 200 261 87 190 61 192 116 38 28 49 289 293 110 71 266 127 172 105 38 274 223 40 146 165 2 230 10 19 26 45 34 143 58 131 172 85 275 132 56 159 225 156 208 57 
127 271 6 153 23 155 290 11 233 137 112 4 50 202 218 166 76 127 285 228 56 142 294 73 47 227 75 230 117 283 179 55 35 292 242 231 226 62 264 25 277 173 45 45 64 290 17 111 197 210 129 224 219 220 241 106 144 66 175 235 7 279 188 89 267 143 87 88 191 88 35 151 270 28 220 16 120 99 59 119 46 178 264 88 142 32 105 272 27 160 142 177 276 199 53 25 206 19 163 238 
135 140 242 198 49 246 296 264 31 108 196 261 138 280 12 193 99 122 243 31 111 117 207 82 139 279 193 168 29 16 15 147 249 103 223 43 77 236 15 191 189 242 244 243 146 23 135 97 231 15 5 42 105 142 54 128 225 268 24 194 240 91 32 136 99 204 217 63 138 98 0 115 121 235 188 243 233 111 183 48 160 246 248 271 73 297 114 244 298 257 194 215 294 195 121 176 257 251 292 177 
278 90 259 213 32 5 42 238 184 209 286 112 210 59 157 284 270 277 69 282 101 82 87 43 140 4 37 29 36 165 16 204 63 6 144 176 66 276 20 80 179 275 58 275 16 215 282 154 109 135 46 45 247 291 47 129 217 295 150 73 256 140 25 263 249 29 27 154 6 150 268 85 17 200 62 111 219 181 77 89 25 253 225 55 223 113 122 162 258 67 47 273 80 186 251 283 121 40 128 177 
12 113 0 145 290 97 206 42 266 205 20 228 47 242 266 290 262 183 256 130 147 184 296 217 140 123 126 192 83 77 147 66 117 188 259 15 216 176 218 116 146 48 229 56 26 175 114 179 263 186 193 129 163 239 17 209 150 182 82 54 266 179 136 261 129 184 20 92 100 12 205 199 155 277 183 122 35 214 23 138 39 80 77 187 274 282 73 272 87 271 216 205 55 75 295 254 259 48 229 9 
173 270 261 242 64 276 130 112 241 125 138 3 106 239 181 71 273 64 183 288 146 246 122 148 61 259 72 157 196 208 157 131 89 245 26 148 282 238 214 15 201 296 179 229 223 247 247 218 144 90 276 19 21 172 29 260 121 182 100 169 3 5 48 65 92 61 254 278 160 234 11 90 195 45 55 25 22 31 81 0 226 34 133 150 152 60 130 17 126 28 189 75 81 89 70 150 87 234 50 140 
259 80 233 67 26 150 284 119 276 231 21 125 84 259 50 253 252 198 20 67 25 238 69 47 141 55 231 29 266 145 234 134 274 236 288 12 223 19 104 195 265 167 73 141 5 293 171 151 273 87 186 226 93 19 118 45 0 244 67 219 44 1 42 175 182 211 284 226 237 254 233 285 176 199 271 128 170 57 257 290 174 238 222 49 159 35 198 77 82 174 182 268 298 238 127 269 62 20 293 149 
13 285 273 45 138 36 153 205 215 202 50 96 156 239 283 226 79 47 248 210 218 276 109 132 91 253 87 138 235 159 187 189 83 204 175 282 219 166 186 261 131 136 44 190 262 227 256 283 64 246 27 193 181 58 282 230 180 37 108 59 129 201 7 221 269 97 271 257 262 15 202 20 238 136 209 40 205 12 131 49 151 180 277 298 50 205 202 124 176 110 152 95 79 197 219 298 290 78 208 150 
215 229 269 10 178 65 271 170 209 189 227 291 199 129 221 149 214 216 234 244 184 89 101 196 62 80 28 200 80 90 84 229 171 91 51 294 80 287 100 87 137 55 228 279 193 166 227 222 264 99 240 55 132 281 118 232 129 152 103 251 272 238 46 182 94 170 76 242 203 127 18 125 25 60 218 83 173 126 19 249 237 111 254 193 235 158 214 125 69 271 175 107 217 21 254 112 187 272 276 24 
25 36 28 62 218 27 149 48 138 6 165 9 41 47 67 229 69 253 19 17 181 200 211 228 60 163 252 48 199 88 179 45 50 258 214 135 236 28 33 218 144 29 17 243 191 251 142 241 3 125 140 237 270 280 9 145 0 156 168 270 281 15 177 217 7 38 112 231 2 44 23 9 236 115 275 171 79 48 173 71 257 230 105 0 216 198 268 223 198 281 143 110 226 199 298 220 47 142 238 96 
185 166 193 105 186 276 124 137 103 33 251 68 247 52 286 208 206 286 248 34 202 185 67 120 38 159 167 169 148 205 124 188 56 67 92 193 121 57 94 68 296 54 268 184 275 204 207 183 165 89 112 50 51 4 213 271 288 99 106 17 39 16 118 224 164 61 65 98 226 61 266 50 9 167 80 206 172 257 276 198 296 26 222 47 141 143 6 25 260 228 241 288 15 197 184 36 165 210 254 216 
