159 194 110 227 206 290 186 90 255 4 262 76 197 70 290 168 110 92 246 264 284 73 239 281 26 20 208 109 211 173 31 75 68 225 183 174 193 278 275 128 105 48 264 215 247 235 168 53 296 150 264 32 107 23 236 242 74 45 0 71 13 246 101 83 223 88 112 2 285 178 285 32 136 182 80 238 139 122 273 262 40 219 230 18 149 82 129 220 110 242 109 217 261 272 225 139 23 49 220 99 
269 185 20 183 64 244 49 280 61 226 272 180 72 35 195 62 260 4 143 169 236 239 25 74 51 261 77 188 297 214 56 222 80 284 191 240 74 143 172 38 49 165 73 242 154 2 35 26 231 98 209 221 283 62 121 106 59 35 234 149 138 153 287 247 172 275 115 72 244 291 137 103 287 105 261 288 248 127 284 140 206 160 200 114 250 141 68 201 114 175 19 123 74 79 42 248 80 46 219 25 
59 36 123 259 111 207 24 243 45 91 95 191 177 238 296 138 35 77 256 108 122 149 122 252 133 271 209 231 252 8 136 30 263 198 135 54 70 243 261 5 73 243 87 264 52 167 180 24 165 138 233 238 208 209 179 127 172 179 259 223 220 255 173 220 105 164 0 165 162 44 109 53 155 164 126 70 187 36 117 149 272 32 108 31 112 258 231 113 281 189 128 220 168 201 211 13 227 223 203 227 
236 92 47 208 81 245 108 149 22 185 38 168 48 135 277 56 23 289 94 24 150 90 42 175 157 47 70 68 107 240 219 172 221 189 60 272 242 109 122 1 277 278 20 13 185 290 59 140 111 151 191 15 1 242 142 35 133 81 81 25 219 8 181 229 27 256 208 224 26 183 108 23 224 259 78 96 111 151 235 175 30 269 151 286 256 173 207 45 57 10 244 33 173 198 181 49 220 69 26 21 
218 64 33 6 116 64 169 206 214 132 4 146 82 234 113 85 1 214 95 75 241 164 173 254 43 113 230 84 106 187 286 165 172 220 290 202 51 112 256 242 54 90 95 100 53 213 254 137 254 70 158 160 178 153 181 95 35 24 0 211 179 60 105 102 273 287 58 260 251 244 244 285 83 16 23 177 242 133 225 78 234 278 177 93 174 278 63 105 152 108 257 1 14 122 39 192 37 104 278 151 
210 20 45 157 226 40 29 282 264 203 287 118 257 144 16 63 155 27 80 50 34 281 114 222 235 94 215 102 49 17 145 115 282 220 110 261 233 192 245 246 185 187 40 187 139 80 234 255 191 272 43 133 49 23 286 2 46 248 6 48 23 68 112 49 93 143 0 274 26 205 258 293 52 237 291 52 260 36 180 181 108 172 162 111 133 53 271 266 202 112 87 222 241 42 291 280 225 243 114 290 
87 219 81 179 61 89 153 30 36 94 61 15 41 108 125 43 254 96 61 297 109 133 79 261 113 91 249 28 273 158 193 143 34 74 285 53 24 98 81 112 279 176 238 191 110 45 26 141 276 109 237 44 287 44 238 48 121 270 278 242 49 13 52 16 17 113 163 58 201 109 240 170 265 104 266 72 282 100 166 21 67 154 207 78 202 266 199 275 176 105 128 133 276 156 212 266 18 150 98 267 
168 218 297 120 174 138 290 219 211 280 124 52 291 63 198 203 71 269 167 82 17 58 104 273 0 151 205 31 116 267 135 11 18 241 65 291 246 76 46 15 296 212 245 141 145 38 30 83 230 281 257 18 126 158 205 30 76 181 198 127 259 153 169 118 57 14 59 86 126 285 225 108 185 103 56 8 55 249 17 143 291 280 22 278 6 77 85 297 280 219 136 144 223 28 193 280 210 224 204 289 
20 232 144 106 111 222 219 154 86 174 292 38 55 232 125 135 133 182 288 65 33 257 270 156 87 288 187 214 182 217 268 297 34 258 142 50 152 285 274 290 131 119 14 48 0 223 203 240 211 283 283 219 5 239 125 46 61 292 186 231 191 51 122 81 138 239 152 3 5 96 166 268 180 200 233 218 88 123 63 253 180 90 98 137 185 197 268 275 221 41 187 271 279 175 247 161 174 118 161 258 
114 147 147 25 95 3 189 83 29 56 258 82 176 216 116 261 41 279 104 213 73 203 241 39 60 224 162 298 108 181 282 269 8 213 244 236 163 79 79 279 121 4 12 48 135 113 109 59 226 256 148 14 290 218 157 230 172 88 296 35 78 178 219 254 193 159 58 93 7 119 291 199 235 129 288 78 94 201 247 261 38 153 53 106 212 126 70 268 130 205 253 188 251 230 263 125 30 170 164 197 
185 184 204 130 130 249 27 117 283 68 180 261 263 246 215 60 44 238 269 242 101 205 271 158 227 129 298 252 160 147 43 59 248 34 87 192 248 34 208 179 271 241 256 211 195 231 69 296 88 172 170 30 199 34 137 83 238 103 169 105 170 113 150 271 284 205 167 230 44 241 184 134 123 117 280 25 220 259 192 78 13 74 144 111 287 124 241 54 248 216 172 212 299 147 118 133 45 264 61 15 
90 281 50 222 69 60 111 81 297 232 199 79 256 269 88 54 281 165 180 132 89 135 263 127 37 8 215 162 147 53 245 283 206 284 7 29 239 242 35 15 205 204 15 18 15 113 253 125 205 95 293 263 157 265 56 72 219 213 20 181 106 10 214 198 128 0 31 89 95 99 225 193 174 20 239 95 24 65 252 283 39 108 125 66 212 178 222 126 29 98 50 195 274 84 160 217 108 198 37 214 
267 74 15 177 211 8 8 282 214 190 284 253 143 250 263 9 114 86 187 298 203 219 132 115 164 154 128 259 14 2 181 54 78 12 197 54 144 216 238 36 17 21 74 81 58 153 200 101 259 269 171 155 57 183 131 237 54 6 122 104 94 220 97 179 56 261 214 209 113 179 12 221 192 28 273 181 274 3 172 297 136 174 83 229 23 220 54 97 25 63 37 197 49 16 186 0 257 173 139 52 
174 218 291 79 5 84 118 293 164 275 218 134 203 191 91 12 149 276 218 244 122 148 58 105 25 169 195 106 72 68 236 126 299 209 78 100 115 264 209 84 285 156 154 186 218 174 282 125 99 252 75 273 187 154 192 61 20 184 10 64 291 237 20 228 212 280 214 215 14 182 165 214 207 95 105 79 199 48 173 51 285 272 120 56 30 13 40 291 244 281 223 86 70 210 3 156 114 143 114 237 
30 184 263 43 252 288 299 81 172 76 168 199 135 207 257 274 293 92 226 217 227 236 235 264 259 113 19 1 159 34 35 20 19 127 274 156 218 23 207 270 219 224 261 207 126 19 264 258 182 229 229 155 243 77 54 299 147 183 157 15 80 140 8 298 238 195 123 231 95 67 142 172 62 126 275 41 252 54 222 12 104 230 22 47 22 151 227 70 50 287 268 79 98 166 102 19 141 216 293 179 
46 214 288 22 284 87 152 97 87 81 226 156 131 204 232 203 135 159 178 238 288 35 21 68 7 40 65 138 185 249 193 201 54 274 4 101 1 83 125 29 153 284 237 251 298 231 180 286 73 122 269 169 42 1 115 18 161 242 280 155 55 27 119 63 185 244 90 200 297 158 153 23 60 103 298 105 211 63 209 161 10 213 238 13 294 299 100 194 187 71 8 118 105 250 94 124 186 208 19 223 
120 260 253 191 26 33 87 236 37 215 52 83 101 195 161 262 126 111 156 255 64 281 16 52 85 90 63 5 185 269 75 50 250 172 60 203 25 251 124 242 44 113 0 236 214 11 123 86 216 121 152 157 290 210 209 160 45 287 297 221 62 185 277 110 231 115 275 233 108 258 39 198 164 147 102 268 105 196 283 135 78 87 244 181 76 283 238 254 3 217 89 248 9 30 190 206 211 145 17 40 
79 103 65 156 198 246 298 220 6 203 74 268 223 267 15 137 146 248 256 95 6 195 122 226 38 269 13 255 98 58 263 117 54 161 244 281 276 242 283 127 38 172 136 158 158 23 6 0 144 201 95 17 133 238 141 88 173 50 227 283 36 250 217 283 133 291 160 84 59 170 178 254 31 195 216 120 161 185 280 267 26 161 222 7 266 130 110 129 123 244 148 296 134 284 202 286 32 168 5 118 
248 136 294 123 34 83 3 282 7 154 58 236 168 265 50 186 84 131 184 138 274 205 135 246 298 202 270 102 215 293 6 281 265 146 32 60 80 270 256 285 268 37 20 194 290 41 62 164 295 297 111 265 168 175 284 292 102 138 95 100 230 82 3 219 207 45 19 209 47 74 148 111 184 40 233 125 232 197 151 152 111 191 228 224 159 283 5 242 184 37 139 247 5 7 9 152 67 113 136 148 
264 268 19 159 227 173 57 146 146 233 148 283 72 114 299 23 16 77 75 180 182 210 158 236 53 192 44 14 168 233 290 15 76 8 188 198 233 285 177 260 169 297 194 91 54 67 239 60 92 93 17 70 198 275 33 121 132 180 299 251 101 195 147 10 10 106 111 250 138 224 133 140 51 228 68 263 129 87 293 269 122 151 25 85 70 146 163 52 219 136 75 218 256 221 92 259 141 261 221 78 
279 246 256 12 62 215 159 160 6 217 229 141 221 158 99 113 197 216 145 9 275 177 15 216 288 236 107 84 95 222 58 22 54 238 103 170 248 2 263 24 51 4 34 161 123 43 84 248 247 141 95 294 202 136 200 192 117 272 92 205 11 261 165 3 96 62 186 2 43 185 279 70 269 291 24 112 211 286 63 100 152 81 20 77 94 240 185 70 63 61 42 164 245 234 99 284 6 12 240 254 
225 247 252 230 233 299 272 34 145 187 294 124 176 236 121 186 122 132 135 51 178 138 106 171 169 153 52 109 246 289 261 36 128 226 165 45 105 216 74 168 141 33 138 17 83 205 53 11 237 171 86 281 246 209 160 157 271 281 59 131 46 29 234 19 295 108 243 134 191 230 49 108 59 298 170 253 269 25 129 238 145 42 217 55 83 84 135 255 219 100 28 117 136 235 267 204 286 38 281 261 
254 36 274 253 111 108 67 291 262 4 21 46 65 281 145 206 205 108 87 19 265 48 244 207 42 17 291 150 244 276 56 3 157 0 116 188 221 276 52 160 290 286 288 112 297 108 161 252 260 229 61 39 277 246 263 94 259 21 199 177 163 106 144 110 2 184 268 31 133 134 215 6 245 251 182 235 225 166 34 216 228 230 197 27 39 70 248 141 211 160 102 206 250 127 64 85 16 161 46 193 
204 2 124 84 120 14 48 115 213 17 3 138 54 169 186 126 248 251 4 60 90 154 73 179 29 196 13 1 227 171 21 114 240 83 256 94 237 128 150 76 77 275 17 199 284 236 49 204 218 3 242 207 120 255 240 270 5 53 290 48 163 153 125 227 130 206 59 81 54 150 179 275 13 241 196 226 260 24 94 261 14 260 183 83 257 222 22 115 132 194 4 293 216 157 211 195 279 16 188 36 
25 137 184 291 133 271 135 91 292 133 220 158 81 247 186 35 53 116 27 41 147 99 138 45 114 297 159 210 105 142 176 159 272 288 200 69 234 236 38 79 154 127 83 214 245 136 184 252 32 134 224 140 70 168 281 127 245 158 68 189 146 271 122 163 181 34 60 79 258 166 214 217 221 45 132 213 252 90 253 37 178 141 269 64 70 288 164 207 101 128 135 179 253 106 243 7 238 74 116 55 
298 39 215 277 232 160 271 32 293 23 272 34 43 76 145 226 229 0 224 229 271 267 40 88 57 38 286 159 194 249 175 25 295 224 65 212 125 48 295 209 175 69 266 3 180 146 125 37 181 64 73 86 241 102 158 121 76 180 48 299 65 99 73 11 7 73 162 16 71 89 125 15 292 249 130 281 67 190 168 297 140 60 230 109 132 131 185 41 209 160 193 220 267 104 4 131 108 226 113 32 
274 267 268 7 79 3 1 115 89 225 99 207 172 187 188 114 97 56 214 140 68 130 28 126 116 75 213 265 217 142 196 109 166 34 61 211 128 291 90 297 295 199 58 258 188 299 114 58 154 46 121 106 217 126 2 263 24 166 175 83 73 134 167 213 151 177 259 278 239 128 182 232 27 264 48 38 83 266 281 76 153 76 109 88 32 271 270 25 203 63 151 223 30 3 120 119 161 257 79 89 
168 12 1 35 135 176 62 263 271 49 204 184 108 124 139 297 277 110 193 251 201 55 232 280 55 31 288 112 296 202 293 283 215 197 82 98 26 58 79 78 275 160 172 7 205 68 130 138 92 203 242 189 158 238 192 147 168 58 249 258 184 212 64 64 132 156 30 162 79 75 176 55 271 163 249 248 155 62 155 209 237 202 94 168 286 40 135 243 33 178 119 99 126 118 113 228 52 280 192 242 
204 255 48 24 119 77 70 155 138 120 82 141 53 175 32 191 94 128 87 180 266 133 254 91 180 230 83 68 89 151 24 98 40 270 252 251 223 107 112 288 66 202 298 87 62 277 117 211 20 271 29 70 199 288 185 296 44 50 43 3 208 131 220 38 227 188 295 191 275 245 94 188 183 134 251 201 37 86 145 86 74 209 3 282 280 263 284 128 276 227 252 149 222 142 250 279 73 185 218 60 
143 135 73 202 165 11 47 194 267 260 123 294 90 118 173 115 70 94 196 175 38 73 59 251 293 286 290 84 214 204 77 207 184 273 84 191 20 132 211 6 286 116 232 182 142 78 295 229 147 205 241 235 184 72 204 144 67 155 225 126 22 258 91 171 164 179 64 262 224 266 130 174 148 121 291 83 33 101 180 13 204 139 146 154 8 243 118 28 2 263 111 56 265 99 33 89 136 20 160 63 
17 85 113 193 120 165 197 236 198 74 64 282 286 130 44 24 265 279 189 32 176 172 79 6 80 79 2 23 69 189 229 226 103 296 95 155 153 154 249 161 71 186 8 281 215 224 142 75 174 105 31 211 212 68 38 248 65 289 87 199 9 62 299 256 155 245 198 80 213 250 292 255 287 161 264 216 169 25 125 189 161 50 209 181 18 153 231 171 253 155 199 237 290 235 269 204 107 214 70 217 
247 99 110 125 110 227 103 21 266 59 12 57 109 81 54 154 182 52 79 106 13 39 143 51 259 123 252 234 65 52 84 73 119 269 190 227 240 147 94 291 148 133 36 180 70 269 80 39 144 240 277 293 271 74 147 19 11 132 95 255 27 15 136 189 277 246 33 257 5 191 192 51 134 142 1 105 128 249 163 135 256 151 126 21 93 295 194 144 92 16 91 218 163 59 177 160 213 36 142 160 
101 161 110 52 295 71 114 24 167 298 168 207 22 231 134 189 74 276 161 59 265 84 171 255 3 112 120 14 207 269 198 155 124 298 51 6 49 88 264 173 103 64 219 110 226 185 52 173 241 24 211 291 170 132 208 107 81 237 164 7 183 187 52 111 2 146 44 290 131 81 142 69 49 259 59 132 204 269 268 61 288 118 237 28 167 208 246 61 60 267 170 256 117 91 165 102 160 216 241 239 
157 257 281 35 119 203 292 53 204 159 115 54 74 239 118 22 232 79 172 217 168 6 218 204 202 0 173 18 56 94 85 249 259 82 20 275 258 183 216 250 158 151 229 164 23 39 159 150 53 202 114 283 268 294 115 260 108 120 183 295 15 98 141 248 185 266 276 42 47 256 12 290 215 124 190 145 291 137 187 119 202 17 74 148 122 239 257 254 24 277 175 75 26 85 100 189 199 14 269 159 
24 218 59 241 137 251 48 99 2 295 223 30 35 20 125 179 121 120 34 152 191 280 42 116 11 279 243 87 114 78 126 266 271 233 187 128 138 84 166 237 44 135 43 278 256 291 218 121 226 286 87 78 191 65 12 86 92 44 141 186 256 165 119 48 258 1 52 106 276 67 242 52 137 58 214 123 150 30 75 61 59 225 123 14 98 80 156 63 188 243 91 223 270 237 257 132 227 25 239 191 
297 92 284 210 33 96 25 281 19 24 192 199 245 189 63 10 158 96 187 173 250 214 144 133 17 40 92 222 53 47 216 28 160 42 242 225 252 253 59 101 113 114 242 15 104 238 94 273 209 207 289 120 32 27 245 177 35 175 179 107 204 241 146 88 204 151 137 157 11 69 289 58 198 92 137 234 92 200 222 40 98 155 53 46 81 191 162 241 18 62 87 246 20 88 114 171 155 273 32 273 
124 119 142 120 56 274 28 123 30 38 143 42 257 237 115 249 281 150 18 279 36 41 20 147 236 171 299 74 252 80 264 121 8 216 207 156 185 123 240 126 68 289 251 271 134 237 180 128 180 151 130 102 147 35 257 262 54 176 66 119 283 2 244 261 244 144 228 221 63 161 176 172 228 289 119 48 89 26 164 0 258 212 37 51 186 193 186 256 109 57 7 193 252 50 190 98 10 55 72 39 
21 26 41 28 56 178 21 255 2 194 222 223 195 87 168 161 41 248 268 204 34 275 169 173 11 159 126 278 88 168 263 190 35 143 250 174 170 67 149 71 201 283 15 4 235 133 11 260 279 18 71 91 227 158 260 101 228 246 221 132 21 213 87 187 296 192 260 3 85 70 55 165 194 90 14 156 122 10 77 241 254 39 138 215 153 138 209 80 123 287 147 93 217 216 81 1 218 105 67 286 
249 37 245 171 141 31 196 109 165 181 34 290 297 173 286 187 208 183 136 6 61 6 183 15 119 274 244 133 288 65 138 271 105 121 154 152 282 241 245 234 74 280 43 22 56 230 271 160 57 96 284 140 156 182 86 25 37 291 230 110 214 45 253 150 235 78 4 128 242 278 152 115 154 209 252 78 131 275 224 268 90 254 258 233 73 49 83 228 10 103 215 56 153 37 230 64 282 99 76 20 
23 180 217 213 114 241 168 228 3 160 149 86 105 133 113 170 293 289 43 143 110 185 172 255 107 217 258 60 222 50 173 139 283 212 246 103 156 252 256 139 198 221 59 202 24 81 2 157 10 243 278 30 141 47 225 20 65 17 240 67 131 161 155 57 256 222 116 101 122 254 271 171 29 50 206 253 9 50 297 168 138 35 3 97 75 203 157 226 95 89 14 124 49 201 212 79 228 10 86 104 
279 94 258 177 157 90 85 13 114 223 61 35 99 177 242 65 149 270 245 273 250 0 192 15 117 210 150 0 1 132 213 187 162 194 289 276 24 139 129 109 197 62 283 184 107 232 160 161 29 67 84 294 128 75 263 100 273 160 269 144 293 195 36 34 173 140 287 176 287 147 245 6 213 89 42 73 85 153 33 262 248 152 131 212 215 58 23 88 54 198 162 68 235 292 229 109 279 257 204 86 
223 114 50 50 14 269 207 285 105 8 36 218 143 151 65 15 173 13 39 30 133 106 241 115 7 139 208 157 180 173 118 5 19 102 299 0 288 101 37 65 290 157 258 295 76 293 291 84 184 187 56 90 176 166 113 297 209 236 299 61 72 19 22 229 146 150 189 57 187 55 117 220 246 108 59 37 144 178 1 262 179 18 289 41 21 267 138 118 253 134 163 22 87 229 11 15 162 289 124 68 
95 269 254 218 160 192 141 230 80 142 282 21 101 228 295 270 298 132 106 211 299 211 142 215 185 73 94 114 234 0 147 157 128 121 81 287 136 27 47 72 111 221 206 58 112 226 141 241 9 223 158 167 27 289 80 28 98 160 246 6 214 119 11 96 202 253 254 188 291 147 291 275 264 26 74 68 55 108 164 295 285 2 197 243 193 49 197 93 150 198 57 68 238 2 7 166 197 13 284 4 
191 141 198 257 233 3 10 207 290 222 12 255 121 270 81 90 9 91 119 255 2 166 47 98 86 156 136 158 94 291 176 252 289 121 231 56 109 198 194 123 289 35 36 17 251 95 190 216 131 135 249 237 12 18 194 99 94 279 105 44 39 269 57 270 81 14 195 147 152 195 96 265 244 4 296 258 266 153 33 197 0 16 161 203 137 236 295 92 174 249 27 73 9 209 180 132 16 70 201 287 
218 84 79 136 59 169 30 100 62 84 6 166 102 231 204 102 202 145 208 235 58 35 225 72 149 137 252 234 156 23 70 43 263 156 229 205 58 126 75 10 99 235 164 18 11 289 65 253 225 37 281 39 90 225 161 281 33 217 174 270 115 162 93 227 275 102 187 34 142 187 286 165 269 288 116 245 45 56 245 228 232 108 86 184 66 226 268 181 103 83 202 262 19 195 39 263 206 255 56 182 
165 288 181 287 128 29 233 232 74 48 11 204 6 21 218 175 231 0 160 235 202 6 251 158 146 217 148 220 12 115 24 134 228 180 92 43 0 79 208 26 248 39 44 140 98 14 129 43 7 125 153 215 165 257 157 36 154 210 135 45 241 286 241 236 48 72 224 45 242 129 156 67 37 51 159 204 30 157 64 116 140 2 38 6 66 249 17 2 85 172 257 262 14 239 213 131 291 124 189 118 
40 9 18 27 120 197 153 77 117 59 91 119 116 251 80 271 144 294 51 223 98 260 41 8 145 252 268 155 207 216 138 129 115 49 294 135 97 173 90 218 39 63 265 167 213 12 19 150 99 240 166 196 229 214 292 30 283 271 27 273 91 247 164 58 20 50 203 287 248 63 177 163 148 51 71 72 281 244 202 95 235 274 299 40 34 94 21 221 109 177 133 211 290 3 134 230 5 84 193 33 
169 271 30 160 188 241 180 243 62 60 113 71 84 285 74 211 117 211 213 283 2 258 155 24 34 90 89 180 56 223 266 191 272 252 203 270 139 187 257 47 207 93 117 85 82 134 138 86 98 203 60 34 141 133 85 261 266 33 144 156 120 47 283 236 217 83 257 296 13 11 21 280 152 161 14 258 125 279 131 139 45 52 193 1 4 132 38 232 46 112 220 151 244 199 195 76 180 228 299 155 
154 273 217 167 13 36 279 153 114 20 283 108 242 199 120 21 202 145 23 276 82 191 81 268 46 232 276 176 21 203 3 241 271 7 49 262 258 276 197 114 143 227 179 189 221 203 191 177 42 173 267 294 234 289 262 55 169 66 26 163 212 144 185 192 238 208 72 112 3 227 56 161 41 102 65 109 167 178 255 297 66 284 59 181 74 11 175 73 61 221 202 262 146 70 74 28 32 247 39 58 
12 186 54 127 37 23 77 152 42 254 11 22 149 82 79 225 290 249 238 24 62 193 116 23 193 295 134 139 290 165 289 6 65 73 198 23 157 64 39 202 259 285 61 166 295 206 94 178 122 279 108 163 52 241 7 224 206 209 236 35 218 2 87 87 90 156 130 69 163 206 34 168 15 73 213 296 8 69 64 253 22 65 152 279 271 134 268 109 158 97 29 168 54 206 20 61 67 95 239 134 
9 168 202 89 153 178 120 181 228 51 75 57 127 27 44 114 295 172 186 8 100 59 0 132 201 256 269 149 57 265 184 61 121 136 140 29 0 146 138 211 156 136 32 94 255 32 260 283 196 95 170 223 299 50 142 101 194 273 101 102 34 232 166 242 122 100 72 117 234 140 166 245 126 76 134 293 172 173 193 150 146 11 219 110 41 211 126 31 135 78 245 296 124 110 92 241 268 121 73 107 
110 111 276 227 139 263 2 45 196 126 35 256 118 163 226 287 189 103 193 248 291 129 285 272 65 103 111 75 42 95 248 54 135 196 182 10 64 120 151 238 157 119 189 284 46 101 3 104 159 40 127 130 294 286 228 97 251 69 78 132 202 286 156 31 67 19 202 89 263 12 15 53 137 3 32 30 268 175 57 104 182 86 251 296 108 15 275 231 185 251 226 214 63 233 82 180 245 123 132 76 
234 139 190 233 98 116 79 3 250 138 216 24 136 67 298 279 29 250 245 135 254 176 223 35 145 106 65 104 53 174 173 92 7 101 61 182 119 144 255 290 162 218 202 195 84 85 103 253 289 60 287 124 28 61 180 154 196 15 106 32 263 86 232 0 180 206 36 201 128 164 191 219 134 70 88 45 171 102 83 141 48 54 5 46 26 142 150 207 201 73 193 255 91 96 63 212 43 93 114 81 
200 204 60 35 100 196 213 62 87 164 253 176 66 141 26 141 16 7 56 243 270 160 205 257 142 160 51 149 258 43 52 46 29 148 274 25 255 58 299 131 109 136 10 0 72 168 202 114 146 231 35 53 220 127 79 254 294 22 62 10 152 36 29 44 122 295 120 17 63 197 262 227 61 37 53 4 220 17 210 128 84 76 190 210 228 264 10 187 248 142 200 175 81 256 186 224 3 134 258 60 
152 49 143 226 216 73 259 120 3 242 82 276 178 156 238 60 240 161 251 127 152 3 112 264 269 27 215 21 177 141 90 137 282 57 38 193 228 70 76 161 146 233 41 45 256 140 66 33 197 79 141 6 3 174 15 214 72 104 203 108 298 76 57 84 81 203 2 159 38 273 91 282 67 147 136 215 198 248 104 1 112 182 249 217 11 111 37 168 78 249 158 143 171 87 42 109 41 1 12 180 
63 114 205 287 256 247 238 198 33 255 185 110 192 5 163 247 6 54 245 287 7 124 49 152 280 274 67 205 18 168 3 241 73 177 285 53 100 267 276 99 71 287 155 226 8 150 166 112 31 31 211 202 279 198 200 155 30 224 164 203 36 28 36 225 154 165 44 139 82 5 138 85 37 158 98 188 270 191 26 125 277 157 253 161 146 107 158 98 267 10 170 183 151 173 226 136 5 240 102 113 
256 270 231 280 240 169 105 45 13 5 277 89 254 134 92 88 25 222 264 255 161 160 229 202 152 62 282 247 74 8 282 255 37 234 91 245 70 40 141 228 77 272 32 240 285 280 90 156 198 56 246 266 158 254 28 195 89 28 36 89 260 270 252 194 209 77 76 27 269 43 178 177 230 8 6 238 242 104 219 76 15 254 23 25 256 191 260 7 251 172 207 118 245 74 153 229 184 211 267 174 
156 169 31 277 108 96 297 40 213 33 23 40 122 298 7 162 202 57 56 96 155 31 276 158 156 191 65 145 278 255 139 291 2 35 84 258 211 30 229 33 270 13 253 189 233 40 299 129 123 90 193 0 152 280 78 58 173 11 211 165 35 62 186 181 229 138 34 199 239 132 219 194 197 278 33 202 158 70 59 176 65 251 50 198 189 62 242 193 256 44 20 297 135 56 196 272 204 296 49 13 
292 99 139 166 198 213 64 7 179 278 234 213 287 152 52 83 84 156 19 104 282 19 127 253 22 197 82 224 111 281 4 138 66 295 52 217 189 26 86 109 103 230 233 279 65 257 59 58 216 47 82 22 41 120 277 198 237 49 44 90 50 187 16 45 93 87 242 243 70 41 146 290 206 252 283 275 23 285 142 39 97 255 298 175 142 46 154 135 190 211 241 149 105 124 208 258 134 17 259 273 
257 205 165 81 127 181 41 27 33 73 177 287 6 168 224 187 141 91 49 180 186 221 57 146 72 89 45 242 183 23 100 58 47 216 138 251 44 56 186 262 87 281 118 137 121 114 140 143 111 293 262 98 2 281 66 216 31 2 131 240 270 250 260 246 54 60 234 186 28 83 52 61 121 185 154 73 253 52 149 54 38 249 230 160 140 104 197 191 47 267 245 8 17 146 153 50 172 142 165 281 
115 272 32 238 56 117 120 91 274 120 180 160 60 39 37 150 6 233 209 131 262 40 40 179 118 126 219 137 179 286 46 77 46 172 144 100 94 61 154 28 129 248 284 98 295 267 267 101 235 218 76 93 137 64 75 64 96 280 191 243 5 172 1 192 219 67 296 83 220 20 268 103 188 177 106 31 113 153 282 116 130 245 238 292 17 273 87 55 106 230 89 61 121 195 95 25 71 241 151 252 
35 183 87 145 24 14 177 283 229 204 85 151 25 67 20 204 256 181 147 17 38 269 192 246 54 240 236 213 270 185 166 230 253 130 103 24 209 5 22 275 143 281 118 235 255 76 206 106 132 292 172 196 179 293 169 250 178 47 135 146 249 61 20 5 76 89 187 162 80 132 257 253 102 32 165 43 152 200 39 161 131 28 17 219 249 170 247 150 16 236 45 87 206 95 50 258 283 75 180 55 
271 244 285 28 204 257 115 263 212 271 116 65 195 68 147 51 232 68 43 220 72 287 61 112 171 120 116 232 69 126 133 209 20 229 3 137 228 276 0 291 267 256 160 111 43 171 298 142 280 58 265 163 166 27 152 274 242 8 269 231 280 296 203 278 189 179 30 246 170 96 159 140 45 124 252 82 210 22 281 15 141 117 244 272 34 110 294 108 213 94 86 188 79 130 21 26 216 253 143 82 
106 142 137 261 42 183 295 126 18 89 81 275 99 125 36 241 296 102 266 54 178 156 98 29 6 188 128 227 196 149 145 66 97 230 221 223 186 277 18 115 66 28 57 68 102 194 54 221 152 28 61 268 199 104 130 145 189 286 268 203 92 133 225 148 49 156 136 168 2 86 105 54 270 46 142 88 63 11 70 60 219 96 142 51 135 287 293 17 100 259 260 53 270 174 134 6 223 8 186 286 
148 25 299 174 230 73 43 239 292 98 143 299 195 1 14 15 274 57 60 259 231 128 0 154 157 280 145 280 155 57 178 277 282 47 33 200 294 55 241 3 71 277 226 177 93 61 88 146 76 34 226 210 254 1 90 25 181 226 54 104 238 229 93 251 226 145 130 287 126 261 91 274 6 277 26 91 46 242 185 14 97 141 144 270 57 6 235 266 134 158 148 208 206 2 54 202 70 172 39 247 
3 79 22 92 43 30 44 267 196 233 296 198 189 207 122 4 276 291 154 89 208 190 240 48 149 9 125 194 68 163 163 160 155 116 170 271 88 0 4 127 73 178 190 54 140 265 195 267 32 56 101 183 95 43 197 42 165 165 12 209 6 13 267 131 91 266 10 241 83 294 285 55 87 268 107 251 138 277 20 180 91 88 108 283 52 173 80 240 176 12 257 169 202 257 34 191 272 275 295 142 
67 149 260 225 296 253 294 136 200 15 112 221 238 160 12 266 133 68 73 114 181 104 212 145 110 68 146 68 172 212 148 156 43 177 256 47 43 267 176 2 276 153 76 200 174 200 25 22 59 59 46 234 27 254 138 118 45 186 164 19 181 261 202 281 185 158 194 84 184 263 248 47 283 65 75 221 278 88 298 253 19 44 202 66 216 226 167 111 55 191 50 295 273 230 197 24 260 240 49 201 
58 49 279 257 170 0 262 14 81 255 160 107 95 189 59 133 291 36 206 96 56 263 120 40 2 178 44 138 204 243 222 121 287 53 248 156 283 274 217 141 165 23 242 206 77 199 66 260 52 156 103 254 296 185 77 195 7 119 263 286 53 190 172 260 42 286 240 114 36 3 271 53 57 162 285 88 111 282 290 294 75 205 248 43 251 246 254 263 40 83 19 108 271 38 112 266 75 250 47 181 
207 211 185 235 100 33 104 1 215 113 160 243 20 164 202 237 69 202 3 72 136 123 244 92 291 83 118 180 155 131 68 217 110 257 74 62 256 80 288 167 135 241 59 15 131 61 168 84 27 13 135 46 181 78 213 103 11 225 49 37 32 234 275 192 84 34 110 242 32 235 233 92 89 15 196 143 269 12 256 279 131 143 86 74 206 274 111 116 128 64 162 102 139 50 118 192 241 143 127 8 
188 217 10 59 120 89 71 254 4 85 218 226 26 291 249 135 295 153 61 219 102 71 264 33 292 129 114 276 220 117 243 18 228 231 259 193 140 151 139 204 93 271 211 41 153 226 240 206 12 284 128 245 298 255 28 184 224 1 98 17 63 27 170 235 145 201 170 33 161 95 80 146 145 244 235 89 150 56 166 190 38 15 248 137 74 160 109 71 277 284 100 134 209 48 45 204 173 71 164 227 
159 84 299 23 10 266 229 109 223 121 124 151 67 118 268 251 256 134 292 36 17 84 132 287 162 55 128 275 233 173 76 171 74 281 192 212 262 118 6 117 142 269 169 217 12 117 141 20 102 293 117 149 286 125 11 84 195 265 134 287 229 191 44 70 150 291 274 211 283 104 53 10 13 48 182 145 166 155 126 23 270 56 147 146 46 253 229 78 106 294 272 8 78 60 148 75 159 18 26 254 
43 275 267 231 135 109 263 14 271 98 191 148 83 17 170 85 203 31 249 264 232 194 205 239 114 173 177 15 42 169 144 64 93 240 47 96 143 273 75 36 220 128 178 164 261 166 99 256 287 10 211 219 41 56 158 167 155 138 227 128 165 158 287 194 96 296 138 137 239 32 267 120 286 14 1 182 192 100 270 42 1 163 129 161 234 206 42 148 163 19 197 168 69 131 103 127 2 253 256 31 
54 282 246 197 260 279 48 194 263 218 242 24 1 210 20 220 205 106 194 31 88 199 200 231 23 141 129 135 42 79 124 261 152 186 212 31 245 201 252 236 92 226 0 273 27 230 283 8 24 257 10 123 25 48 83 223 25 240 97 227 228 228 75 196 65 178 123 11 263 42 49 21 131 58 184 25 199 121 216 243 49 27 5 264 285 220 139 166 81 220 258 65 188 174 244 243 121 196 57 56 
17 183 82 40 262 59 193 109 185 165 27 259 278 255 287 18 130 192 231 124 118 173 157 143 66 43 80 90 148 113 150 178 259 28 171 298 266 41 83 215 5 163 1 31 138 215 26 146 71 292 0 203 271 298 293 253 222 181 34 137 75 5 199 153 89 65 242 173 159 20 268 265 59 275 62 16 56 21 175 272 32 104 90 93 2 60 227 74 265 221 267 161 160 288 56 150 158 269 293 128 
221 12 149 271 131 41 237 113 290 186 17 110 153 159 156 57 42 231 107 18 17 114 114 185 260 109 160 168 233 202 264 132 165 72 88 76 86 57 167 198 267 62 154 206 94 82 122 240 119 15 272 193 187 134 148 141 236 21 147 164 127 178 104 135 101 25 105 148 138 106 263 164 7 36 182 267 291 213 194 229 61 88 286 200 64 271 21 210 142 16 175 293 269 98 68 196 107 199 208 255 
217 89 278 110 202 34 122 161 100 148 9 92 192 197 2 166 50 74 20 179 0 250 221 203 239 18 217 255 57 158 228 122 233 294 204 180 172 114 214 217 158 131 254 37 240 91 268 283 167 271 142 84 64 87 228 70 133 177 155 229 161 270 257 272 152 265 176 234 5 9 193 158 251 166 215 221 61 23 283 236 281 14 158 6 256 158 122 135 60 169 257 76 57 2 8 217 180 194 66 205 
53 51 84 73 112 72 156 147 47 78 108 72 14 42 13 0 159 33 255 61 14 108 76 75 155 64 121 106 211 196 259 108 169 12 266 4 262 222 50 224 50 251 159 299 265 13 26 2 192 82 40 12 101 295 167 39 90 98 23 41 52 273 275 167 167 196 248 197 263 244 109 42 63 69 211 222 213 37 22 129 237 214 77 41 147 82 31 198 102 185 167 193 162 211 145 51 100 114 289 88 
33 250 116 139 68 95 260 68 128 43 201 36 13 241 257 235 158 177 8 195 191 172 228 219 211 119 238 43 81 111 146 239 167 207 232 59 287 266 195 33 221 251 170 295 132 274 229 38 188 203 241 279 61 113 143 213 190 220 98 199 292 271 94 80 180 201 24 192 2 286 164 37 88 96 146 186 174 167 64 23 75 10 186 17 280 30 135 290 35 200 244 60 147 146 3 262 66 170 65 144 
99 227 234 161 209 236 80 138 119 206 95 292 74 160 4 181 112 16 185 167 198 21 168 205 288 24 162 70 236 75 238 95 60 200 202 84 176 145 137 186 47 216 273 144 17 174 231 291 257 67 1 115 215 36 203 30 97 164 89 215 118 128 96 35 167 87 15 111 165 288 52 15 99 21 211 0 224 123 6 48 247 179 110 238 3 221 21 204 281 295 24 233 52 125 139 70 267 202 18 172 
104 181 170 183 253 220 177 282 127 101 250 191 179 88 33 132 196 0 37 46 284 281 31 92 130 153 166 47 172 234 243 265 98 260 243 164 182 79 30 137 42 150 282 44 247 33 149 290 107 85 172 216 46 190 228 221 292 117 189 227 162 171 245 14 137 244 126 210 231 100 55 6 201 103 3 204 12 119 159 67 137 75 189 287 206 294 98 75 162 241 94 81 113 272 4 266 294 146 119 179 
134 24 155 295 84 44 17 82 103 95 254 275 96 55 121 9 6 100 7 75 208 169 70 25 69 267 226 269 258 258 95 113 1 191 31 35 151 77 35 34 278 170 219 127 81 265 47 12 218 18 215 64 186 233 20 220 38 222 236 263 95 264 2 232 66 149 270 19 150 94 78 93 195 231 126 58 37 161 84 136 8 30 208 250 165 49 14 104 128 138 157 185 295 32 259 294 135 45 85 169 
142 238 37 170 45 64 6 36 123 23 288 100 49 217 123 169 263 288 200 131 111 287 162 61 89 282 163 77 275 165 12 100 265 7 180 221 283 127 179 122 182 14 26 268 241 234 295 186 13 75 231 61 295 245 118 54 96 21 14 232 121 163 178 92 249 115 185 15 199 110 27 71 140 19 135 12 52 39 277 224 132 150 271 133 217 23 51 181 282 78 187 256 175 132 99 150 64 235 130 31 
80 46 183 99 68 242 230 221 183 22 284 203 119 113 55 167 247 235 73 24 294 33 234 260 0 232 84 41 268 154 239 125 178 267 142 186 90 239 196 258 96 249 50 40 153 211 23 191 286 99 257 126 296 86 44 60 228 226 33 61 200 118 9 101 245 40 186 105 178 22 60 199 257 182 171 110 32 182 297 182 171 104 199 224 68 225 17 225 23 152 201 67 179 253 76 272 133 174 191 291 
152 155 227 165 96 293 32 49 299 80 131 91 1 137 286 117 138 89 56 261 149 44 1 209 211 244 19 161 190 210 22 141 48 117 169 155 75 20 41 225 117 50 289 214 275 196 295 65 50 171 74 158 298 143 237 270 79 259 54 141 32 258 35 178 50 49 237 213 221 37 197 199 28 284 44 263 259 207 125 256 164 151 290 16 99 293 104 255 151 186 11 259 276 102 109 22 162 71 220 292 
293 26 257 58 159 134 244 91 216 208 237 207 20 261 33 278 178 173 286 170 111 0 51 7 232 60 248 285 264 227 49 127 153 197 100 187 50 131 40 262 209 165 179 97 179 289 3 0 160 269 228 42 91 231 185 189 213 186 146 280 57 144 128 262 224 271 99 297 57 200 92 86 268 18 290 199 243 70 7 246 2 163 194 168 71 293 127 222 100 6 188 106 219 208 271 85 62 35 82 260 
289 81 169 53 152 145 134 111 5 34 161 133 194 80 175 130 83 19 229 165 199 146 17 131 215 17 296 133 223 247 68 12 196 202 47 26 21 224 233 99 34 55 223 280 158 12 152 14 239 65 88 190 88 102 199 148 258 296 195 249 163 133 65 182 183 43 42 186 67 237 96 219 116 2 186 123 80 155 64 228 200 70 208 282 41 12 22 244 174 17 269 226 202 258 42 261 38 140 109 19 
283 270 262 221 189 90 125 43 250 172 140 179 276 64 64 236 0 243 3 135 9 175 226 63 24 190 23 133 162 244 144 95 255 112 53 155 268 25 281 163 251 69 132 63 260 25 41 56 236 70 278 66 254 220 149 8 218 97 223 115 269 196 120 58 108 286 21 160 188 265 77 51 134 148 51 112 161 186 162 226 289 134 110 208 48 218 91 53 298 118 179 246 129 224 181 31 162 22 107 209 
99 119 167 55 217 18 130 79 269 103 228 279 194 51 252 129 85 122 83 167 181 299 123 30 188 208 14 250 6 250 142 229 132 87 55 268 15 22 28 215 290 280 211 187 89 269 79 158 236 176 262 265 116 218 274 32 212 279 175 95 22 239 16 116 267 117 47 225 276 178 293 100 47 244 90 168 277 7 60 17 289 236 171 239 217 124 8 279 180 291 70 123 232 225 270 255 100 81 56 243 
280 132 99 6 275 9 85 120 290 55 187 193 248 285 263 26 198 169 94 291 151 250 201 169 250 184 46 96 43 266 172 81 7 242 76 38 196 137 57 50 128 203 71 263 33 289 30 109 101 108 292 117 7 281 84 249 94 92 136 18 56 285 191 75 1 30 108 256 145 217 10 146 192 216 20 37 12 66 171 280 208 135 49 168 239 296 144 287 179 60 256 22 15 234 149 277 75 289 244 18 
238 252 51 273 244 89 99 150 169 57 58 212 94 44 206 184 55 295 172 156 216 9 216 178 80 93 89 212 235 282 16 46 111 36 297 106 81 228 60 198 105 121 272 287 267 232 294 229 215 93 10 236 87 23 215 45 192 134 295 87 58 243 19 19 244 279 271 266 200 68 146 210 166 4 37 268 135 3 66 200 291 99 131 253 71 226 175 147 273 145 160 18 285 142 33 214 37 146 38 119 
295 284 194 169 85 204 113 160 106 25 270 220 71 102 189 213 44 210 145 269 28 233 148 2 254 184 168 165 34 89 270 75 191 53 95 192 43 275 134 113 252 241 5 206 295 179 240 231 50 70 160 190 46 63 266 10 239 245 53 74 68 212 78 190 85 23 166 21 66 19 279 58 145 160 131 204 216 229 20 236 29 39 148 82 229 247 95 262 242 37 211 1 213 271 246 262 164 77 247 162 
100 228 198 0 221 299 133 125 36 3 63 198 225 253 231 182 31 121 286 219 1 75 220 165 230 245 40 273 87 5 1 214 71 216 247 25 116 203 219 266 40 104 56 272 43 84 215 53 251 240 204 256 19 112 16 18 232 164 121 42 244 193 185 238 289 146 260 131 98 63 52 93 197 121 249 283 21 240 168 19 8 77 148 125 27 37 28 4 273 278 168 6 290 170 42 289 145 201 74 58 
4 202 89 265 253 166 139 105 132 65 147 169 100 229 263 291 63 240 4 128 163 56 95 44 77 132 209 283 147 286 72 93 164 111 10 102 242 235 293 225 245 74 236 82 10 206 265 129 290 281 87 225 224 21 222 12 293 179 245 269 283 25 135 132 43 19 150 285 179 44 87 3 162 252 2 234 134 44 177 191 140 226 110 155 194 51 182 247 90 178 135 250 156 262 130 19 106 262 69 288 
23 228 175 16 253 119 77 197 184 197 263 77 277 109 260 278 228 40 79 227 152 39 286 62 24 292 187 175 83 72 188 254 156 12 43 215 16 67 115 168 88 3 197 196 129 268 18 11 261 137 256 147 227 132 263 69 155 100 50 230 136 57 247 44 273 236 59 132 253 187 257 10 126 92 188 235 192 41 187 102 147 114 97 8 67 106 258 128 267 223 236 231 60 224 245 188 14 96 260 176 
226 13 174 76 154 6 159 295 27 172 264 257 185 23 264 92 84 209 14 90 93 14 1 263 146 118 7 173 39 8 293 265 201 207 256 16 284 46 36 286 124 111 33 278 127 139 86 190 26 224 68 172 17 284 176 228 256 155 244 84 24 107 212 202 173 110 51 177 272 231 219 262 244 137 1 232 37 160 242 42 138 209 83 80 271 264 130 69 145 219 197 232 257 46 74 292 238 126 200 228 
91 167 217 127 112 105 105 144 263 32 174 197 298 218 176 52 104 65 178 143 173 98 225 189 178 2 17 261 224 30 267 207 63 280 146 155 14 36 132 32 237 256 274 114 284 48 190 88 110 160 237 85 92 15 49 123 275 168 49 204 155 104 171 241 226 147 61 272 176 290 199 282 236 220 235 265 202 163 190 278 203 101 67 271 94 100 45 267 52 259 186 70 291 94 25 154 66 168 259 146 
116 230 41 102 122 231 29 267 98 194 200 112 277 32 103 261 63 247 44 140 294 142 14 110 24 21 64 299 53 259 211 155 288 54 91 194 72 183 263 283 143 183 135 274 242 213 285 56 187 25 275 198 103 236 236 128 142 273 281 55 105 259 162 57 179 64 265 197 179 190 190 249 8 32 131 38 125 91 194 203 183 270 149 186 28 150 86 68 170 174 191 230 88 194 63 155 237 197 42 68 
285 253 133 254 203 286 285 178 197 36 154 259 69 221 239 47 138 276 9 55 126 219 171 196 285 38 107 198 81 197 22 297 180 24 193 224 95 57 217 29 20 66 128 94 294 223 108 117 280 262 224 188 131 141 217 182 160 224 30 141 61 40 30 234 2 143 273 202 188 297 134 84 229 222 117 90 275 21 277 61 217 172 291 215 106 273 284 16 129 236 67 256 256 274 14 294 177 1 122 37 
118 157 273 202 216 99 169 139 290 297 190 206 163 61 12 161 233 85 152 216 252 41 271 191 14 82 181 214 172 48 192 295 17 59 258 199 81 243 298 11 121 71 246 72 81 266 25 161 198 85 259 32 109 133 61 239 147 53 128 264 107 14 178 151 253 229 68 23 180 220 299 56 247 97 274 8 246 215 78 163 84 251 194 275 260 54 66 39 136 11 175 107 85 184 249 258 26 296 11 247 
213 151 270 66 75 170 253 125 20 52 296 92 102 229 180 117 281 65 89 272 187 148 233 168 292 97 280 246 164 92 85 142 164 40 252 147 287 181 124 95 110 9 238 187 170 268 55 91 32 50 243 65 145 260 202 34 159 79 88 93 0 116 107 137 2 183 224 181 122 131 18 118 76 37 210 160 167 124 287 124 285 145 75 226 186 182 11 149 2 8 28 119 28 10 255 259 5 256 243 131 
