26 119 269 10 58 93 205 70 89 243 225 146 2 233 182 162 222 221 123 239 97 21 212 96 165 221 266 240 274 178 113 76 218 88 47 194 213 47 0 283 39 23 94 237 81 290 212 216 266 20 49 129 79 90 2 27 37 268 205 274 261 103 99 189 68 243 272 8 12 212 40 14 271 244 13 155 30 8 168 17 285 134 100 33 153 75 125 232 54 140 69 27 270 214 299 262 285 218 205 235 
275 102 216 251 147 109 129 161 266 169 271 228 55 31 298 145 95 179 89 4 32 261 247 23 158 134 106 179 178 215 130 116 62 79 157 227 128 227 75 6 151 3 284 186 216 283 219 156 293 95 145 14 11 222 187 115 295 273 120 169 285 275 18 222 257 64 71 117 243 142 179 38 166 264 144 177 240 29 0 183 152 67 254 78 103 189 292 178 138 157 212 271 280 138 102 17 121 25 201 113 
250 202 87 70 40 154 190 228 299 115 269 72 258 127 179 56 16 24 191 288 56 3 263 269 97 252 69 229 164 221 199 180 107 223 174 5 84 165 143 16 229 87 141 98 148 190 61 57 90 96 235 82 168 210 92 128 210 164 32 179 147 130 162 161 237 60 6 207 157 143 59 23 34 162 57 29 39 261 280 28 1 213 69 187 141 136 196 19 18 160 295 218 115 214 154 148 31 103 68 41 
37 86 137 15 214 227 48 230 33 297 91 233 85 115 224 163 161 219 110 198 56 194 249 122 190 290 151 142 143 110 107 26 247 112 150 32 5 172 39 24 44 108 122 245 83 113 225 30 191 89 75 94 226 291 146 264 182 262 67 21 28 46 160 146 94 123 41 61 272 223 105 299 6 290 275 183 161 288 20 201 247 292 243 282 159 146 296 179 277 286 61 244 170 242 250 82 168 44 267 298 
81 9 187 4 265 193 59 144 192 93 280 88 192 60 269 114 187 57 160 95 117 5 159 12 157 36 198 204 208 50 187 287 62 262 77 114 83 287 225 266 109 246 69 25 40 283 186 158 6 290 65 169 89 80 1 239 73 166 43 283 266 175 70 149 245 254 194 101 142 194 230 271 79 239 173 46 86 231 197 155 12 51 89 20 293 264 97 148 198 241 18 148 78 33 124 115 192 21 278 130 
233 56 173 222 233 234 201 246 107 2 51 160 33 178 136 260 116 122 264 179 284 5 111 189 32 93 100 161 298 238 263 127 268 201 224 296 273 293 56 77 161 270 131 274 66 284 167 297 228 77 196 245 212 210 269 93 93 147 18 211 22 287 106 183 171 79 31 180 94 181 196 92 293 204 298 271 233 212 102 136 176 240 193 205 28 204 197 172 111 35 180 30 290 78 86 147 150 125 247 70 
291 138 101 266 123 55 256 41 227 148 148 240 228 34 263 264 209 42 186 271 251 121 19 297 93 231 109 265 29 126 32 111 62 268 248 176 196 165 276 20 73 110 173 34 296 212 149 136 36 218 257 25 61 120 18 33 23 168 235 176 12 191 53 258 66 47 65 184 30 156 174 250 193 255 267 205 45 74 243 251 251 90 117 267 206 233 158 141 200 180 185 280 123 148 87 143 163 54 71 24 
30 273 75 57 9 275 243 237 21 72 6 45 296 122 267 255 228 216 38 165 80 258 35 210 31 77 149 178 245 107 215 120 285 84 275 241 143 298 276 238 117 50 242 236 281 84 131 11 25 145 120 129 215 203 284 153 122 77 128 152 237 156 228 86 62 173 245 280 81 191 224 13 46 199 58 186 12 111 88 286 172 212 181 102 261 47 56 130 129 105 56 264 161 222 7 272 44 175 94 0 
74 287 43 29 198 201 275 267 196 242 110 289 260 0 168 31 235 26 101 19 273 234 136 295 6 64 199 54 69 184 278 236 241 127 142 14 50 122 248 197 169 122 226 259 167 42 37 73 19 279 157 66 116 22 280 67 160 112 145 166 216 10 252 137 232 285 289 225 59 282 10 138 170 131 288 64 148 195 286 98 198 20 20 171 244 249 274 282 212 96 45 6 16 250 284 94 230 69 75 177 
64 55 268 265 269 117 40 33 75 128 216 188 53 123 143 200 283 217 275 20 12 49 18 69 119 88 283 175 15 165 49 282 52 100 267 131 101 199 248 189 172 272 206 235 298 141 37 211 283 144 154 271 278 111 212 140 120 159 29 165 135 287 50 117 297 196 295 162 234 34 239 48 7 106 174 241 115 158 172 227 71 136 248 205 228 54 29 202 63 57 277 286 202 57 275 113 250 8 47 273 
233 15 59 158 168 29 76 24 79 229 169 65 291 151 8 138 44 290 230 99 44 20 88 180 160 197 143 2 179 24 156 145 264 136 248 28 55 94 149 44 237 248 214 232 71 169 88 60 209 30 234 135 104 49 1 63 122 135 235 276 104 180 265 244 92 161 136 225 20 209 65 271 31 241 179 168 51 288 184 9 202 259 247 79 101 124 225 126 162 269 151 20 57 35 259 81 113 60 276 182 
195 30 103 123 172 141 196 142 91 227 165 132 69 297 1 90 44 80 144 209 89 230 50 181 54 235 125 208 224 3 179 89 97 172 20 27 232 16 83 212 63 257 111 158 157 268 21 92 89 143 49 196 112 221 149 136 259 10 64 294 51 0 46 0 56 33 275 224 19 70 155 204 55 235 137 90 274 296 55 102 9 51 240 16 33 283 187 155 84 113 12 146 155 261 72 31 185 199 273 97 
205 110 246 102 207 173 204 112 0 176 70 199 90 1 291 8 262 156 97 237 29 280 48 120 297 31 271 224 213 107 122 206 130 13 248 185 139 103 75 16 107 277 63 91 170 209 79 24 201 288 166 275 34 102 124 85 200 229 115 117 218 249 141 295 94 295 15 61 288 172 191 211 171 231 153 247 67 107 95 193 188 226 207 123 64 25 269 184 287 277 237 278 294 237 18 181 237 204 216 30 
268 221 100 180 265 146 149 162 51 87 97 290 290 255 156 132 25 75 15 5 116 29 193 165 216 234 22 295 159 296 122 225 184 207 189 284 27 62 50 296 237 152 221 299 75 32 140 146 43 273 5 53 174 214 58 136 275 193 89 77 93 91 282 105 17 104 118 229 30 290 49 2 57 231 244 152 110 246 275 6 224 87 20 71 149 292 237 106 245 250 66 48 273 184 147 286 97 208 225 69 
143 80 26 127 126 40 181 290 261 160 38 243 294 273 216 51 61 199 289 56 249 29 274 171 164 136 51 221 74 5 251 200 168 14 52 179 10 11 126 268 27 205 93 253 287 174 88 193 194 102 199 125 259 74 73 223 231 215 290 149 111 129 183 228 107 281 24 98 252 63 40 151 4 212 163 261 129 287 108 114 100 7 6 13 95 280 98 22 68 89 113 210 152 38 106 107 194 5 261 149 
16 206 129 114 288 122 29 185 219 229 21 237 127 24 11 152 25 33 257 238 41 298 132 36 56 38 23 269 195 245 8 59 46 30 73 145 40 107 127 272 245 98 111 199 27 198 270 31 69 167 167 178 41 181 210 20 37 225 104 220 40 99 132 249 267 116 92 276 154 11 184 295 139 218 205 46 212 177 226 237 95 107 284 231 196 251 104 85 18 117 161 182 295 201 58 2 53 96 277 52 
291 46 120 192 253 199 100 8 63 112 252 251 52 61 7 64 229 24 129 16 275 13 15 254 55 152 1 30 265 290 264 96 7 163 144 126 51 267 240 221 258 225 175 148 238 256 205 153 102 52 154 288 196 68 94 145 248 260 2 73 139 69 162 40 295 16 124 190 249 139 136 32 242 174 180 164 202 178 157 91 270 287 211 9 121 91 97 110 170 0 157 32 68 26 19 297 9 59 147 238 
75 247 276 237 160 220 42 299 173 93 284 208 89 120 115 247 239 210 169 149 213 186 153 34 86 174 190 190 139 285 262 85 77 115 25 272 118 227 194 278 129 290 277 187 147 281 78 199 284 137 189 6 201 32 103 39 215 243 140 219 39 221 108 40 216 147 283 257 162 194 128 24 132 177 137 281 164 64 233 120 45 175 182 70 194 91 242 264 89 149 240 165 231 37 214 277 202 206 129 85 
163 27 223 17 60 149 240 28 261 238 72 98 223 9 112 8 80 219 195 156 162 102 67 219 230 63 100 227 60 138 112 264 92 64 15 37 203 256 165 275 220 138 274 246 0 216 182 133 284 272 213 291 65 288 240 249 224 208 241 218 167 9 23 76 91 250 270 189 272 128 169 278 294 206 48 139 278 286 236 267 156 145 169 138 81 220 284 4 92 244 38 207 145 207 263 119 263 297 5 41 
155 154 215 74 31 116 254 113 235 99 263 280 253 171 263 127 208 194 235 106 88 51 118 77 136 38 135 132 76 189 31 219 92 142 140 246 48 50 279 133 73 89 287 152 128 219 82 253 29 130 96 230 223 109 293 240 59 229 288 36 134 209 282 81 170 152 87 250 159 254 167 294 234 242 175 137 195 222 171 201 136 296 219 185 213 201 173 137 253 123 274 258 269 151 246 246 95 31 141 159 
242 116 155 280 84 132 36 209 276 23 269 189 177 147 190 169 270 248 252 102 104 189 88 110 249 269 176 295 86 45 230 88 244 158 99 44 198 181 82 180 250 101 201 292 112 196 238 285 39 142 250 34 247 111 199 108 106 260 176 198 144 80 17 129 8 38 182 93 236 137 204 108 232 267 118 283 49 171 34 81 162 143 80 122 34 29 182 253 205 256 241 294 87 209 142 23 12 18 113 235 
74 98 262 99 72 170 229 160 217 188 288 118 184 279 78 120 165 198 154 220 40 292 191 80 280 291 55 17 231 96 51 2 36 83 261 0 181 166 101 153 118 83 16 3 145 17 267 75 288 268 170 97 176 106 108 214 7 140 41 7 73 273 89 191 130 63 213 72 171 11 55 186 113 11 179 153 22 95 31 196 267 233 63 17 242 72 290 283 65 118 31 165 178 220 35 189 76 195 1 18 
286 129 139 274 139 82 273 194 217 183 12 153 18 246 137 155 128 35 261 103 100 215 27 244 86 279 160 117 14 191 50 22 202 151 156 197 250 190 73 168 240 158 139 80 233 43 171 267 128 275 242 183 74 233 69 271 133 92 56 118 165 15 259 12 295 175 35 195 284 184 292 227 25 99 103 201 129 183 117 154 168 143 168 194 65 296 178 87 59 108 40 168 295 18 101 193 73 103 195 204 
59 231 149 265 210 156 246 107 160 144 236 27 238 193 140 36 235 86 110 243 264 11 88 267 157 69 24 116 208 139 145 21 77 221 73 224 30 11 40 246 139 20 128 210 193 47 246 70 290 229 64 203 184 153 95 16 20 261 183 210 40 161 253 38 153 292 267 223 253 221 78 162 191 64 68 36 288 66 29 119 224 147 45 75 188 189 286 170 298 36 102 181 74 112 273 273 222 142 140 59 
246 278 244 228 122 44 273 284 145 146 194 31 108 42 132 80 6 117 41 117 57 154 22 15 12 207 224 76 30 249 8 75 175 42 13 279 190 252 163 46 83 87 232 86 134 3 114 113 71 27 159 6 211 237 83 108 124 63 40 222 176 145 194 223 3 245 50 243 198 127 201 122 154 125 196 125 206 109 182 18 248 256 104 211 122 183 268 67 244 168 54 148 72 188 199 35 230 118 10 276 
233 2 259 129 142 31 58 147 144 258 73 284 200 172 161 139 237 118 270 211 106 246 217 253 246 248 90 288 216 202 42 299 1 26 14 122 231 14 185 285 284 64 62 174 154 178 138 87 48 48 253 7 276 224 74 197 242 219 284 69 90 137 281 24 253 65 118 174 202 254 265 162 278 296 67 264 140 52 34 149 67 137 88 160 20 100 124 236 120 147 264 11 146 231 224 57 89 75 30 264 
137 167 111 162 294 214 173 179 217 72 138 16 218 299 187 128 201 72 228 187 89 33 191 25 209 232 255 104 93 34 283 184 181 68 95 201 280 190 82 50 176 219 165 169 109 205 139 106 215 177 234 93 39 292 0 299 39 23 281 260 97 100 285 274 114 247 276 220 5 56 130 189 143 77 52 155 164 106 236 239 90 55 181 63 175 202 101 1 261 89 239 154 81 290 146 115 49 62 7 58 
79 291 196 284 41 102 62 78 123 179 13 114 253 81 233 227 222 217 239 76 261 55 284 268 77 204 193 202 60 6 264 43 268 32 33 204 194 217 80 242 38 184 147 31 267 237 11 251 50 50 240 147 197 278 29 156 266 198 252 39 25 11 209 172 250 235 233 160 154 115 182 240 13 269 217 103 21 269 159 259 145 101 32 114 23 221 81 158 238 144 160 143 219 145 237 164 19 240 263 245 
77 197 103 299 137 1 16 48 40 130 80 233 209 54 54 126 125 283 69 281 238 137 292 9 213 175 194 35 285 143 63 157 16 125 32 3 208 101 272 204 280 276 67 223 28 212 183 237 222 99 45 189 195 91 133 9 49 210 217 98 42 291 19 147 53 39 184 133 11 110 124 215 265 31 236 136 269 1 139 86 66 206 20 278 115 4 142 95 98 126 169 224 65 18 16 136 141 245 232 264 
147 186 16 204 248 190 294 109 179 131 45 86 204 280 226 137 156 264 216 264 164 71 135 145 173 78 185 230 197 117 39 132 162 209 101 39 183 51 73 273 192 67 237 127 290 133 24 249 88 245 162 255 83 193 226 26 144 211 195 140 167 272 58 70 122 81 171 68 155 148 62 20 287 125 120 16 35 244 194 262 105 6 193 221 91 12 243 121 65 179 125 194 100 222 33 269 6 252 161 248 
185 186 205 171 60 108 278 98 219 99 43 80 206 226 229 193 88 15 41 17 104 61 193 97 9 255 199 85 242 64 44 114 51 4 241 108 291 74 198 268 58 284 0 40 46 270 265 43 74 295 105 259 17 24 123 196 73 59 181 167 273 7 236 282 275 16 295 210 204 165 141 30 261 256 221 106 195 190 102 27 149 16 239 289 104 53 16 51 203 125 162 258 129 225 124 8 236 264 218 178 
179 178 278 132 38 43 249 100 236 194 283 10 9 74 274 142 50 56 144 234 141 182 247 262 149 120 236 133 14 2 287 150 172 229 54 3 66 273 52 144 37 237 257 199 50 273 263 14 53 125 22 230 298 162 35 283 193 243 113 137 88 48 234 217 192 153 285 82 221 181 23 217 10 201 215 83 5 48 149 234 230 3 171 31 246 133 179 246 65 197 163 278 72 90 214 71 161 40 62 117 
276 68 146 295 291 80 154 228 32 76 69 253 178 260 286 11 161 67 226 110 57 275 269 98 209 158 139 261 84 64 217 173 237 42 160 283 156 27 145 144 25 133 146 187 143 146 4 20 115 236 109 24 174 121 160 176 175 211 250 34 18 122 92 221 78 143 230 12 270 214 270 187 110 35 233 245 154 298 33 289 144 51 224 102 266 299 131 209 46 84 107 298 29 294 164 113 33 287 112 143 
11 164 110 87 245 130 102 166 292 76 24 223 288 193 286 50 170 192 91 235 163 242 129 186 7 216 24 278 276 186 216 130 204 187 295 194 88 273 248 82 212 224 101 140 47 114 136 140 7 105 188 204 132 261 125 297 151 8 29 259 274 259 181 56 294 281 125 27 261 21 295 54 193 73 29 38 125 98 173 67 275 295 73 80 58 180 163 55 44 245 18 272 127 95 65 266 171 263 175 23 
187 267 88 205 93 40 16 161 223 236 118 55 124 272 142 102 213 245 298 13 20 188 65 250 35 18 285 166 177 269 226 61 18 141 263 83 51 97 5 223 71 254 18 92 252 264 132 254 2 70 246 118 26 17 186 99 65 24 152 54 266 155 202 229 74 207 80 37 123 100 85 258 103 282 210 26 241 289 19 100 291 240 12 14 226 0 174 210 183 176 195 297 12 164 198 32 175 171 121 138 
281 61 215 178 181 85 22 234 185 217 86 81 18 275 92 105 100 288 225 276 16 76 205 148 170 125 18 148 37 35 197 154 113 107 132 265 271 67 269 120 98 270 190 284 181 199 273 56 176 59 78 11 97 126 195 61 240 23 7 171 144 144 170 81 187 292 276 153 67 31 295 282 207 222 263 105 246 8 264 194 298 35 246 234 184 267 68 115 141 256 217 37 44 10 164 212 223 182 98 22 
63 55 34 214 56 169 244 253 280 161 100 108 158 197 281 145 206 111 153 251 11 16 107 93 53 113 61 166 21 102 287 122 86 281 139 207 169 161 177 182 110 95 174 280 32 245 109 121 123 101 70 240 229 277 142 199 84 73 26 188 129 260 174 123 295 226 29 142 154 33 251 159 170 146 34 225 45 131 133 185 92 191 258 110 231 133 30 191 147 177 258 256 16 119 164 268 148 74 170 166 
135 172 226 25 51 186 19 144 235 126 227 270 271 263 285 89 161 133 17 222 55 182 38 104 60 161 68 14 236 280 158 83 16 19 101 202 17 291 225 75 259 292 140 186 49 10 77 198 120 245 62 215 253 116 113 168 258 188 239 128 147 34 14 129 121 70 21 157 92 140 110 145 154 271 227 227 183 256 144 16 150 89 155 110 15 279 245 170 291 121 136 222 169 130 114 101 187 105 1 99 
236 150 15 246 74 96 252 225 192 229 194 224 280 41 37 124 83 235 226 200 217 36 128 252 22 233 57 22 164 223 162 86 73 205 111 295 53 118 289 258 63 96 88 256 223 60 247 52 164 255 69 42 82 192 87 123 195 75 168 144 221 13 4 185 160 161 155 175 78 275 212 288 50 259 13 214 69 60 106 34 298 81 114 238 77 175 96 246 102 28 62 48 143 216 30 105 19 10 34 258 
80 125 273 46 136 188 146 194 59 107 169 187 188 119 88 62 9 147 112 14 296 164 244 141 228 158 16 108 203 112 286 148 277 245 133 17 37 92 187 14 254 289 237 205 240 286 144 213 272 265 194 61 94 158 277 295 258 183 251 157 1 266 75 210 200 99 292 156 236 83 95 228 57 144 281 267 57 129 25 120 1 37 83 237 42 191 82 175 131 261 227 136 231 205 258 203 61 71 57 135 
215 272 51 48 55 167 282 154 107 2 200 174 88 55 86 134 258 279 235 40 61 242 43 234 110 69 15 116 192 197 40 202 153 281 194 180 290 69 160 132 290 227 156 191 101 98 192 54 84 206 71 242 175 0 108 286 59 230 13 96 37 68 167 282 99 28 189 294 213 183 142 208 74 229 147 119 260 268 57 115 2 164 182 134 217 161 170 76 257 199 281 219 88 61 163 82 227 170 123 217 
92 261 165 202 91 4 274 67 101 151 80 177 154 208 18 223 215 201 216 61 151 90 2 25 57 204 135 283 50 135 73 210 179 75 268 279 38 216 3 234 140 52 69 142 118 135 184 17 208 122 242 43 259 285 53 47 36 13 57 12 244 250 7 24 205 84 104 182 145 69 54 121 46 130 6 96 237 109 79 248 59 107 253 241 92 105 166 48 198 292 213 9 250 53 152 7 257 266 28 0 
241 198 2 150 97 267 108 166 151 266 189 213 237 195 125 12 162 206 196 49 233 228 296 90 42 142 125 135 128 151 105 95 23 12 52 212 26 157 74 293 268 210 226 199 299 243 177 262 45 247 123 132 146 299 6 184 93 26 265 245 267 192 106 113 213 255 27 284 82 158 206 92 292 280 95 259 17 263 166 206 153 258 121 215 226 31 46 98 144 181 69 168 70 193 44 110 109 143 12 180 
223 236 244 27 95 190 152 71 143 219 59 73 126 237 279 102 75 173 133 148 130 183 260 33 281 277 171 184 197 24 79 35 163 119 209 170 249 250 16 145 281 162 229 270 140 185 256 27 47 61 250 67 154 83 51 126 129 222 214 249 139 53 259 49 60 117 157 174 254 213 127 249 116 261 156 77 267 210 89 156 109 46 130 25 286 99 278 65 120 26 74 193 22 20 41 50 292 297 219 170 
282 130 219 77 214 241 227 126 80 52 81 212 76 173 4 145 93 253 32 294 148 270 190 150 102 51 168 95 182 106 235 198 130 95 10 291 25 212 238 222 217 22 122 284 118 3 17 288 143 202 233 283 19 26 15 234 298 275 144 100 238 117 219 111 100 62 216 211 15 102 90 184 247 270 160 251 46 246 253 132 67 174 154 170 291 50 101 68 264 260 131 275 148 254 189 8 190 232 206 283 
230 229 195 176 207 178 201 57 92 38 299 228 131 68 63 183 166 149 147 289 187 173 43 230 252 92 173 197 262 69 139 217 233 95 100 271 163 235 206 271 36 133 24 109 99 250 80 176 102 56 121 7 15 155 56 264 69 197 72 199 282 141 137 153 104 58 98 256 285 164 61 159 38 237 95 250 297 58 119 71 266 220 68 85 233 183 35 74 170 251 297 13 244 88 5 21 2 124 121 195 
171 59 46 216 10 244 29 107 90 265 19 179 46 139 176 156 155 231 36 18 272 123 29 215 42 285 45 215 237 21 272 197 219 50 293 163 244 132 209 12 170 115 106 277 206 205 0 270 262 151 238 183 176 137 24 294 171 278 177 58 104 235 63 181 92 39 128 50 116 202 196 42 197 255 232 164 198 260 277 218 70 193 278 114 266 269 281 149 123 113 184 235 207 233 51 247 222 60 166 288 
50 37 225 220 96 67 6 208 154 298 210 40 56 179 51 121 106 147 237 160 253 43 71 20 206 34 228 171 269 285 281 17 19 279 105 178 25 5 196 65 190 200 48 149 30 167 42 207 145 86 71 248 187 155 198 24 237 47 61 142 61 28 202 38 45 18 116 97 273 158 125 124 134 234 47 208 206 251 258 4 145 55 68 279 248 7 284 112 25 168 227 91 290 263 216 246 234 235 217 132 
29 218 6 168 98 156 102 253 22 227 68 273 252 178 56 236 56 93 105 14 136 177 73 131 16 276 203 165 236 158 269 251 80 81 79 238 246 138 282 37 124 165 27 201 60 27 34 140 0 242 163 189 291 241 156 117 295 17 265 216 289 275 275 167 113 78 39 272 155 207 62 119 82 268 216 36 215 298 242 293 130 90 15 153 127 113 208 249 19 175 228 242 243 289 84 71 14 79 238 72 
147 113 263 39 238 207 7 159 240 138 97 42 299 105 276 223 190 2 132 239 76 141 140 287 100 226 112 199 66 154 21 266 136 18 240 50 295 227 95 5 242 149 155 279 91 262 15 138 18 66 72 212 255 45 10 188 75 60 249 164 121 280 288 140 140 79 26 79 193 40 265 110 15 185 11 73 23 103 67 70 289 185 249 35 6 217 202 240 232 224 234 192 227 132 30 248 137 35 260 234 
232 298 28 202 262 151 102 239 41 106 282 216 101 261 155 288 219 158 139 39 19 202 137 54 232 260 164 34 46 112 23 67 48 84 85 238 239 10 40 1 263 56 104 3 168 76 189 96 176 172 65 269 232 97 107 63 16 214 161 204 138 88 67 143 277 256 60 237 18 240 208 32 31 105 2 151 184 8 160 194 95 167 186 15 15 199 231 213 159 148 218 128 167 296 87 169 251 4 68 244 
215 243 98 147 195 240 268 245 28 43 184 230 58 187 159 20 296 50 6 75 5 252 190 1 168 256 20 266 234 225 213 134 134 236 43 138 162 55 117 191 260 297 112 129 47 43 71 289 119 115 135 165 198 118 86 84 93 40 205 296 126 82 28 175 127 127 219 278 11 176 22 32 20 268 76 130 277 188 196 221 40 142 295 144 214 280 78 128 206 39 227 5 24 213 165 31 191 76 237 50 
184 236 182 33 68 275 81 13 260 174 266 112 203 266 170 151 298 1 121 45 291 231 209 13 54 120 35 31 276 127 86 114 88 71 50 256 276 221 235 270 139 125 138 50 29 277 119 3 152 152 268 247 280 214 148 151 213 181 239 158 279 111 293 178 63 117 238 224 200 31 189 210 228 165 92 188 24 185 238 226 86 270 258 271 117 73 251 131 162 102 205 228 149 17 263 91 17 113 281 221 
144 85 136 112 202 157 231 237 110 283 4 30 70 135 256 248 234 280 95 173 191 0 112 218 144 113 171 84 286 140 207 228 97 211 275 273 70 34 252 205 121 119 61 99 178 155 249 171 176 290 0 145 26 58 236 99 46 127 134 162 174 210 265 84 193 160 79 296 6 164 206 193 111 297 64 27 8 81 118 162 233 249 225 192 158 298 174 3 245 135 112 112 285 75 63 226 185 237 296 101 
83 287 270 132 182 37 74 124 134 198 30 139 218 19 139 106 142 274 82 127 219 68 32 230 220 19 232 116 138 99 45 280 173 143 75 114 84 146 227 141 55 95 114 178 256 85 249 49 168 115 35 90 191 111 171 256 45 66 29 280 70 88 254 78 248 111 46 23 148 185 298 243 271 94 186 117 17 283 104 271 155 249 206 244 137 168 172 179 161 143 198 174 179 268 128 242 13 273 267 176 
90 34 71 105 114 191 89 26 195 169 160 163 123 244 86 202 276 163 124 194 33 179 78 108 179 289 175 104 34 11 73 217 74 29 35 279 216 84 120 201 293 218 212 158 124 267 260 34 50 272 286 145 191 74 61 228 32 253 78 105 81 114 260 112 112 22 290 65 273 107 70 128 166 96 132 239 10 92 3 179 178 227 95 221 233 96 132 5 185 150 62 264 252 6 18 263 200 252 139 104 
149 66 184 29 216 249 197 162 129 293 12 262 96 175 59 217 153 185 235 204 198 54 291 45 217 214 252 97 114 80 163 287 272 131 202 51 62 14 227 163 165 151 43 45 57 121 25 245 145 280 233 152 147 61 104 225 71 68 169 34 214 18 281 211 202 146 15 67 72 178 145 127 231 146 111 211 227 21 286 94 104 62 251 237 91 221 281 55 146 202 23 27 108 134 286 86 131 93 143 80 
230 119 20 77 73 129 17 76 255 151 105 262 122 247 236 12 105 69 207 3 137 285 98 119 288 12 114 171 120 86 195 254 0 63 91 217 72 90 256 181 141 138 119 96 23 283 125 19 146 224 78 77 6 189 67 215 195 291 104 95 123 215 39 81 98 259 171 32 273 151 181 297 266 68 207 17 262 26 114 132 119 263 193 166 16 125 94 117 15 297 72 40 266 198 130 250 52 7 284 181 
82 109 99 220 92 139 190 127 197 67 222 287 144 246 29 269 191 239 98 255 154 176 76 161 35 164 217 108 179 263 257 168 181 60 211 247 201 108 291 37 184 168 157 279 161 253 133 131 123 45 260 153 30 57 245 126 288 240 171 199 1 67 227 46 272 3 241 29 283 51 47 72 241 223 188 132 54 287 230 207 104 164 79 93 249 59 150 15 207 160 153 96 199 46 37 6 201 212 200 18 
84 159 230 298 189 101 39 98 292 33 284 165 91 16 216 193 225 256 169 253 46 90 119 62 266 114 3 24 171 57 196 91 230 250 91 65 44 38 157 58 57 0 198 249 206 193 254 293 28 2 186 108 292 171 244 262 208 37 219 217 253 83 123 119 95 90 283 197 126 241 215 187 251 278 184 52 34 222 134 227 105 10 162 294 225 243 228 214 251 136 183 48 253 2 266 270 70 0 169 129 
216 19 9 221 120 283 27 205 200 204 220 61 56 276 228 169 261 50 265 240 165 82 31 89 6 98 236 273 259 88 22 77 164 153 125 193 30 81 255 224 186 172 235 290 93 52 62 4 84 140 0 83 76 5 180 260 48 122 34 83 286 46 149 97 116 289 242 294 260 190 299 134 246 128 191 31 111 274 41 48 38 64 108 84 51 147 250 226 47 32 51 20 87 21 171 30 286 183 294 180 
37 252 268 2 294 48 158 3 293 97 256 60 171 43 86 210 277 9 100 294 235 218 101 196 182 115 180 223 52 221 206 131 75 89 278 76 48 210 162 214 296 266 268 76 59 133 121 193 192 243 266 285 45 77 124 120 39 78 207 236 61 197 93 28 265 213 248 49 223 124 55 136 229 277 48 148 114 62 123 90 279 21 258 294 207 273 50 127 242 51 292 41 52 5 264 74 183 94 242 92 
298 11 278 70 20 246 238 101 180 226 128 20 270 34 26 133 286 173 64 114 23 193 184 255 3 11 46 170 153 147 197 285 155 255 98 243 141 241 222 210 230 24 230 99 181 96 90 190 42 251 181 39 235 250 103 173 289 80 296 143 183 43 57 57 5 12 204 211 217 253 293 223 6 194 42 99 244 269 51 162 72 213 98 24 36 120 113 200 50 19 125 117 293 7 73 242 24 210 276 127 
18 256 151 69 214 174 274 129 239 38 280 128 34 272 10 117 43 257 12 19 258 102 270 144 24 51 70 195 256 276 117 234 133 212 199 155 224 73 190 116 163 175 122 8 290 272 299 60 53 163 115 162 117 39 255 69 194 139 247 73 109 144 24 8 99 202 86 265 178 202 78 256 158 203 129 271 263 1 205 59 241 98 168 33 199 143 299 99 40 254 77 150 59 180 48 218 267 162 231 64 
274 247 49 238 53 200 96 160 76 242 293 246 166 140 132 253 72 234 175 139 147 33 7 209 178 193 66 59 72 279 231 23 118 190 39 277 57 96 156 231 187 20 51 215 274 220 138 217 73 228 282 115 181 169 59 78 39 154 9 155 232 94 153 30 177 152 177 218 60 8 216 20 251 295 290 256 188 289 122 102 200 284 41 89 191 36 26 134 144 145 70 63 178 136 6 182 283 61 47 199 
172 72 261 172 120 131 79 52 47 116 234 290 254 196 99 280 278 230 246 292 266 244 197 194 226 51 242 85 204 9 188 222 47 212 11 146 182 160 245 48 209 61 259 283 0 190 193 169 21 237 27 116 142 204 161 192 239 271 216 130 136 128 201 282 159 3 229 75 121 18 173 219 45 0 92 89 36 235 183 267 183 255 252 115 2 213 91 161 163 186 260 78 143 17 41 236 227 243 119 242 
89 76 271 197 275 128 67 194 124 231 188 142 110 246 14 240 84 159 6 134 293 34 280 243 21 81 89 3 255 178 94 35 202 11 102 46 103 62 160 232 26 185 249 163 261 80 9 255 151 105 119 2 242 9 186 108 266 96 248 195 26 113 138 126 76 235 22 59 13 174 220 179 72 39 65 257 248 221 175 37 202 213 261 158 0 157 266 209 70 2 179 221 278 167 242 264 123 164 212 19 
106 52 171 121 253 3 293 76 63 119 27 173 203 217 61 281 8 111 13 255 293 147 102 83 26 86 107 8 227 113 76 143 232 204 176 96 129 194 280 140 146 209 51 27 81 154 198 183 294 122 262 37 96 114 224 180 234 28 272 27 265 140 41 137 188 162 40 211 56 128 31 94 253 210 240 276 0 128 113 272 94 164 154 20 33 157 46 137 186 242 154 171 47 67 292 7 190 105 242 291 
94 261 273 177 192 231 129 274 252 119 270 149 33 227 173 82 162 198 159 140 79 96 105 202 19 223 236 217 3 2 167 203 63 216 127 258 83 168 27 256 97 134 288 241 281 92 238 81 37 94 176 272 255 246 156 224 55 172 142 26 1 277 175 91 19 123 269 64 30 101 249 31 95 126 48 140 192 23 250 284 80 176 268 109 279 264 7 219 297 282 266 122 150 270 101 115 282 108 298 287 
218 61 84 57 102 47 249 131 232 4 76 172 277 110 200 192 260 109 104 217 220 88 155 221 125 77 117 208 4 108 7 279 117 73 231 165 210 217 120 261 23 174 97 168 282 62 23 116 56 199 228 57 95 231 14 35 49 209 172 17 5 58 7 221 209 142 228 135 40 96 76 138 96 123 196 208 78 105 214 113 112 164 242 224 228 288 238 37 168 272 58 135 33 32 175 288 260 194 216 92 
46 111 58 267 135 29 34 273 281 215 241 4 149 93 40 181 122 104 11 259 137 148 134 296 141 140 170 216 120 109 185 135 281 228 130 274 135 189 43 154 107 68 295 272 142 189 262 200 49 130 115 263 60 82 5 50 275 127 213 38 219 89 159 12 134 245 15 58 214 87 198 55 72 280 25 197 10 282 289 202 41 185 212 7 229 297 183 189 185 77 116 12 103 216 5 48 19 3 258 68 
199 126 280 224 288 266 170 120 27 14 109 149 202 224 62 274 144 43 151 47 113 74 46 261 267 132 64 78 222 174 230 290 270 64 76 54 135 247 27 8 244 222 181 283 96 40 246 113 161 18 1 110 9 242 295 230 223 163 151 282 225 269 56 199 19 43 283 84 225 183 284 57 97 154 73 192 55 161 172 94 280 43 134 237 248 104 13 101 231 17 187 121 78 33 255 100 223 92 104 95 
234 198 116 160 138 86 263 39 279 119 67 92 185 122 290 101 241 289 105 77 30 132 4 298 92 287 136 59 140 27 48 249 6 224 295 203 30 205 32 100 265 182 52 0 144 251 80 249 130 198 38 59 82 255 69 293 215 281 30 74 79 120 235 184 250 124 178 33 228 161 39 163 139 221 138 244 137 106 229 277 222 60 162 174 259 193 27 135 59 4 94 165 128 22 288 84 204 103 49 291 
225 248 114 129 130 245 94 179 197 186 296 58 93 218 257 14 115 103 129 127 100 83 76 182 128 278 139 244 110 201 247 51 102 19 193 105 267 98 179 85 134 44 286 242 47 179 228 27 255 297 200 221 14 248 11 207 65 184 29 104 6 294 105 208 155 178 57 215 241 60 274 7 182 152 6 260 188 50 199 262 135 71 139 141 13 197 196 180 9 52 138 48 130 26 278 58 296 248 26 192 
75 15 54 216 147 34 9 249 188 48 253 26 55 76 87 296 1 299 82 267 146 186 217 40 284 281 143 54 286 143 59 247 263 50 16 176 191 202 51 231 283 89 299 219 68 18 123 101 186 158 146 34 78 174 299 253 238 74 4 247 99 189 57 104 292 23 16 84 225 287 31 133 74 293 0 142 208 219 36 120 208 18 20 173 288 87 16 275 227 262 288 181 297 39 227 64 117 292 265 227 
104 38 22 199 295 83 181 250 157 288 154 158 204 122 194 102 208 222 111 268 83 105 279 229 182 129 118 237 260 154 64 289 270 95 103 214 11 153 153 163 245 288 144 102 176 19 19 3 85 159 0 6 38 227 219 90 148 247 254 18 140 8 76 250 178 82 227 209 91 197 253 166 190 237 51 281 161 293 165 119 153 166 8 12 192 295 237 128 229 104 130 40 109 92 82 115 168 107 121 260 
261 116 109 198 19 237 90 1 228 164 229 187 55 95 167 283 173 143 128 200 51 198 150 249 251 176 26 19 292 202 54 256 255 246 4 99 111 46 254 116 244 24 94 238 87 185 80 161 145 241 134 157 81 7 291 72 150 169 3 27 54 282 70 292 0 90 114 34 260 202 106 157 272 33 109 68 93 165 260 237 236 162 159 79 239 136 141 45 186 19 205 62 6 284 248 248 55 26 72 230 
77 270 51 1 14 186 37 29 133 247 94 240 74 118 0 275 157 240 155 149 76 138 77 208 180 164 280 145 250 32 70 243 86 297 105 99 33 152 39 142 116 63 43 16 83 253 108 11 119 161 170 243 98 146 223 81 61 198 264 182 8 21 152 89 263 53 183 251 189 267 31 14 164 1 207 52 92 286 25 122 25 125 289 0 265 30 238 58 247 81 69 71 189 245 88 81 296 292 250 234 
113 171 284 121 18 196 93 184 219 34 284 165 223 217 229 198 90 215 239 6 219 131 42 100 49 259 77 158 225 155 5 235 99 172 62 296 235 110 117 89 126 21 76 162 9 269 178 135 247 61 70 157 274 14 69 206 76 221 137 121 7 70 289 186 74 249 186 134 17 53 105 58 199 7 114 292 95 269 263 283 14 168 162 208 90 87 74 232 26 189 209 132 276 185 53 267 162 219 236 127 
218 58 282 291 260 188 273 35 277 293 88 188 197 100 171 42 97 222 194 203 287 264 28 217 17 299 86 199 288 267 79 260 8 108 123 269 228 160 111 260 200 164 263 16 206 196 14 111 201 282 69 254 243 178 150 28 135 2 51 17 174 14 8 280 237 277 237 115 54 226 116 2 186 0 105 71 12 62 127 60 64 17 246 265 46 167 261 44 112 264 153 266 177 219 207 27 72 287 211 65 
24 91 233 121 13 99 173 3 287 8 73 60 161 257 150 160 249 71 195 141 113 114 4 100 85 245 83 6 96 115 235 167 289 263 94 274 203 182 265 178 234 47 237 211 216 259 140 276 166 233 116 123 55 31 123 125 251 287 232 280 7 261 277 78 297 254 258 44 298 220 285 267 291 94 130 241 264 63 189 228 278 166 245 186 1 217 235 253 293 214 11 9 220 73 247 138 128 243 74 143 
285 275 282 123 25 271 85 243 299 29 140 140 102 186 25 291 298 154 275 206 165 98 100 82 195 23 154 157 98 84 213 12 67 57 244 76 72 164 93 33 188 236 146 85 248 145 225 26 40 84 216 122 13 11 34 277 180 166 224 265 119 295 108 286 66 267 262 137 65 234 271 157 151 186 230 110 230 167 237 173 6 265 105 249 291 64 142 208 67 211 117 33 135 33 10 261 249 57 272 55 
34 109 123 57 25 297 262 143 259 7 244 110 88 10 67 277 146 71 139 247 32 91 5 209 190 226 132 129 268 99 152 64 112 289 12 136 24 42 143 21 279 62 51 40 230 82 30 12 189 182 2 25 236 219 230 154 61 137 142 175 223 184 83 139 27 6 59 290 117 180 291 195 129 196 21 0 88 135 229 201 70 250 63 138 249 298 43 7 154 232 199 214 62 58 56 68 112 99 275 44 
52 225 94 193 187 13 179 117 202 139 77 273 232 31 245 142 132 19 102 252 146 181 152 223 17 151 269 284 157 209 61 21 94 7 79 119 192 249 33 79 128 19 57 163 87 16 160 122 54 253 40 218 210 189 176 105 168 16 58 62 192 249 276 133 121 280 115 94 284 43 154 238 238 87 294 55 211 139 281 89 137 133 164 176 16 200 136 224 211 289 36 194 207 196 269 125 231 14 214 77 
199 9 134 275 84 7 155 177 244 194 168 283 219 39 151 46 102 226 251 40 291 261 291 277 64 237 16 268 298 1 191 277 209 157 291 29 239 62 245 134 130 86 8 109 50 71 24 25 39 46 170 210 166 10 182 290 49 91 12 94 20 19 102 44 251 8 298 4 17 190 179 145 174 19 142 262 200 252 212 284 194 150 292 49 181 298 142 257 88 49 45 264 3 67 217 45 223 145 54 129 
220 113 278 271 82 101 38 166 184 55 114 111 137 56 147 1 229 178 146 179 68 36 261 1 241 28 237 17 30 62 80 163 130 176 202 218 291 111 119 142 169 77 175 203 67 157 284 207 280 18 111 167 277 16 229 189 205 39 245 250 168 81 291 258 81 74 122 204 206 131 33 204 269 196 111 3 216 13 113 66 60 274 56 213 67 89 44 73 19 92 26 39 238 268 189 31 19 193 247 229 
161 143 153 163 183 244 245 295 16 123 298 174 40 289 214 217 90 122 287 92 187 63 7 128 102 153 234 225 206 131 192 63 226 36 75 52 155 279 9 79 131 21 194 88 7 261 89 96 198 24 101 14 297 215 58 270 26 140 179 108 189 82 182 28 267 133 50 109 181 171 209 64 289 109 250 27 131 36 256 273 207 236 84 203 85 97 19 232 237 35 132 49 128 52 216 188 50 296 223 157 
37 182 154 73 18 96 2 3 31 151 236 153 265 268 224 284 35 82 107 222 94 144 92 207 99 138 167 49 106 287 29 153 151 290 135 3 214 126 77 24 7 261 20 14 20 136 171 108 83 123 246 96 95 81 116 70 161 19 79 269 166 8 93 211 132 60 10 132 102 42 95 95 43 276 141 18 53 294 158 124 177 63 299 55 195 260 83 90 156 201 71 211 160 93 263 145 34 247 111 50 
272 166 265 11 271 190 6 69 142 60 248 106 18 33 71 43 286 266 298 212 208 102 40 252 183 182 46 295 34 89 83 57 217 12 87 233 207 117 164 182 32 228 158 224 52 280 41 114 60 186 125 7 287 131 285 279 295 53 70 260 253 176 274 263 294 173 16 248 279 91 67 185 168 224 131 246 209 173 194 138 237 246 47 12 282 184 215 60 56 216 161 4 193 57 139 226 289 273 169 236 
68 168 46 114 56 145 201 194 99 0 290 26 41 204 208 21 297 273 145 103 26 189 292 115 12 228 43 214 24 208 49 141 200 154 169 89 206 58 188 226 288 137 96 103 24 93 141 60 284 265 100 101 61 222 34 182 40 73 289 73 154 77 185 136 20 211 282 3 93 169 77 290 82 12 220 203 238 245 6 13 180 50 275 253 185 172 180 47 267 31 222 161 194 282 233 20 221 185 166 64 
220 216 236 164 275 204 243 72 3 64 114 194 299 298 43 204 87 262 113 57 255 128 93 114 198 293 232 53 277 142 148 154 129 76 296 186 142 251 189 138 104 289 274 113 43 38 148 76 221 22 139 45 58 38 163 210 17 87 18 260 114 171 258 271 155 129 42 291 238 103 185 67 87 298 214 106 158 49 141 107 108 82 158 77 271 194 32 11 231 240 85 156 102 175 168 222 134 291 49 208 
273 169 204 242 37 201 153 135 110 165 183 209 133 11 291 144 42 12 139 252 88 167 10 221 231 284 227 24 2 13 254 192 198 208 21 88 167 151 203 230 178 4 141 172 14 45 18 235 99 263 33 282 136 253 4 128 172 140 55 76 27 221 281 263 85 2 89 142 256 164 165 279 189 40 288 134 269 92 6 265 90 269 101 159 55 51 261 280 276 212 111 86 209 37 109 165 154 17 268 221 
183 295 99 260 257 163 139 207 13 196 52 78 139 8 72 290 89 51 201 205 281 184 31 106 212 58 278 7 105 6 153 185 94 206 284 287 273 54 51 285 193 236 239 278 258 109 185 288 214 214 37 95 138 196 293 69 169 116 253 192 59 41 289 236 232 223 197 31 113 244 252 270 59 229 176 266 171 20 281 251 275 35 37 71 179 271 110 250 174 178 154 85 78 282 219 228 136 143 133 61 
169 251 77 145 90 163 195 37 119 13 111 114 146 184 292 112 120 155 141 69 192 50 224 108 279 9 68 220 184 170 281 135 13 181 207 103 62 26 219 280 92 107 36 129 200 59 186 195 125 46 216 27 84 38 164 83 95 117 295 85 115 208 53 12 101 123 89 283 55 146 160 177 163 179 152 225 78 137 129 223 274 29 39 67 108 55 69 194 236 295 237 174 69 296 116 109 206 157 52 133 
45 182 192 178 185 125 166 141 186 158 146 28 32 208 291 177 26 81 52 48 199 115 69 215 150 79 130 40 178 247 91 181 40 203 240 155 128 25 259 261 26 134 132 270 73 106 24 226 160 299 89 216 229 165 112 116 262 238 248 244 290 76 183 100 148 209 59 42 278 115 250 250 137 48 61 106 294 101 97 289 36 131 143 233 253 261 54 62 274 222 174 257 159 114 39 273 141 240 123 5 
138 283 268 47 286 185 237 215 4 191 111 158 177 31 235 224 278 62 26 184 288 86 143 76 283 287 116 65 27 104 64 67 55 68 217 72 275 134 121 277 225 125 109 66 102 128 112 247 298 257 169 155 237 153 108 128 15 68 6 178 243 45 143 249 63 299 268 121 71 285 197 133 235 39 104 192 101 18 206 286 152 14 262 29 290 214 48 197 152 256 180 134 191 210 239 130 245 24 41 171 
206 266 172 14 288 225 19 228 193 101 215 115 128 225 258 4 209 34 136 200 41 201 247 261 141 120 126 22 29 275 93 9 44 143 247 284 122 190 251 142 62 244 121 80 34 166 184 156 159 45 164 144 145 5 190 1 295 59 229 262 163 208 156 232 249 114 9 132 260 132 4 15 228 221 264 112 154 101 9 71 37 215 183 169 42 190 166 140 19 187 38 280 207 226 65 183 85 53 139 145 
270 265 289 38 71 74 277 276 60 245 9 215 206 116 70 208 163 298 174 142 247 295 297 39 5 58 169 150 144 198 8 267 3 158 191 216 244 148 216 194 168 3 99 32 257 191 288 51 80 126 87 249 109 149 238 92 285 216 87 165 190 25 177 274 129 66 69 160 257 159 260 88 182 163 203 276 88 285 130 225 221 21 249 15 4 15 87 257 287 100 212 141 280 116 198 103 31 267 156 166 
91 190 114 38 282 169 51 181 254 146 75 143 126 53 247 71 160 162 295 277 204 262 112 197 240 54 278 149 73 87 91 2 194 299 137 51 101 16 248 58 115 26 128 119 219 8 210 262 73 230 232 260 74 141 194 169 259 90 54 109 71 8 191 121 243 240 214 199 221 186 173 264 195 177 116 92 240 295 137 175 103 62 63 175 86 263 42 102 230 149 213 166 222 296 208 146 12 42 256 46 
203 113 244 66 14 127 292 230 241 142 37 42 110 104 75 81 45 38 177 219 239 155 204 36 36 107 173 85 115 237 260 53 96 222 221 208 296 99 268 262 162 297 293 275 286 170 80 102 37 99 199 120 108 4 198 195 210 283 86 87 91 224 85 239 190 85 105 114 25 126 175 279 120 27 194 63 23 281 180 127 164 197 275 186 124 95 192 52 88 114 161 247 179 141 276 156 299 97 204 289 
