256 54 208 50 115 245 150 214 243 182 248 50 191 33 284 241 156 232 19 33 194 27 13 23 62 298 268 284 226 263 278 189 141 112 74 103 104 143 104 235 189 77 155 240 225 40 250 16 298 241 126 152 117 284 187 162 286 164 153 237 96 226 156 28 66 189 103 14 296 185 250 70 241 153 131 213 34 273 131 84 55 92 84 244 92 293 124 211 251 144 139 217 240 127 274 99 253 141 44 166 
40 291 253 123 205 42 9 266 196 52 286 192 247 146 269 242 156 133 279 50 285 120 106 280 79 162 93 234 224 232 69 68 196 237 249 78 291 111 44 50 173 285 48 229 62 67 51 169 27 274 170 232 244 277 292 83 148 219 220 49 265 262 172 258 109 146 13 32 274 130 153 249 240 168 93 29 152 23 283 209 106 234 197 260 152 103 19 1 298 233 297 133 194 262 108 170 169 135 230 289 
57 205 172 140 192 280 68 142 69 182 52 243 178 154 129 79 66 258 139 78 163 298 276 258 198 141 119 200 153 136 91 267 14 281 196 98 235 158 162 124 298 152 91 282 9 194 246 43 4 201 225 83 26 88 118 266 157 39 274 166 286 237 229 196 248 70 146 19 228 54 38 78 153 140 35 226 213 234 167 90 87 34 176 215 19 36 23 87 23 0 28 22 107 110 16 183 63 156 297 135 
275 144 133 152 183 95 34 108 88 174 217 200 236 87 114 98 285 225 130 156 176 271 134 248 135 183 31 81 227 223 218 35 232 52 58 6 205 33 64 187 148 233 195 27 33 133 116 88 26 25 287 122 196 106 227 214 44 31 194 153 40 226 65 38 35 294 198 109 229 270 198 119 288 216 278 145 132 11 20 266 49 227 52 43 295 255 108 258 185 123 202 39 170 26 21 189 204 1 277 43 
1 98 224 185 184 15 145 66 111 67 222 243 218 238 282 26 253 11 260 207 62 211 87 227 281 219 190 63 275 194 230 203 100 8 25 127 164 278 153 148 156 247 70 92 274 291 252 216 46 166 64 90 91 67 160 282 273 201 269 228 232 113 261 26 33 193 142 288 36 269 298 197 278 200 207 44 75 134 168 179 119 51 88 190 72 82 238 247 107 75 214 116 207 82 120 198 146 121 106 265 
192 239 283 60 125 215 297 27 230 134 150 218 210 132 123 187 89 2 8 74 113 179 200 220 17 280 92 110 146 24 202 188 204 26 216 230 141 45 265 265 227 217 123 149 228 11 153 193 238 257 271 32 85 219 64 291 224 9 176 3 5 242 46 180 228 56 119 246 270 185 91 243 275 189 19 201 114 29 220 209 299 32 131 296 117 176 230 213 109 19 237 228 163 214 169 158 104 138 181 224 
256 197 110 272 224 247 77 249 138 294 186 270 104 99 199 254 203 194 180 127 69 47 222 213 124 118 67 100 216 71 237 24 107 179 155 292 48 171 178 9 6 218 39 1 261 213 128 75 297 293 57 140 278 53 245 166 92 168 289 284 169 73 57 287 163 101 73 8 29 197 141 46 121 84 260 56 299 220 245 270 61 124 55 84 134 180 199 272 72 281 211 110 13 78 89 128 100 100 109 47 
137 212 95 231 250 110 116 285 260 50 150 59 182 212 99 252 176 62 215 294 30 277 96 240 249 247 122 112 254 119 30 201 23 58 175 152 263 250 36 68 202 120 53 247 15 249 32 167 231 113 297 41 199 179 101 136 94 120 184 41 298 36 261 259 251 261 90 273 59 297 272 75 67 266 168 45 14 267 123 113 237 6 295 31 147 12 70 250 110 129 10 106 2 65 14 31 168 102 292 135 
170 111 95 8 209 44 283 209 34 298 299 3 153 265 158 230 7 209 242 128 15 290 109 32 168 123 96 132 8 149 136 125 28 123 74 231 102 297 263 243 223 210 245 207 47 166 217 114 173 0 109 216 204 38 164 29 30 166 267 295 82 21 255 76 297 3 28 162 232 22 212 160 269 142 68 264 243 272 206 169 11 185 24 218 21 262 168 115 290 218 85 186 18 260 184 95 105 17 174 159 
70 267 105 151 152 71 233 167 41 269 33 261 116 174 95 296 293 138 284 57 178 71 155 268 260 224 40 6 248 242 47 97 0 68 130 221 225 41 264 142 61 23 147 134 147 273 21 216 266 130 85 28 296 156 216 294 37 126 138 5 286 154 276 121 90 213 145 117 298 68 204 108 103 91 240 174 234 96 159 229 163 218 283 182 239 6 58 146 19 198 175 73 112 100 45 166 24 146 284 231 
52 4 194 145 252 217 107 51 100 221 156 256 28 169 165 251 3 25 61 6 167 228 18 97 84 62 65 28 234 258 51 235 167 68 225 30 70 28 221 240 237 69 249 171 81 141 23 145 283 153 34 10 153 187 8 9 159 194 233 167 100 34 63 10 156 153 250 298 6 142 93 266 201 259 102 217 62 240 294 286 241 30 141 260 234 232 193 58 230 217 8 4 254 274 207 51 25 287 44 282 
125 293 8 228 16 117 198 27 228 295 154 73 36 71 1 286 212 211 232 31 247 259 271 154 208 298 12 230 20 266 40 208 37 102 162 106 270 1 13 231 13 17 83 83 161 257 259 212 109 88 218 196 236 148 293 262 223 182 214 164 115 226 30 30 172 245 186 156 15 12 184 252 270 244 172 6 238 8 18 88 159 215 58 102 280 215 71 62 9 117 124 112 116 234 93 200 136 149 88 215 
39 114 67 110 36 194 17 276 292 12 171 196 148 228 229 104 98 30 189 92 259 152 291 50 198 99 65 292 259 96 117 162 126 11 109 286 225 76 123 5 11 193 233 144 143 286 82 70 276 263 126 176 150 55 274 94 297 298 179 180 48 220 229 221 161 210 283 287 7 214 102 216 83 214 145 66 292 66 178 117 65 291 114 172 68 10 38 241 217 9 151 31 59 174 19 197 58 21 152 217 
292 256 105 245 97 205 175 96 126 0 117 36 45 90 279 130 291 125 223 298 229 48 161 174 232 134 292 169 134 222 169 41 82 102 292 236 203 168 6 293 227 36 270 195 64 207 170 162 70 92 208 50 135 237 171 32 54 92 292 98 70 162 146 18 187 203 165 50 219 272 154 278 258 46 22 78 138 128 26 142 44 290 213 128 203 162 244 157 131 195 102 218 13 129 182 36 205 200 130 54 
263 261 157 198 195 153 292 210 111 207 176 272 35 152 167 172 63 284 58 293 15 176 182 115 238 110 38 212 111 285 167 196 285 42 204 265 202 66 209 230 295 65 43 147 174 30 238 70 184 163 221 85 140 156 265 180 127 231 61 288 233 2 33 236 264 97 150 183 19 181 12 287 134 166 69 260 249 64 1 55 194 67 63 32 191 273 91 154 87 286 192 171 147 19 24 143 184 208 269 253 
39 150 142 107 237 169 290 198 292 277 105 266 93 128 1 167 0 19 7 284 229 208 262 58 41 151 143 201 20 64 293 102 36 205 51 296 246 144 200 105 251 183 209 260 242 285 118 80 51 108 2 98 59 297 92 215 59 72 34 232 122 185 11 186 167 37 98 274 2 293 12 93 58 144 10 235 267 179 43 193 241 138 235 205 120 225 225 29 153 72 114 146 65 298 71 58 137 56 79 131 
46 221 136 299 161 245 112 1 266 254 107 254 148 194 111 151 48 99 266 152 231 96 43 290 125 201 276 29 0 88 3 277 280 104 136 254 120 126 294 282 93 26 256 5 170 216 105 171 83 96 175 265 78 107 253 225 146 56 23 39 194 282 50 264 110 22 68 251 216 74 276 208 210 143 98 252 17 260 102 266 129 65 267 139 264 91 283 57 100 0 195 25 169 273 39 218 7 54 207 180 
207 71 252 293 71 160 130 295 15 6 226 226 55 288 83 279 106 282 213 36 128 73 69 150 263 115 99 217 38 90 93 55 70 143 119 260 202 167 140 192 75 217 76 278 195 217 22 79 173 241 64 126 236 15 12 70 223 218 66 245 5 248 251 224 230 175 156 110 190 290 107 69 120 111 189 298 182 178 105 133 279 108 0 266 193 137 81 242 148 239 15 232 175 253 33 89 193 71 277 254 
255 126 68 73 292 26 112 207 253 29 147 129 158 15 288 140 72 220 224 177 56 262 262 20 180 100 46 252 217 287 270 84 117 6 114 185 278 51 234 200 102 299 49 145 288 278 4 212 207 85 280 51 42 119 232 64 52 155 55 177 173 98 232 169 128 236 230 244 186 129 146 53 262 56 107 27 235 264 266 23 68 149 78 105 118 98 189 61 87 16 151 18 148 1 35 287 72 286 223 18 
0 294 185 23 98 100 72 10 10 98 164 192 53 139 237 1 48 70 172 253 13 89 279 297 80 212 254 100 133 65 94 104 124 92 259 273 69 139 285 163 5 88 162 251 296 214 2 1 140 65 26 31 162 80 178 57 120 299 109 76 159 285 63 192 210 128 283 179 202 112 145 277 132 30 133 241 128 69 172 293 222 293 38 92 190 65 41 207 268 218 194 30 98 62 77 68 126 58 181 198 
27 232 77 276 83 40 256 148 112 273 8 160 271 86 1 146 262 26 88 218 276 245 138 54 231 80 141 248 120 90 119 297 235 16 192 109 66 117 53 75 246 262 257 14 273 66 83 284 164 146 294 186 208 239 252 52 268 94 14 139 261 288 266 284 50 177 31 86 137 51 181 27 25 276 60 195 37 204 91 138 289 76 24 271 112 217 182 41 22 229 181 45 191 299 1 51 228 274 253 217 
268 84 42 194 109 91 113 236 120 191 209 121 162 205 237 126 252 79 280 80 170 77 185 130 112 160 110 299 193 230 279 70 47 141 80 43 58 150 171 32 24 40 127 156 169 61 14 66 141 113 279 109 286 6 159 255 166 91 53 39 233 104 185 204 178 205 243 151 64 107 211 143 71 83 138 143 132 72 126 103 173 27 247 45 48 180 127 275 115 168 63 196 68 161 170 179 82 10 253 72 
51 76 236 186 195 4 17 163 38 269 134 206 225 80 27 215 227 202 168 138 137 119 148 237 50 201 27 247 225 42 9 77 275 282 239 208 114 174 73 39 70 289 293 10 90 253 236 91 30 182 254 88 290 59 23 110 99 296 135 221 24 142 13 175 261 48 35 117 263 19 125 75 50 137 180 144 142 15 65 294 295 62 183 66 81 153 245 39 32 149 235 44 80 238 246 124 27 104 233 50 
189 181 267 183 225 19 27 126 7 215 215 82 61 87 36 240 269 26 41 61 63 106 122 52 239 74 191 91 294 180 297 138 258 57 263 224 111 279 161 210 55 296 290 234 296 241 160 200 292 247 284 23 210 277 249 210 35 150 8 124 83 9 250 73 285 167 23 265 156 35 163 207 44 17 37 299 36 275 121 108 73 279 149 117 151 147 128 177 279 153 99 248 176 99 269 75 98 178 292 91 
8 201 104 226 177 57 208 175 81 214 143 79 148 37 21 116 36 168 294 73 199 256 270 230 191 154 25 129 41 148 260 293 179 167 17 234 273 13 200 237 131 15 275 62 69 16 127 299 207 27 3 150 274 283 269 86 279 285 79 10 210 287 23 143 81 287 222 59 2 141 181 237 218 108 157 95 40 173 201 62 210 218 273 17 262 214 85 41 119 74 214 91 181 24 217 21 290 289 262 262 
147 77 258 108 243 189 84 217 278 280 212 142 288 235 277 245 174 281 13 265 93 135 107 70 279 143 52 92 51 39 173 62 208 280 16 125 164 296 176 89 13 197 210 90 184 175 246 271 34 67 59 241 80 89 21 109 210 111 279 59 70 299 280 271 269 196 178 9 246 231 147 205 98 199 183 198 72 242 66 86 14 146 164 294 292 60 181 200 131 18 124 38 188 75 35 33 194 255 141 26 
118 4 295 84 294 24 59 242 291 271 117 182 38 208 214 130 141 239 35 58 183 106 284 94 46 5 77 153 296 242 45 54 38 57 280 142 83 286 140 71 149 140 100 243 43 198 101 232 67 56 150 63 284 204 166 130 282 198 203 94 269 261 133 81 68 206 119 288 258 26 237 80 50 255 43 182 83 79 257 93 282 177 291 155 40 160 251 134 234 133 168 216 94 203 193 205 162 201 251 29 
0 200 0 178 130 233 29 138 159 137 220 120 158 3 141 203 101 142 58 167 5 260 153 44 63 146 51 40 282 129 41 261 68 187 85 15 94 222 131 83 92 74 141 97 135 106 245 69 137 37 16 236 262 29 26 257 153 252 40 142 147 145 177 213 169 153 94 258 208 178 216 178 80 148 270 84 222 62 234 216 262 55 260 161 275 229 146 236 254 38 3 45 81 78 270 8 297 48 96 276 
173 57 237 250 9 168 172 90 185 182 1 225 46 54 267 39 11 284 165 283 176 76 154 27 3 124 125 230 291 241 38 127 90 250 9 219 73 297 114 166 97 180 26 46 268 283 53 213 2 258 93 236 105 154 49 215 167 15 65 55 275 124 141 238 21 154 101 98 222 86 72 108 295 242 148 222 124 42 173 35 144 79 59 254 283 215 153 142 24 286 143 292 85 241 232 221 268 201 141 166 
18 170 32 125 177 53 196 190 62 218 127 169 37 14 254 98 129 88 134 254 26 179 167 176 277 187 113 197 57 263 180 223 75 6 216 236 213 5 189 49 10 17 189 28 241 236 223 83 247 290 171 214 289 200 68 236 219 248 224 29 286 8 26 174 184 135 188 137 233 25 204 59 112 133 132 131 120 85 173 289 120 222 16 187 62 162 134 163 163 58 250 129 81 247 212 274 25 186 121 5 
239 110 44 176 292 111 15 211 298 169 130 125 118 239 127 223 259 80 14 109 277 174 115 217 36 157 262 215 54 74 194 127 58 93 266 149 62 251 296 110 272 4 178 193 224 152 37 181 193 40 176 222 277 204 146 262 10 222 56 13 247 1 297 167 54 144 186 89 79 273 175 154 196 5 295 60 270 52 221 33 177 260 215 211 96 211 52 140 127 258 264 213 60 57 51 201 23 203 211 37 
13 148 61 275 163 58 46 47 5 24 93 260 89 170 84 11 180 213 108 41 11 285 49 154 65 280 262 254 25 212 69 27 189 101 70 283 298 153 121 12 223 200 5 157 238 260 91 290 226 108 135 299 218 130 97 73 218 267 270 189 152 150 49 53 112 213 257 36 251 215 104 202 205 36 222 60 269 27 66 173 215 253 193 293 136 19 117 297 256 97 159 187 132 200 263 75 32 213 87 238 
48 139 263 125 211 4 48 90 89 274 104 47 137 124 281 279 85 282 8 18 129 172 115 199 53 247 278 75 255 20 95 163 140 259 129 90 254 267 22 138 237 171 215 64 174 212 107 162 185 52 230 20 74 78 173 29 7 147 223 103 196 73 62 73 246 141 54 128 192 70 65 112 155 56 140 265 81 103 220 285 220 0 197 252 108 189 235 221 282 123 146 66 290 27 171 204 284 226 215 199 
198 82 200 197 146 174 206 125 102 27 276 177 75 268 246 221 297 198 78 232 67 5 54 33 19 295 15 166 37 54 148 28 33 20 160 88 14 5 266 276 124 73 170 36 32 162 176 31 123 220 57 65 80 123 79 203 182 41 230 53 221 37 208 30 68 159 148 193 263 297 63 215 157 49 107 12 41 96 273 247 248 86 196 164 242 46 42 268 159 181 219 136 84 55 112 85 290 26 49 228 
229 37 66 196 220 15 162 133 80 220 213 227 54 15 297 22 138 78 91 149 146 219 199 296 106 191 299 234 73 164 179 294 44 15 130 174 85 50 256 265 299 18 165 230 36 248 166 74 283 291 293 60 187 278 257 291 267 202 66 144 68 142 1 98 8 253 4 26 204 187 181 294 140 148 121 165 238 10 151 36 160 265 145 148 10 135 190 295 211 8 32 11 243 176 216 225 221 216 64 94 
45 15 200 80 117 200 196 282 252 246 9 65 187 111 194 182 159 118 33 156 282 73 178 96 18 174 167 141 215 36 101 113 192 136 190 125 105 204 31 116 22 155 267 264 7 214 253 96 58 179 199 269 25 125 104 81 257 91 203 288 18 212 140 47 14 246 62 215 80 22 289 168 104 287 31 17 236 126 218 185 248 18 235 270 78 163 269 85 144 109 147 222 127 18 288 157 89 23 173 109 
49 91 259 101 206 16 142 116 49 271 12 5 119 158 202 111 51 25 290 13 143 58 132 74 168 60 150 194 150 265 82 116 286 82 185 203 116 232 186 266 128 241 215 241 276 177 100 89 182 281 206 71 102 255 162 88 171 183 149 275 146 157 94 151 166 201 202 226 206 280 55 50 12 199 32 4 108 65 32 175 145 276 250 90 181 204 248 184 126 135 2 142 267 8 84 78 257 226 38 83 
96 123 249 229 213 242 59 202 117 175 179 153 10 21 109 130 60 164 110 298 59 99 285 233 295 103 237 201 164 6 243 49 291 47 6 10 104 275 47 172 57 238 196 288 279 266 196 180 100 145 10 275 93 29 157 147 156 125 145 9 257 289 190 56 105 286 173 241 123 35 105 241 127 212 144 287 22 161 214 223 207 77 77 71 151 147 210 13 92 4 103 97 69 295 78 5 39 34 140 218 
211 97 233 269 278 235 91 202 173 195 88 103 43 77 58 284 123 282 221 118 94 158 252 274 36 115 196 187 46 164 31 250 272 172 22 209 176 237 180 129 167 92 138 193 14 281 99 264 160 262 294 214 70 189 71 90 191 75 91 86 88 75 20 252 11 243 20 8 204 163 195 45 100 216 71 192 242 13 288 234 118 255 221 214 8 22 181 179 64 5 97 287 115 82 12 224 294 159 232 210 
90 216 25 37 140 195 252 164 133 48 258 95 213 60 52 121 180 200 241 17 121 202 210 265 154 288 294 171 291 108 22 183 214 247 70 170 215 64 104 34 241 283 276 294 297 187 198 139 174 21 288 90 24 238 115 256 217 150 187 180 168 182 173 164 272 31 165 251 189 160 8 117 269 35 156 123 254 242 153 264 26 67 298 196 3 148 220 261 299 277 226 15 127 172 66 276 40 294 127 104 
122 191 100 261 69 69 247 186 164 270 109 121 220 43 118 214 17 78 224 207 110 94 281 153 263 212 132 176 246 182 271 61 243 233 175 175 9 44 12 96 43 55 180 161 24 69 204 165 193 238 184 182 9 88 96 213 7 132 232 278 130 159 294 199 210 266 249 25 5 167 212 148 172 280 299 233 54 189 190 248 25 9 279 270 204 257 228 159 257 37 282 165 117 247 296 173 248 173 203 114 
189 65 258 110 261 35 297 111 10 167 177 107 4 243 50 116 151 91 69 203 208 99 185 38 81 185 84 51 150 207 233 231 77 55 96 135 124 42 191 33 273 114 48 167 218 60 89 27 190 64 286 166 152 161 173 235 75 264 74 178 202 224 30 30 165 37 214 146 67 30 224 163 237 203 85 227 159 119 183 104 74 5 124 279 17 69 236 283 40 129 23 109 262 284 175 126 265 299 209 151 
104 231 294 195 184 54 48 267 279 113 108 141 41 225 62 123 295 5 115 6 294 44 295 248 284 215 7 163 106 249 149 299 5 209 125 83 172 275 6 243 134 7 65 232 44 62 57 85 242 154 281 57 39 197 294 240 54 281 55 14 298 146 177 85 216 3 166 211 15 62 199 224 76 266 10 261 184 166 209 65 251 72 191 183 161 155 262 208 191 253 71 10 266 203 78 181 272 186 21 221 
68 226 274 157 190 161 226 175 243 147 285 143 8 51 264 224 226 80 154 156 78 68 66 179 87 257 243 240 12 102 17 287 274 72 255 266 58 267 86 150 291 230 265 76 202 150 274 16 149 246 160 297 101 234 40 178 283 25 105 257 142 63 75 276 59 153 40 56 33 123 150 154 106 162 3 31 54 171 285 60 130 186 248 190 75 195 119 190 28 14 167 272 197 53 238 217 58 274 63 206 
228 278 241 219 54 142 188 288 82 144 118 279 149 148 259 39 80 266 16 27 277 51 178 205 113 124 239 65 263 130 168 76 157 148 199 74 181 89 91 272 104 210 221 130 34 3 41 24 64 233 174 98 33 147 126 185 22 163 137 72 242 236 208 203 202 117 97 71 249 244 49 186 170 140 61 292 265 177 281 206 7 246 119 2 250 103 102 55 60 31 213 118 283 255 274 102 105 9 91 92 
69 200 113 278 298 48 35 77 134 76 176 156 85 198 75 3 131 203 111 168 192 24 107 12 86 144 99 233 80 247 296 115 201 98 37 105 167 44 158 89 253 165 61 91 111 49 51 293 160 219 260 155 180 206 114 21 3 139 91 37 70 28 53 179 153 241 117 206 292 214 107 97 278 192 281 201 227 195 83 25 69 10 66 292 189 244 123 178 235 168 229 61 215 48 93 185 17 212 290 293 
187 176 146 260 53 60 220 96 106 103 30 146 174 222 252 299 115 12 9 74 160 42 202 133 290 279 237 260 265 282 200 231 295 218 266 203 199 227 169 192 25 74 108 33 39 85 283 77 119 116 209 61 111 195 237 194 105 121 196 160 153 144 30 186 96 138 11 240 254 131 61 183 222 216 59 121 180 284 163 101 295 33 246 255 37 177 271 226 263 117 39 237 121 274 41 45 30 126 291 221 
208 269 67 275 3 105 112 10 157 23 39 127 201 179 273 33 196 161 248 27 37 145 94 172 22 104 296 33 241 20 227 18 195 257 135 156 38 285 190 292 183 25 95 24 64 138 62 34 70 271 283 37 229 283 8 36 222 217 104 192 237 50 78 165 37 195 87 184 65 72 171 124 16 136 61 167 171 161 244 22 281 186 268 207 176 284 126 33 10 18 145 169 90 25 181 228 232 270 117 137 
151 185 59 21 1 218 66 280 148 173 171 125 143 236 268 233 146 200 43 160 51 64 138 228 273 284 239 231 134 160 225 66 299 145 79 127 263 156 157 63 182 235 193 100 111 139 123 291 207 54 148 108 295 97 247 10 156 173 210 192 6 255 188 68 207 276 251 283 240 86 111 65 193 8 43 163 93 32 144 234 24 239 256 165 40 181 6 98 44 274 206 61 164 272 158 186 10 42 282 256 
258 164 87 141 268 59 48 292 144 207 52 25 163 152 36 112 200 198 124 56 206 136 1 13 104 275 22 140 272 270 169 206 188 265 247 28 93 91 258 29 170 240 175 108 190 291 248 24 273 86 220 93 176 83 156 153 206 87 180 227 21 98 71 126 49 54 27 105 52 243 249 273 58 26 248 4 231 92 111 273 202 299 283 160 288 3 25 212 166 114 238 157 21 160 165 99 79 212 141 196 
27 56 118 189 144 219 111 176 284 261 266 260 215 147 112 21 141 124 52 218 60 82 105 152 168 165 190 205 197 208 38 73 235 10 289 67 13 17 49 204 76 273 112 75 156 190 245 153 266 141 205 59 248 136 72 244 23 189 107 220 171 165 13 17 188 53 273 294 199 113 218 41 198 107 74 177 17 246 262 175 29 91 274 152 38 44 229 112 8 211 136 81 81 290 295 119 2 37 142 115 
119 115 181 254 280 276 31 279 6 150 148 187 257 174 110 240 154 58 144 108 252 117 184 183 263 278 63 120 222 249 190 276 237 18 111 187 145 200 288 231 179 221 167 198 214 98 119 131 173 149 226 68 112 225 284 87 97 78 259 198 58 146 135 276 102 140 119 196 249 198 72 136 208 36 250 94 260 171 30 26 77 10 291 105 242 256 127 112 79 258 75 183 188 192 53 183 76 147 190 150 
180 196 4 95 281 255 174 246 187 140 130 120 244 254 94 6 200 38 294 274 90 138 104 247 254 115 9 22 73 28 151 260 62 88 160 106 270 58 254 27 255 286 299 237 188 10 0 175 172 299 124 149 156 26 18 72 98 51 26 16 219 159 71 251 215 3 207 291 60 48 147 263 20 97 39 130 215 233 244 189 12 238 78 210 222 249 192 220 26 135 21 113 192 199 122 190 23 109 102 138 
185 142 49 253 174 125 76 78 175 258 7 75 271 257 43 256 13 120 43 230 80 41 130 190 250 266 19 257 7 110 292 125 130 85 299 241 105 130 158 289 2 108 72 233 100 126 197 15 271 8 30 55 263 79 216 22 135 58 19 144 49 78 218 130 60 199 141 120 202 8 62 68 279 264 32 111 185 122 5 276 22 162 118 290 79 30 64 173 238 196 17 188 298 56 275 121 257 132 29 289 
215 254 84 10 170 122 155 34 273 221 193 22 168 93 278 75 32 273 249 139 131 188 150 236 239 157 84 128 187 18 120 196 134 137 179 243 255 66 212 273 280 138 177 101 167 92 27 163 290 166 176 245 134 94 97 248 150 97 289 113 293 143 149 166 141 261 59 19 198 132 188 177 18 191 96 118 58 238 49 216 153 127 233 142 87 61 107 93 45 28 89 32 7 245 221 266 154 234 297 223 
275 143 34 37 299 134 79 108 56 196 39 244 221 249 235 175 74 54 108 254 102 73 213 95 136 118 223 212 255 99 117 98 50 244 283 25 71 256 282 35 267 154 98 67 294 296 54 219 231 30 131 291 167 290 40 252 110 70 5 297 194 38 39 249 163 95 234 289 143 285 180 23 274 48 237 216 136 32 123 78 242 223 217 177 183 173 178 38 36 239 163 256 50 65 270 7 174 248 68 26 
289 16 109 125 177 37 137 67 144 25 126 112 7 29 113 226 290 255 25 254 238 140 238 5 235 101 242 36 23 239 232 139 86 51 230 156 292 235 57 172 280 146 142 118 175 94 40 201 32 4 67 262 192 276 270 105 129 270 44 192 235 87 255 280 43 292 91 25 183 104 226 268 37 36 104 147 176 248 225 175 281 224 84 53 218 108 46 191 276 95 160 124 280 38 233 10 30 44 167 3 
230 29 116 94 112 207 108 247 123 45 73 230 277 122 145 276 21 180 223 283 120 42 189 47 147 150 105 268 21 151 255 86 130 182 106 142 127 39 32 95 113 255 127 297 124 176 210 245 255 156 100 105 133 41 264 133 273 108 188 6 18 25 110 102 93 18 148 145 176 16 87 30 89 170 136 217 26 0 294 167 89 251 50 66 259 161 0 251 109 11 165 21 127 45 77 40 180 119 271 246 
150 225 167 184 278 236 292 172 219 43 6 178 176 238 289 249 270 142 174 32 222 281 233 20 183 101 160 183 68 143 7 169 136 156 197 250 90 15 58 296 71 192 209 207 114 74 168 114 106 24 21 100 198 60 227 55 285 79 118 75 179 43 164 215 24 3 252 119 48 61 243 261 250 105 228 149 253 101 83 38 204 118 130 175 136 42 224 291 35 236 203 89 23 23 124 30 101 127 137 7 
127 208 258 122 189 8 274 20 159 15 72 4 34 41 217 206 216 173 240 35 264 267 289 292 222 239 278 5 87 163 79 59 17 149 56 7 86 62 152 105 246 202 108 41 165 10 285 1 1 53 230 275 172 238 41 12 282 198 120 9 266 213 159 249 289 127 32 128 39 167 22 111 76 28 110 191 66 211 298 30 173 204 295 175 287 47 18 74 222 165 122 288 190 115 88 212 95 272 155 238 
10 127 167 110 263 151 299 40 204 68 210 27 59 32 38 212 241 168 162 29 114 289 262 133 43 78 195 77 207 266 33 268 229 278 163 35 66 45 78 19 42 43 230 19 104 263 272 141 26 239 213 257 273 271 289 216 205 282 72 2 209 114 181 30 191 231 244 112 161 106 81 237 250 266 261 58 66 43 16 227 171 37 132 166 5 2 265 218 25 75 130 206 270 4 155 144 119 64 299 132 
76 84 256 81 55 202 25 165 154 273 99 80 102 141 3 293 289 221 122 230 149 209 74 169 36 212 257 279 243 123 75 108 183 46 124 115 120 255 106 15 192 236 21 258 276 137 237 201 193 91 168 225 290 3 263 268 108 202 152 10 18 60 78 122 6 147 45 184 175 133 177 17 221 274 189 161 118 43 266 283 297 93 282 217 193 251 50 206 34 221 23 62 36 33 0 113 185 128 18 175 
279 76 102 1 263 77 119 131 118 180 180 26 34 195 52 200 0 11 178 148 111 170 287 2 117 129 162 113 240 117 120 88 60 131 100 233 287 190 100 26 298 76 228 278 278 85 43 114 189 183 44 20 249 241 39 274 153 243 40 55 276 262 134 267 10 48 52 237 82 113 32 250 12 227 81 83 62 3 255 241 66 33 108 144 278 6 177 2 260 272 201 194 11 62 249 201 286 9 57 295 
183 62 82 213 246 296 101 214 27 276 299 243 173 132 81 235 173 161 178 291 94 84 69 251 214 6 129 225 78 7 244 157 73 244 263 273 187 152 40 102 99 54 192 260 249 219 3 238 261 85 221 284 40 147 94 104 2 167 277 216 207 197 60 31 54 181 227 133 50 236 143 7 287 99 25 242 298 171 135 92 216 215 30 42 212 136 178 163 273 171 73 132 229 109 182 51 41 119 233 74 
289 86 178 22 148 267 199 119 191 136 97 265 129 204 35 131 63 261 253 232 45 198 135 7 265 5 6 51 233 287 113 187 283 114 200 262 189 164 249 66 134 194 233 50 172 157 137 169 74 32 172 273 212 82 156 257 165 190 155 22 176 237 76 8 248 202 62 239 97 217 292 100 158 232 41 206 201 205 183 48 291 202 46 248 224 41 103 168 183 232 273 185 201 4 270 154 64 200 67 294 
78 137 248 251 299 139 48 249 152 59 23 70 128 187 209 276 140 249 149 14 1 39 266 223 52 246 182 83 11 30 112 162 251 257 276 230 258 76 68 127 177 118 49 217 132 42 186 10 4 64 45 275 101 255 91 212 289 205 141 133 33 114 52 39 284 29 245 222 65 269 273 181 180 271 62 253 10 97 259 257 212 230 77 273 134 159 203 224 189 46 18 56 243 44 264 117 129 193 98 257 
153 182 61 78 77 222 34 12 144 174 204 89 204 149 241 250 43 136 140 192 210 49 90 275 279 54 184 149 118 172 252 146 250 221 217 219 68 63 244 112 73 42 17 143 72 4 174 217 146 38 70 179 61 117 273 98 86 143 203 182 267 148 162 277 253 120 88 126 270 109 217 148 37 69 116 109 288 66 188 271 150 289 82 205 130 108 94 9 105 10 6 125 208 47 261 47 156 189 271 221 
277 290 112 293 280 91 284 181 176 260 166 47 203 181 156 191 190 128 249 169 274 64 232 248 21 158 253 135 220 38 197 252 38 292 98 230 138 215 287 275 272 298 1 29 145 109 163 80 295 74 148 17 267 181 146 18 234 149 149 229 70 248 112 29 182 220 255 55 151 154 85 138 32 144 124 145 120 6 32 248 283 26 200 73 18 73 103 160 227 279 269 130 233 102 156 222 119 266 262 208 
87 220 64 142 125 13 76 68 168 8 46 196 136 220 296 166 1 187 148 64 293 26 274 213 28 222 62 267 11 274 79 110 18 165 61 191 1 278 237 113 130 87 150 87 260 244 262 235 283 276 217 177 106 84 64 38 117 162 150 154 165 175 139 288 144 273 111 50 161 296 94 245 244 283 43 13 170 5 234 168 132 297 205 179 160 106 214 138 251 119 99 9 272 154 146 18 2 104 135 174 
122 109 275 34 47 75 150 227 198 196 289 61 47 203 228 143 29 160 205 92 118 153 178 47 242 47 179 121 86 281 212 19 146 13 218 202 144 145 119 144 223 233 74 123 262 293 295 68 67 238 261 124 106 132 246 113 294 214 259 192 133 269 212 34 19 26 196 177 37 11 253 172 247 16 51 141 208 98 170 182 48 147 245 202 199 291 56 182 236 95 114 76 104 132 63 158 0 182 196 165 
260 258 217 183 281 64 45 180 249 49 244 246 226 84 125 243 113 36 247 254 120 89 79 191 97 274 282 299 169 7 71 256 215 146 262 142 185 251 166 183 45 251 230 206 236 266 14 234 168 241 152 93 50 46 294 171 274 267 213 21 85 107 124 78 200 66 1 144 171 71 258 70 161 112 100 49 298 27 32 16 76 187 59 156 210 200 76 59 62 118 19 85 126 210 157 173 145 152 165 242 
0 269 173 241 223 76 45 176 112 155 102 99 153 122 283 62 168 276 17 244 189 108 193 46 119 134 282 163 84 234 83 155 178 177 274 241 288 55 285 61 262 260 225 113 80 129 25 260 173 250 212 25 78 149 246 289 136 14 88 79 12 49 134 159 162 183 225 25 252 232 129 99 280 36 41 194 235 198 148 225 59 49 234 246 223 261 19 225 69 101 3 298 257 205 127 226 128 258 203 125 
236 261 113 219 146 32 97 125 295 219 169 125 3 291 126 132 179 164 104 258 122 40 258 107 279 109 90 161 197 27 92 190 130 64 256 3 260 148 281 266 105 153 231 192 274 110 241 81 270 149 288 160 184 191 98 106 6 275 78 255 239 103 111 239 24 166 143 206 298 140 190 121 207 232 167 123 278 27 174 8 116 278 279 124 125 102 70 107 162 285 136 168 208 216 93 8 172 162 109 265 
57 180 192 274 143 155 1 101 281 118 90 234 105 145 46 9 130 172 131 199 139 24 199 253 106 118 273 178 292 154 219 190 79 63 198 222 152 128 44 46 257 110 65 229 290 287 281 299 136 222 13 281 193 16 28 121 19 183 64 272 239 240 225 244 89 3 225 37 41 121 104 298 100 53 46 8 221 39 163 43 225 161 219 134 81 49 270 280 246 297 85 158 229 261 70 223 0 298 64 201 
116 79 143 34 217 245 290 259 83 75 265 248 263 147 225 112 121 154 102 103 102 41 161 253 277 57 55 84 198 204 280 180 180 82 10 186 32 175 92 187 92 69 83 118 0 60 88 85 202 160 120 184 21 11 192 279 37 108 139 174 157 159 12 245 69 278 120 248 85 183 189 7 265 271 204 286 198 266 64 101 177 72 47 218 214 291 85 75 52 158 202 209 0 58 209 85 19 22 203 178 
95 97 260 143 280 27 72 275 71 219 20 114 296 55 128 258 113 153 288 254 106 194 86 94 230 76 55 127 298 268 251 227 136 296 254 0 151 157 88 41 49 257 65 30 177 88 34 222 294 116 291 278 43 1 285 231 1 150 213 147 170 42 81 276 59 214 99 293 125 51 12 1 107 106 247 29 203 146 190 49 253 93 187 250 108 71 287 151 248 196 184 197 103 105 97 295 233 269 58 50 
277 131 191 198 273 278 21 101 53 108 283 16 30 180 247 86 179 64 5 43 255 122 211 46 94 57 62 159 40 234 7 8 253 263 266 236 123 39 215 120 177 127 86 285 222 125 49 47 197 144 7 29 54 183 43 65 73 165 96 129 49 36 92 18 28 9 68 15 213 240 166 165 86 287 298 254 31 132 109 272 38 242 16 88 97 193 103 178 101 235 145 263 8 89 134 140 142 38 250 100 
251 252 186 197 60 44 244 79 282 56 52 46 211 196 84 197 180 282 156 82 243 273 43 216 182 155 64 246 35 253 60 178 93 0 226 55 43 94 136 75 216 239 178 127 54 44 253 26 83 235 274 156 21 192 282 36 149 88 48 89 147 96 97 2 275 96 43 19 243 96 145 90 51 275 58 257 73 263 84 173 102 224 168 88 165 204 279 0 239 126 98 64 50 245 89 83 254 136 204 153 
204 284 200 64 225 81 241 56 38 196 168 166 150 72 90 211 29 260 105 79 162 93 195 12 180 113 285 261 28 171 182 62 266 192 284 165 24 56 246 250 219 129 83 60 285 157 69 204 175 150 161 37 80 135 67 184 241 216 61 208 86 138 57 129 269 92 110 258 182 158 202 249 287 44 297 3 116 41 73 255 90 192 99 139 67 250 77 276 133 210 48 153 193 130 284 251 85 162 142 67 
50 225 244 104 274 198 39 207 272 209 173 133 261 283 266 4 117 188 298 96 225 282 35 87 299 53 223 298 287 277 270 278 191 187 81 48 79 247 25 145 55 197 54 17 10 19 263 216 1 219 141 165 15 226 234 230 70 39 211 160 209 52 145 105 91 222 97 220 72 255 98 116 159 229 104 131 24 100 85 155 75 268 295 214 168 172 216 131 284 270 224 97 189 72 137 227 77 230 15 108 
80 150 23 252 87 180 186 211 55 26 181 194 79 210 119 251 17 253 73 232 207 16 245 84 225 225 75 245 297 201 100 76 3 267 287 273 226 111 104 270 119 4 195 168 65 79 250 165 125 69 226 240 82 167 199 72 23 167 114 26 11 73 23 69 169 111 207 100 214 143 203 199 100 243 154 6 137 21 295 119 283 227 115 84 205 197 250 128 177 125 195 62 31 40 297 74 107 222 150 113 
134 6 235 3 147 23 250 299 247 41 172 225 125 137 39 226 52 134 37 193 21 165 121 9 49 80 241 56 43 76 213 18 190 24 123 29 274 124 64 67 195 95 102 272 106 241 123 289 215 96 204 121 186 117 149 52 42 126 84 294 170 253 248 285 230 107 236 69 94 97 64 222 297 159 251 91 153 56 246 222 234 218 108 243 68 86 263 234 132 265 157 8 180 104 162 13 154 181 282 27 
287 232 145 9 254 161 55 294 92 66 113 104 1 151 41 104 227 12 202 296 292 103 106 166 98 46 124 127 242 195 71 288 298 119 192 263 144 116 293 37 146 291 151 107 20 140 70 123 258 202 62 136 247 230 208 281 278 72 289 113 158 185 94 243 201 19 49 16 265 61 186 89 203 258 81 99 179 245 272 68 24 38 64 252 31 59 57 208 278 171 106 289 15 235 13 132 242 164 10 29 
295 284 258 61 19 124 279 245 50 246 294 216 178 234 88 168 34 154 113 215 284 174 278 163 207 257 265 172 28 186 6 21 64 193 44 210 214 290 112 200 118 10 161 189 181 143 233 234 122 35 283 83 82 180 270 206 11 6 257 158 98 288 279 76 146 116 152 138 241 254 137 216 17 26 137 189 289 85 28 200 149 5 76 2 127 288 134 286 188 268 142 94 194 279 202 139 135 100 164 192 
250 252 201 242 132 135 57 228 258 188 189 205 46 90 180 75 267 39 45 295 76 73 11 232 19 267 170 149 206 215 33 129 126 126 45 153 96 127 201 61 109 143 123 154 164 32 118 47 53 173 139 26 37 41 129 37 277 168 36 70 246 179 258 55 154 150 64 217 55 250 54 224 28 52 126 42 133 196 90 12 67 202 241 194 73 146 235 80 272 62 211 135 33 32 140 281 212 205 179 235 
143 38 144 97 168 13 223 65 136 66 5 241 292 73 231 243 242 215 10 282 240 69 60 230 186 136 194 99 117 7 134 30 39 241 202 237 114 99 58 8 233 277 11 247 8 104 84 49 147 191 206 6 13 144 242 10 41 106 134 250 182 8 28 226 35 269 37 15 216 81 202 153 236 55 127 157 259 49 229 181 207 243 286 160 191 148 206 252 186 205 120 181 218 264 290 204 78 244 297 143 
124 73 248 47 241 142 286 75 226 197 154 235 92 55 283 196 42 173 56 166 21 254 253 284 68 298 299 7 62 146 137 81 185 185 279 291 56 267 87 217 183 44 70 33 53 299 208 47 94 255 291 19 199 161 137 299 278 207 64 275 94 73 85 166 247 271 40 55 73 246 11 244 275 218 109 65 122 234 42 56 279 226 296 143 18 250 255 243 223 155 180 8 198 112 146 14 189 113 95 98 
233 282 206 63 10 118 268 242 83 138 44 176 126 257 82 63 127 32 160 176 211 278 4 235 82 166 32 183 157 203 299 276 226 97 131 22 129 181 95 8 32 141 143 73 161 57 18 266 191 9 215 104 214 112 79 111 202 160 90 79 162 135 100 142 57 233 250 118 270 215 297 168 117 164 178 225 114 70 63 132 88 31 221 245 72 133 242 289 263 38 49 185 112 236 135 75 247 219 273 22 
107 260 71 185 35 175 163 20 275 276 166 142 215 203 190 162 257 216 85 79 183 132 272 130 151 205 168 179 166 203 77 254 242 96 141 188 228 65 279 224 70 27 167 63 217 185 237 228 5 210 59 223 99 57 68 116 252 111 114 227 168 53 17 43 249 239 181 95 157 280 92 83 221 242 97 95 21 53 186 93 220 31 73 93 64 186 117 229 21 294 218 246 152 25 286 296 59 72 34 193 
167 82 266 152 54 246 44 135 166 38 238 123 270 167 254 216 276 176 70 133 299 193 248 96 69 190 123 233 276 84 154 23 80 188 108 200 288 32 153 102 182 93 97 194 156 273 63 284 21 69 159 231 22 122 191 262 185 245 202 251 132 67 30 95 6 134 271 106 79 94 228 48 72 286 142 88 208 143 175 217 93 93 217 111 95 295 63 227 215 2 171 256 158 17 133 271 131 212 107 94 
211 232 129 186 260 77 162 139 96 139 163 231 210 102 56 101 252 261 5 99 23 97 123 107 88 161 64 18 165 161 79 133 204 84 70 287 50 174 48 55 146 94 119 35 98 62 191 110 263 44 9 214 221 81 22 97 53 237 78 157 291 14 127 69 210 88 162 187 298 8 137 158 24 44 230 233 207 31 247 157 226 132 298 141 137 196 139 172 14 47 188 174 281 152 92 260 209 153 35 114 
4 29 105 178 92 92 168 291 260 15 156 238 43 221 281 71 215 100 155 251 97 132 133 216 286 277 230 246 185 91 113 129 88 7 167 295 176 84 3 71 237 178 21 298 177 238 225 261 283 142 154 202 299 268 106 224 8 277 96 170 86 150 142 83 118 63 112 227 239 162 20 192 294 270 90 255 59 220 291 225 181 118 130 102 212 202 259 133 30 62 291 28 193 182 191 289 42 241 239 176 
236 75 238 207 107 58 116 76 219 67 259 78 34 116 118 138 129 284 35 175 184 226 223 24 216 174 23 57 161 236 285 85 61 75 59 127 100 297 159 202 152 155 168 89 248 107 60 147 4 0 66 142 218 118 138 39 200 251 119 89 21 66 61 147 169 249 143 124 109 60 54 291 218 124 250 228 112 17 237 171 262 107 278 55 29 170 159 268 290 209 94 153 151 229 288 25 52 155 211 66 
226 143 42 206 45 21 59 158 99 292 240 0 92 229 117 229 95 206 180 283 128 76 10 39 232 182 125 135 162 219 107 118 52 94 274 60 289 127 72 167 91 229 229 106 49 262 287 241 213 166 38 233 88 288 123 137 90 1 105 297 55 106 262 235 41 12 271 239 110 230 160 76 162 179 114 63 284 5 185 261 192 9 108 281 245 80 50 163 71 245 4 116 248 284 169 69 226 18 65 182 
65 50 12 164 27 148 1 65 151 228 298 91 190 17 11 131 271 162 295 59 298 64 137 71 195 21 275 169 92 21 91 198 208 179 183 39 53 226 210 47 233 33 67 291 284 188 234 36 237 40 285 299 46 56 25 87 177 57 253 110 5 111 97 277 260 145 243 137 90 158 102 58 14 297 296 215 31 10 46 58 249 95 241 150 241 78 163 266 247 203 198 160 47 236 100 54 42 47 24 59 
37 240 109 121 209 164 208 185 170 57 250 172 142 10 138 241 86 170 224 90 283 204 99 52 48 230 28 177 72 150 15 28 106 24 70 72 68 181 284 109 88 88 295 295 84 139 213 295 105 24 51 119 171 76 164 113 290 243 280 235 3 294 296 265 261 146 269 295 138 66 199 229 127 114 33 25 111 136 253 264 166 87 29 287 85 39 96 95 164 285 297 199 52 87 170 153 178 129 60 183 
196 105 14 147 202 236 59 269 87 94 144 192 25 229 250 112 275 81 119 183 218 178 127 249 234 36 62 136 21 50 204 139 88 191 252 58 185 138 242 83 180 241 287 256 214 64 213 122 215 161 51 52 44 134 125 78 64 91 259 150 130 237 140 80 91 148 22 155 124 260 89 96 87 109 216 191 185 169 258 219 151 172 129 42 49 87 219 88 156 266 2 32 65 42 142 33 281 207 28 25 
254 93 85 119 202 34 283 262 139 267 67 189 58 182 120 53 260 56 182 130 89 250 223 173 135 133 30 2 235 70 293 112 158 283 285 105 258 51 131 291 190 240 293 91 244 123 142 146 150 176 190 161 143 99 177 266 194 65 261 7 23 35 270 160 133 292 290 252 48 5 197 237 235 218 199 166 149 35 43 212 40 140 126 23 194 236 280 93 247 180 235 141 22 279 230 142 124 41 267 206 
198 204 140 9 155 55 19 29 145 257 56 236 2 260 251 295 286 295 202 200 119 208 123 211 69 10 106 53 31 166 65 23 170 164 141 89 112 221 297 212 104 67 209 128 256 132 96 6 127 70 236 63 108 162 174 69 235 72 185 90 94 258 236 33 218 1 108 244 284 240 18 187 162 279 53 98 106 39 34 163 125 66 137 80 104 278 207 144 255 148 212 171 278 27 139 150 236 34 4 142 
297 26 206 207 23 210 192 214 69 54 281 182 120 255 78 185 6 75 283 142 267 224 259 214 189 71 43 30 11 257 286 143 161 42 24 267 255 279 196 238 111 202 120 191 217 145 62 33 297 130 5 118 138 254 85 63 253 207 87 39 167 60 197 72 167 171 212 243 259 144 151 232 118 21 83 131 154 279 211 13 179 72 50 69 68 263 106 292 44 271 188 59 255 240 73 77 155 86 252 56 
