256 20 124 23 90 109 221 39 169 17 297 141 65 205 247 135 83 284 176 25 53 181 233 222 110 12 133 260 206 90 168 170 129 119 17 233 9 150 89 129 256 275 201 156 110 39 88 225 142 236 136 167 25 150 107 280 272 267 233 188 186 274 4 213 113 170 270 65 135 101 74 13 36 25 102 251 42 75 72 31 37 215 56 270 280 87 29 117 208 223 202 88 271 12 226 124 12 183 107 165 
89 297 8 220 185 169 93 134 295 297 147 141 70 0 224 231 295 48 251 295 8 64 248 163 175 260 51 275 98 171 211 75 143 53 261 53 211 173 129 271 91 137 132 84 211 41 218 268 34 244 135 264 30 177 268 13 56 166 39 155 239 186 191 231 146 40 84 264 186 10 251 160 296 151 156 166 131 20 45 67 170 105 246 144 197 283 186 66 292 57 185 223 171 48 146 27 132 147 163 81 
118 87 226 261 128 178 287 210 162 262 227 72 129 181 127 69 96 46 77 11 206 254 30 123 195 245 29 125 151 186 227 113 76 186 111 156 286 147 68 241 271 123 117 53 185 9 60 221 249 126 46 132 238 61 253 8 109 104 187 77 1 153 243 275 198 17 222 231 50 6 115 5 92 131 22 80 61 112 65 87 75 91 252 39 211 166 275 209 46 154 125 97 96 64 255 199 86 233 30 225 
20 255 153 121 188 186 143 149 160 0 7 140 226 41 12 174 31 49 55 67 103 63 3 263 67 254 249 26 174 122 263 79 140 214 146 54 91 51 299 114 40 167 58 23 254 251 101 4 185 70 230 136 10 31 104 211 157 180 79 7 196 240 43 288 38 54 65 47 129 267 107 129 100 298 261 296 207 262 84 194 41 48 40 50 297 65 4 7 296 218 209 42 118 283 180 48 226 172 123 20 
131 106 70 273 96 193 232 63 2 186 17 298 151 152 136 152 23 39 237 45 191 96 48 172 174 178 206 79 28 112 239 73 23 12 81 255 259 176 101 205 185 39 147 239 152 38 74 163 148 299 92 248 270 162 7 84 191 126 282 34 156 106 42 51 298 265 60 78 207 154 165 213 137 204 43 162 290 282 252 282 299 226 216 33 73 19 72 42 1 299 23 256 298 242 164 209 48 148 282 70 
140 289 299 127 170 71 132 77 198 279 239 221 166 72 147 242 24 288 204 258 164 201 2 117 263 191 248 179 266 147 247 159 104 63 149 128 97 130 135 287 93 279 150 105 40 157 245 286 95 110 37 253 207 276 15 118 169 179 274 210 38 184 113 134 64 209 203 43 60 42 291 124 133 84 35 264 177 172 299 262 106 46 247 258 292 135 117 290 26 216 136 21 122 20 226 106 64 183 58 44 
101 271 269 281 136 215 22 81 197 179 17 36 230 111 18 154 11 195 53 89 248 103 59 16 36 82 158 156 200 224 150 116 262 285 257 245 92 80 44 109 256 140 266 231 117 172 136 260 254 108 58 100 9 55 50 140 70 36 206 18 49 294 22 218 185 287 238 100 279 6 109 254 39 156 103 131 236 48 200 12 10 262 125 138 291 146 186 52 175 184 121 162 137 139 291 258 141 250 280 23 
191 111 232 259 64 298 43 285 140 248 248 22 235 281 137 275 128 98 286 152 35 231 148 248 106 60 148 53 202 119 249 21 34 25 1 252 80 204 59 268 223 264 125 279 118 128 35 184 103 24 76 189 265 85 287 230 246 77 158 266 172 271 294 58 267 273 214 134 140 52 246 48 239 44 282 118 145 1 183 228 280 220 56 21 151 90 197 294 263 230 128 105 254 25 94 298 94 91 173 52 
190 187 225 26 183 252 279 187 101 134 4 99 107 238 299 19 72 262 59 252 279 142 39 186 250 32 183 166 271 43 90 34 211 25 108 93 266 275 218 143 7 164 43 17 11 46 121 264 208 16 12 278 132 263 43 10 196 247 117 77 202 140 282 17 52 86 226 205 86 286 136 121 9 231 203 267 174 135 209 14 7 241 21 206 241 23 67 116 254 163 245 212 39 184 8 48 56 58 107 43 
54 177 152 69 193 214 145 92 256 214 60 176 246 93 105 299 42 143 48 257 61 8 207 146 150 225 202 55 66 200 33 249 294 228 252 48 6 159 20 97 63 148 242 298 67 200 177 150 19 258 93 199 145 50 66 147 55 172 69 11 96 106 77 34 218 235 200 25 196 148 269 213 124 282 33 109 283 290 137 110 272 230 87 85 70 121 174 247 50 116 191 163 285 142 170 59 82 285 97 284 
274 102 159 204 11 223 184 212 266 198 212 295 149 169 85 68 33 92 245 203 88 103 188 107 109 8 266 290 58 215 23 117 154 145 11 158 249 126 153 260 293 293 251 245 250 141 220 214 192 272 44 270 63 99 55 15 208 210 77 114 138 18 161 197 79 168 241 160 8 30 173 111 234 248 61 233 287 296 196 234 45 205 66 196 156 122 97 240 54 255 204 184 258 235 104 39 93 201 52 289 
177 200 183 175 63 236 107 90 256 138 24 48 182 239 25 258 96 178 122 209 119 86 143 178 106 1 283 172 136 242 205 253 61 116 227 4 150 40 76 109 1 25 256 193 261 258 61 59 261 256 13 63 7 84 141 238 51 131 171 199 84 128 219 153 243 246 31 24 233 107 149 112 251 167 90 143 240 213 139 99 145 103 262 121 186 233 174 132 143 96 284 40 78 63 203 152 90 245 253 177 
79 188 262 181 148 62 255 225 141 98 115 275 123 185 267 11 92 53 208 290 51 85 41 123 220 155 292 110 88 255 61 50 156 104 106 296 282 260 62 204 287 271 200 138 119 248 1 209 26 167 29 38 124 210 70 21 183 183 175 212 104 202 200 108 131 83 1 227 295 230 24 194 230 261 63 108 40 33 242 104 86 69 285 264 161 99 41 85 272 228 100 104 182 267 86 190 170 217 121 276 
77 127 0 118 58 167 163 98 244 64 178 123 173 53 45 146 41 204 63 179 221 274 274 101 21 117 274 84 72 269 131 139 99 265 84 13 123 227 185 110 34 217 205 110 16 20 204 130 162 124 287 212 32 209 158 168 3 206 264 154 65 277 154 106 148 102 12 190 141 279 237 51 198 87 154 186 178 238 80 219 235 52 34 135 171 125 71 107 219 241 262 45 81 275 103 127 162 223 266 9 
296 232 18 214 172 259 137 282 122 278 214 46 187 228 207 12 240 46 226 177 49 113 109 44 113 272 49 185 292 264 227 74 136 198 48 157 208 138 167 210 42 218 172 138 28 148 8 20 34 171 154 267 18 171 164 184 155 44 154 153 238 45 190 298 277 125 208 167 106 209 4 291 65 268 146 51 253 228 217 78 252 265 84 27 168 211 217 240 32 103 134 266 52 209 152 8 32 165 270 24 
183 151 43 124 214 177 247 34 266 235 287 218 156 200 95 35 24 88 204 4 172 168 35 156 98 18 56 8 79 73 293 37 205 27 89 253 151 129 248 165 259 258 46 217 209 80 228 31 158 8 98 8 164 56 186 283 124 18 148 247 163 206 230 209 117 16 21 202 31 212 277 19 205 106 229 29 171 117 47 281 159 29 83 297 198 291 281 232 162 178 16 252 129 292 88 105 52 155 124 72 
110 117 285 129 290 136 109 257 202 154 71 15 265 28 214 262 228 33 0 154 188 254 157 195 83 195 68 19 220 132 226 142 8 137 116 225 251 267 137 206 194 9 181 25 198 105 188 103 45 242 47 158 67 117 39 61 3 215 126 205 151 23 26 69 181 4 272 98 108 298 270 170 71 232 244 61 56 244 76 201 264 186 185 114 41 29 173 109 128 23 177 146 120 156 64 287 14 50 174 0 
98 48 36 48 89 11 253 37 293 216 55 78 75 264 166 192 67 104 208 179 197 193 58 87 86 210 125 11 25 47 273 44 235 26 74 84 73 8 24 229 76 47 212 273 293 249 235 284 58 43 71 224 284 67 232 199 91 23 29 198 31 67 238 173 153 256 296 171 273 282 232 171 221 147 140 163 102 49 92 44 100 30 191 239 124 26 184 50 226 77 39 218 17 153 236 123 66 154 120 108 
46 264 41 297 123 145 203 210 285 76 228 26 103 241 143 196 221 217 25 201 295 17 60 218 229 50 117 227 40 152 139 243 77 123 240 298 200 193 144 181 256 209 292 110 54 299 140 83 75 162 20 143 222 134 167 158 49 210 293 8 54 169 88 1 16 95 241 95 279 94 276 93 30 234 191 198 156 286 102 29 90 115 296 292 243 210 281 43 223 49 265 90 235 10 4 49 217 88 247 271 
172 138 154 5 52 137 54 28 163 0 256 177 130 170 234 64 210 111 58 220 197 291 93 153 29 3 74 35 191 145 287 234 207 235 107 89 100 43 268 231 178 26 239 212 295 20 74 32 259 122 33 249 181 227 124 10 295 224 148 88 189 148 76 192 261 114 6 125 151 144 78 196 17 203 90 133 50 32 43 231 74 83 111 102 53 186 299 233 9 141 58 107 293 179 191 10 124 259 60 278 
281 3 120 178 148 257 62 216 157 173 30 94 87 222 107 96 88 32 81 120 95 237 41 76 246 159 64 283 37 138 88 115 67 290 185 21 219 298 210 181 145 14 46 43 182 283 242 127 294 201 27 101 261 117 273 256 28 8 218 267 156 206 247 24 247 103 190 205 94 92 299 161 243 165 92 268 256 97 143 65 111 297 13 299 227 74 105 49 183 121 265 47 90 272 169 98 162 151 242 131 
221 157 101 167 109 168 127 217 255 117 115 196 211 59 174 30 133 49 98 242 155 228 10 2 289 0 161 212 17 242 206 66 297 229 227 119 173 71 168 232 209 215 33 15 166 101 238 243 132 9 247 24 184 27 49 72 59 2 104 14 251 156 69 3 164 134 97 254 89 292 287 151 60 283 14 195 180 201 222 177 126 5 229 105 146 119 133 126 118 282 49 137 231 272 244 228 183 14 137 47 
283 250 283 174 270 165 18 222 189 276 34 269 100 272 56 268 113 176 139 27 0 60 261 288 163 180 134 127 31 35 148 54 78 236 108 195 82 24 40 26 161 213 237 213 23 235 115 273 26 142 67 167 24 75 139 83 78 298 100 144 266 79 273 111 262 243 43 136 251 113 221 83 97 270 88 71 241 238 202 197 87 192 272 199 154 24 60 123 244 51 258 49 262 283 125 31 86 235 192 48 
155 36 272 243 163 5 167 295 256 141 219 255 1 176 170 138 37 87 176 14 60 35 151 212 41 134 95 38 8 176 278 76 81 17 282 172 57 248 209 131 179 164 275 11 37 144 134 92 207 232 74 79 92 13 76 28 77 246 277 166 243 137 54 127 233 232 278 14 77 297 74 25 241 274 221 274 261 285 60 165 7 243 87 79 35 187 56 254 89 213 243 129 43 55 228 201 199 277 161 187 
53 256 183 48 88 228 46 163 11 186 199 226 101 195 186 28 286 59 172 141 12 116 39 186 193 43 63 130 15 203 207 25 279 163 276 297 247 34 285 274 181 213 96 98 197 281 284 77 139 238 28 69 68 259 14 273 239 75 215 3 1 179 31 172 185 160 52 167 194 88 140 252 241 224 86 38 191 113 0 26 123 268 183 115 256 298 162 71 62 235 34 107 189 229 157 46 62 93 236 114 
221 206 91 248 18 257 126 229 156 59 163 20 62 292 257 78 260 72 115 175 10 9 53 223 64 261 83 217 138 8 39 86 236 155 191 294 176 278 200 115 282 71 205 14 249 264 227 190 144 179 249 54 96 215 34 126 156 270 278 28 168 226 202 164 63 24 36 235 211 295 47 36 78 52 1 77 174 66 125 79 92 197 75 22 130 215 229 52 246 42 257 204 146 30 185 287 274 222 225 258 
115 18 295 193 33 64 267 183 126 291 174 230 232 231 81 209 189 199 182 233 99 7 70 176 191 150 239 256 157 206 235 63 184 258 101 249 181 117 160 26 30 263 123 58 145 65 232 187 150 168 256 230 293 290 145 292 59 276 276 166 48 127 13 226 174 298 109 28 12 176 44 106 237 246 75 175 157 142 296 170 220 53 175 130 222 299 47 140 71 73 129 109 36 220 184 140 77 91 254 47 
60 60 154 201 202 135 95 18 145 56 116 188 38 292 88 249 296 61 220 157 113 9 122 37 219 168 44 168 149 257 297 121 111 7 203 137 43 236 235 286 38 153 77 148 14 159 199 231 109 158 243 290 202 252 170 131 14 248 164 90 214 187 286 90 232 39 75 217 179 251 70 176 74 66 270 167 151 131 3 249 68 124 140 164 222 109 246 198 158 252 88 31 225 147 296 227 270 269 165 54 
258 89 268 174 179 183 292 8 185 220 253 171 197 212 273 113 226 158 78 42 62 128 38 158 136 263 23 158 291 229 169 39 164 162 191 166 191 244 18 243 88 42 92 23 299 298 79 287 24 277 252 296 157 240 103 152 33 172 92 82 110 99 64 76 44 49 248 263 168 172 193 261 260 84 221 131 0 74 237 278 34 115 215 251 125 275 154 267 166 178 147 148 155 119 298 113 81 136 50 274 
245 117 205 188 69 100 263 78 203 219 229 88 34 192 65 27 161 38 160 177 153 189 159 206 170 276 58 211 184 109 158 166 242 109 213 103 115 84 35 45 92 3 215 135 70 195 231 176 172 89 8 61 144 181 21 235 19 184 41 241 298 93 295 135 194 201 222 123 198 197 77 138 104 8 296 279 52 18 92 7 256 108 216 212 53 33 116 172 274 101 214 52 3 48 235 74 287 96 39 114 
14 271 248 96 221 211 76 122 158 287 189 159 152 259 180 65 27 130 189 15 32 211 90 202 207 1 82 34 88 24 81 119 28 273 273 112 44 268 38 118 131 103 121 233 20 125 273 204 14 92 136 62 295 120 253 2 119 90 230 63 9 259 103 158 66 77 259 148 289 126 35 258 143 66 173 56 32 47 3 154 89 275 248 169 156 147 94 97 245 81 292 137 118 35 238 64 193 289 111 23 
21 150 62 19 70 148 192 52 277 250 221 54 266 271 205 119 220 167 77 185 158 247 78 161 196 34 258 80 234 86 184 85 250 193 56 80 216 20 179 137 293 7 288 20 288 243 45 224 241 77 212 5 199 232 52 198 101 128 174 262 247 184 31 11 174 193 261 73 221 63 162 60 1 21 267 212 96 56 61 192 57 25 8 9 3 280 134 76 114 143 170 111 26 98 92 140 171 207 124 138 
153 290 224 260 137 275 67 71 96 146 240 191 18 179 256 25 41 6 271 84 295 153 43 70 62 218 262 236 199 214 205 228 16 83 138 273 18 36 0 280 197 185 291 18 94 58 114 62 83 132 31 137 253 92 293 163 6 98 29 196 236 80 269 270 79 162 3 96 278 65 153 68 203 281 149 133 100 240 154 240 228 108 75 147 14 6 160 91 252 31 275 239 72 219 88 208 108 253 276 88 
135 202 22 41 86 146 236 254 203 283 249 121 76 95 123 119 84 168 226 32 119 49 133 117 282 72 109 195 204 146 200 101 151 279 177 117 151 227 132 195 285 68 18 147 295 20 46 188 254 133 282 213 159 116 298 42 254 27 285 126 64 138 248 52 44 12 59 228 64 141 278 267 209 230 251 173 181 249 277 282 27 11 122 299 124 3 220 155 260 28 276 213 286 129 280 248 73 36 119 280 
263 212 270 207 287 255 145 196 166 80 239 26 25 64 150 140 98 248 171 223 120 38 117 277 100 155 47 161 85 108 114 159 178 28 127 46 215 218 138 159 210 287 81 103 19 209 180 159 265 293 220 243 238 42 84 181 168 20 190 92 174 236 143 297 11 116 226 44 137 242 210 50 277 140 102 61 25 246 261 61 241 251 55 138 198 277 94 269 84 99 108 132 251 216 76 268 61 174 234 225 
113 76 281 201 159 83 235 141 246 267 19 192 138 70 155 128 168 29 235 30 275 5 294 137 172 164 161 294 88 168 244 38 284 184 278 225 184 98 128 45 164 43 122 46 73 133 156 293 164 242 138 31 1 18 259 259 281 79 151 38 291 135 172 194 8 53 233 241 277 68 192 240 114 240 142 195 288 266 188 110 119 246 276 216 217 158 8 75 34 186 106 13 32 247 289 134 90 257 91 85 
160 244 228 147 241 136 26 285 297 155 200 182 179 123 92 42 17 213 268 124 3 158 161 38 38 47 227 56 255 50 132 102 191 251 23 292 43 0 30 146 242 197 203 73 42 6 7 207 120 39 228 43 76 120 257 113 169 49 140 158 237 249 179 215 292 245 226 186 97 52 283 182 233 188 163 244 286 87 12 94 50 295 264 226 290 291 177 282 249 299 137 264 126 82 229 24 149 258 244 73 
35 135 21 143 244 263 36 182 73 6 176 256 60 114 139 32 63 170 178 102 270 286 157 124 156 269 53 210 184 253 170 194 198 75 219 223 217 260 135 271 277 23 207 299 268 196 82 10 232 176 224 72 189 262 258 88 113 281 128 296 147 99 191 212 212 218 130 98 123 149 268 88 28 253 52 266 227 245 104 178 214 150 150 273 60 287 256 227 295 8 241 286 225 237 252 291 87 265 145 182 
33 243 94 104 265 166 200 149 53 32 246 275 239 252 4 159 40 188 92 282 252 296 217 93 66 205 285 252 45 236 161 241 121 254 134 255 179 80 14 121 99 135 71 105 225 130 36 200 114 299 197 180 251 106 256 107 154 47 17 278 160 171 285 246 154 166 63 202 108 36 231 125 243 200 264 1 3 148 7 144 200 118 229 49 136 258 265 3 269 81 161 17 254 61 130 118 68 263 50 199 
275 93 162 257 167 108 105 85 16 225 184 245 20 250 129 42 171 187 24 258 291 21 24 274 97 56 216 52 131 200 19 269 84 101 192 154 17 147 293 84 162 70 72 41 252 234 103 209 168 183 59 34 200 156 103 252 176 118 238 192 275 138 17 289 219 158 113 163 207 4 220 275 184 39 22 148 218 252 179 261 87 224 28 102 8 11 186 79 159 0 65 222 1 5 284 233 284 17 92 144 
280 105 4 240 110 112 88 188 129 46 141 267 172 271 35 242 291 143 116 16 298 73 172 75 271 233 217 272 264 50 266 138 179 244 114 46 48 289 266 199 200 2 127 297 79 208 57 19 293 283 161 113 25 199 8 94 214 189 236 234 289 185 218 92 114 54 153 98 254 17 193 232 177 38 8 210 253 171 145 36 123 265 114 53 24 120 296 231 162 47 52 80 108 234 168 202 92 203 171 155 
204 73 113 112 39 210 170 162 180 247 292 110 287 159 27 109 91 202 37 155 44 45 266 229 121 260 114 40 153 294 248 41 286 246 209 142 30 248 62 6 233 13 130 3 291 235 239 255 74 295 299 41 282 96 237 198 73 116 222 259 137 69 153 272 272 245 142 274 126 42 87 53 101 197 130 289 241 138 179 254 269 203 29 177 106 180 50 261 126 42 136 218 148 138 146 297 14 37 43 68 
35 30 105 11 286 115 173 152 75 179 38 166 220 52 79 132 139 113 9 24 226 162 273 194 90 282 10 255 249 273 285 97 233 210 238 281 242 167 146 154 195 208 161 280 288 284 110 117 272 118 145 286 232 88 225 70 267 185 186 214 195 288 116 144 192 255 128 194 236 9 178 237 71 275 184 279 215 165 22 252 295 216 247 208 219 215 123 210 212 199 105 7 53 39 155 38 153 40 239 74 
83 80 104 220 238 269 166 7 59 109 22 142 95 167 294 145 113 196 40 54 59 116 224 225 172 170 198 153 250 43 232 242 185 9 233 268 228 282 59 137 62 21 95 198 260 3 255 149 121 3 287 191 209 259 154 120 283 213 282 107 256 246 219 45 189 276 281 288 273 174 105 204 46 56 261 276 210 56 289 65 231 24 53 284 127 93 0 141 101 280 15 296 140 266 107 259 259 181 39 0 
173 77 201 0 250 92 151 180 229 194 13 264 115 271 197 41 43 50 222 131 256 10 280 162 268 291 256 88 107 12 140 68 156 258 238 254 93 91 33 223 169 256 270 50 261 40 88 19 87 234 271 94 159 224 102 123 210 45 156 165 29 8 119 205 154 154 62 13 113 134 88 64 214 151 257 251 105 214 70 81 21 81 255 263 269 166 81 79 97 288 180 149 101 62 257 30 159 73 109 25 
297 225 0 172 144 59 98 192 131 130 222 203 107 34 176 265 200 164 252 136 92 183 67 297 151 222 173 176 99 159 176 299 209 252 60 293 275 228 204 160 275 276 236 10 104 238 87 188 243 266 195 216 229 231 71 123 19 52 96 253 2 256 46 169 201 123 37 57 219 142 280 168 185 164 209 232 104 209 171 184 170 7 99 50 271 168 244 42 198 172 58 84 25 15 297 169 173 201 103 268 
57 88 153 290 94 185 13 216 299 131 198 62 241 76 256 83 110 234 191 23 126 253 234 170 258 290 194 23 37 231 205 205 131 27 8 0 148 261 60 83 244 92 64 265 293 214 201 202 242 205 76 36 292 57 140 121 159 35 128 118 125 85 163 64 287 151 288 226 112 154 100 167 265 247 254 158 280 14 243 271 159 292 118 276 201 58 65 228 114 211 144 102 181 147 10 17 167 24 158 62 
199 57 196 215 282 194 244 271 7 159 97 238 121 12 266 267 239 125 141 91 81 45 185 287 70 261 46 213 145 82 10 198 167 210 114 184 13 127 69 30 26 216 20 56 52 217 251 294 276 105 3 158 210 171 177 110 198 250 182 214 227 92 155 282 62 40 26 208 247 215 217 219 206 4 208 128 208 95 202 172 163 208 32 186 155 223 172 270 126 231 135 95 223 164 33 256 143 197 18 101 
100 25 74 252 97 264 100 31 45 6 234 273 199 20 44 179 199 206 183 263 231 204 296 269 68 172 273 130 149 79 275 223 192 135 74 171 165 256 140 255 184 9 288 269 2 22 298 47 194 28 142 210 67 121 30 270 166 197 127 167 106 143 96 173 4 83 217 12 24 160 181 2 279 70 264 225 235 210 162 252 120 101 8 130 76 90 44 137 189 154 239 232 253 61 282 235 218 119 220 173 
40 176 15 220 48 123 281 132 278 68 9 29 261 5 30 67 13 34 251 255 237 97 175 48 78 261 12 233 216 256 30 16 192 223 109 31 177 173 119 279 95 232 55 227 129 191 279 130 13 103 271 55 278 48 94 31 185 222 172 240 8 281 212 193 7 38 272 173 216 292 216 213 98 225 19 72 236 280 188 286 198 259 31 77 12 32 110 61 126 278 118 235 144 17 62 286 131 17 184 226 
179 59 229 78 247 193 134 203 62 28 8 63 71 23 68 209 3 45 95 15 37 15 19 214 31 187 91 41 223 4 200 248 184 120 13 14 118 94 299 233 183 131 184 89 280 134 189 16 151 219 115 160 134 106 79 81 48 289 76 261 227 231 248 277 78 25 142 186 103 248 259 260 75 249 220 49 93 182 211 141 253 222 287 161 86 43 113 153 37 185 12 83 31 281 101 228 137 227 212 289 
143 57 134 287 147 217 139 290 126 113 25 236 135 157 257 208 239 5 110 257 5 12 88 98 11 128 3 62 177 250 284 248 228 208 79 130 73 105 294 121 11 293 228 202 94 33 93 192 26 58 297 34 292 137 16 198 255 130 69 82 6 285 202 77 63 112 94 154 27 183 288 181 292 204 291 282 23 62 287 158 92 188 11 67 206 206 163 67 167 96 260 104 268 130 137 158 169 62 53 30 
211 95 122 166 201 18 228 232 48 156 22 16 67 132 28 84 15 93 257 218 36 57 107 124 139 247 250 131 284 42 133 210 99 155 83 136 115 93 288 85 127 35 38 105 61 82 231 61 59 247 248 26 296 67 283 115 259 9 128 230 258 84 225 291 93 210 216 216 228 39 201 52 151 182 232 257 68 249 144 115 274 284 177 91 32 292 36 92 168 152 180 253 262 211 154 212 263 11 292 253 
82 254 235 89 208 59 160 0 98 199 200 9 193 24 175 246 45 225 53 184 38 252 105 291 275 265 291 93 176 47 237 91 235 252 161 33 253 120 33 223 74 114 239 220 18 90 231 114 217 210 62 166 210 252 28 297 167 104 178 30 264 110 68 171 129 6 32 227 276 166 188 78 204 199 272 298 14 276 192 215 282 107 100 22 182 69 197 54 185 277 63 68 63 128 27 192 18 271 100 295 
160 160 116 239 12 146 252 277 14 44 228 166 119 136 75 148 127 220 151 134 193 84 39 159 233 165 14 218 144 189 64 41 93 40 170 84 165 63 43 165 16 59 131 274 123 196 38 221 278 59 251 246 203 112 70 133 142 120 216 38 158 158 192 78 91 12 89 280 89 281 75 80 82 125 254 79 8 112 146 56 38 74 284 284 143 235 127 168 282 166 182 171 131 259 65 65 270 149 106 156 
284 49 95 92 206 113 173 46 1 192 99 221 2 263 27 47 157 111 123 251 85 243 48 29 81 128 199 103 14 99 45 2 236 40 249 109 186 33 119 33 178 232 232 88 172 88 115 252 5 21 278 182 175 59 141 288 211 253 53 143 36 42 249 273 210 72 162 217 13 27 149 267 299 48 193 82 143 214 205 117 263 197 150 106 280 98 13 217 1 78 228 141 82 130 191 214 126 189 297 86 
147 280 210 93 204 239 35 31 278 213 48 189 87 58 142 142 25 271 241 47 19 294 64 137 233 118 298 135 80 157 159 27 44 8 7 261 249 63 186 213 7 257 217 4 186 178 196 127 100 135 25 171 13 86 107 80 166 131 87 39 221 86 227 261 296 267 36 206 242 158 113 150 57 190 140 199 146 247 293 171 195 78 188 76 179 186 248 29 91 129 1 158 79 149 186 123 259 12 248 1 
235 121 193 73 220 87 240 69 73 210 256 64 164 160 111 10 30 50 13 224 118 276 241 53 32 267 95 125 85 272 51 136 100 31 5 163 156 270 194 270 53 167 82 141 265 209 265 81 192 286 139 214 153 40 95 43 274 77 23 223 298 43 82 173 158 58 174 138 22 185 237 255 188 102 142 115 280 257 47 66 78 185 237 94 206 156 78 280 183 114 278 22 282 161 297 64 207 252 132 268 
140 57 62 139 96 86 13 177 231 239 109 92 13 96 24 4 16 134 94 205 86 220 207 233 189 262 243 287 264 290 14 265 267 177 220 294 11 77 82 195 101 160 94 91 139 19 123 196 119 148 241 193 254 233 299 248 204 50 29 52 166 264 32 20 191 7 52 25 284 185 106 218 274 228 138 184 246 274 267 231 154 279 0 44 113 239 217 36 241 4 215 63 224 54 39 165 33 177 154 63 
243 175 121 37 198 23 231 22 240 233 263 284 123 75 86 18 202 211 98 180 249 101 120 50 37 92 195 148 175 256 249 100 236 63 198 88 89 188 154 17 43 23 256 140 97 23 297 208 77 276 153 137 45 193 224 139 51 65 299 294 107 248 50 56 295 20 253 19 127 45 50 210 294 258 234 62 208 12 257 197 206 216 99 277 239 64 260 53 229 78 160 206 207 293 60 216 28 36 76 259 
292 180 45 268 145 68 124 194 157 135 15 98 45 129 164 186 45 70 56 73 178 91 58 64 29 202 172 287 131 253 292 11 160 282 295 87 163 106 163 152 274 86 179 86 126 68 79 119 206 34 123 10 64 16 116 92 220 21 237 110 180 168 108 24 143 11 277 227 234 143 90 5 92 229 8 129 201 241 116 253 65 121 6 136 158 85 194 163 259 268 164 284 267 265 166 24 18 199 27 141 
225 273 90 260 75 2 58 259 170 72 25 167 200 195 232 52 252 181 65 193 260 128 284 137 32 12 82 85 191 245 4 176 152 74 54 38 284 107 275 1 82 41 159 57 250 24 90 184 286 46 273 72 202 25 222 125 0 96 217 159 203 150 56 173 111 76 211 137 113 254 125 142 267 279 13 164 255 44 260 291 184 134 101 106 261 151 258 33 9 94 203 105 131 22 61 171 251 197 100 203 
124 285 32 62 239 39 25 102 123 198 141 190 183 158 274 178 249 69 195 172 145 203 211 262 41 37 44 234 198 9 35 292 75 16 149 174 160 93 167 270 190 296 61 259 201 81 159 217 38 176 262 18 146 268 122 185 143 207 200 122 233 102 265 66 224 29 247 81 208 265 228 273 60 184 37 241 211 189 61 125 172 144 210 204 298 160 55 67 36 79 203 192 48 86 220 175 229 247 291 215 
241 167 196 297 37 147 45 136 62 184 196 125 124 177 216 129 35 66 275 150 291 7 57 291 288 59 32 206 112 157 69 105 105 262 202 105 22 5 280 77 156 91 215 274 64 83 279 49 75 125 181 22 274 177 55 31 175 271 276 228 196 188 160 106 255 203 154 173 149 13 299 55 175 186 282 214 197 105 292 52 149 266 150 9 88 82 217 85 51 191 269 52 101 168 233 134 66 127 298 286 
83 32 149 154 149 165 298 64 296 229 67 87 273 137 266 157 129 250 250 220 7 110 99 270 79 197 147 170 128 255 52 175 25 291 99 127 96 112 75 152 27 1 111 194 243 238 252 117 197 144 151 132 78 70 161 183 250 278 255 284 112 2 112 148 69 224 9 145 43 294 60 155 60 210 253 11 139 189 5 22 220 266 11 278 54 33 27 5 30 117 229 15 70 95 11 230 249 263 66 116 
1 236 246 256 261 116 144 172 189 229 164 46 130 254 75 277 238 284 42 163 203 288 136 256 174 149 160 148 124 118 243 204 132 14 197 55 96 42 297 268 237 19 110 248 55 145 82 73 114 255 190 58 17 4 196 33 8 237 109 82 89 27 239 38 115 188 84 193 163 53 79 23 43 71 226 289 19 287 61 42 117 38 230 272 88 180 290 97 41 15 11 53 138 272 247 6 38 274 87 56 
60 118 115 86 115 85 141 83 119 155 28 121 165 73 95 296 97 2 190 296 287 223 32 28 130 231 10 190 245 107 27 279 150 203 20 268 277 81 22 117 277 3 258 241 89 287 160 170 286 288 255 107 79 24 44 183 189 157 269 236 192 77 196 103 93 85 68 78 38 262 278 159 218 149 88 127 238 97 170 143 168 168 70 65 98 36 158 42 171 137 251 151 83 222 197 250 153 235 188 178 
116 90 57 254 67 82 205 166 206 71 217 274 120 64 10 170 174 225 127 6 100 165 209 35 242 139 39 51 286 171 2 2 152 107 82 25 142 94 58 6 174 61 292 135 152 277 44 147 84 280 11 286 196 163 219 53 38 207 201 55 220 171 154 274 31 46 118 40 101 149 118 191 170 143 0 11 38 138 60 151 93 277 109 75 15 0 248 160 157 228 176 212 179 188 47 8 124 258 32 80 
95 210 82 294 139 44 152 229 153 153 205 198 176 175 129 40 141 172 21 77 100 88 160 261 51 146 206 222 78 149 273 200 143 147 2 46 171 209 97 261 100 128 152 233 156 92 21 293 126 219 217 282 252 228 124 143 261 268 283 224 99 109 57 104 163 98 121 143 44 174 226 128 253 240 228 195 211 26 38 294 155 212 277 53 243 276 212 284 295 16 149 80 198 116 11 4 6 204 207 106 
212 191 272 288 183 201 286 116 132 298 146 12 142 129 64 258 59 276 45 19 206 88 236 292 275 0 199 61 20 45 17 254 217 68 274 20 26 227 69 93 255 48 113 262 172 80 263 95 294 128 247 160 283 217 201 183 77 9 66 178 121 264 235 31 113 28 145 5 250 205 46 149 204 72 151 268 90 218 154 58 262 119 153 200 40 243 124 110 266 85 156 4 121 251 100 78 38 221 173 209 
155 25 140 168 215 149 111 103 110 259 136 266 226 54 104 274 63 6 4 220 189 214 160 130 0 88 41 197 179 9 285 107 109 77 100 262 208 245 17 182 278 26 202 72 162 193 80 194 135 82 238 289 107 242 39 60 2 268 146 151 136 45 50 52 144 290 98 76 19 246 270 229 137 245 167 283 98 148 204 89 235 50 9 157 58 195 196 78 239 151 26 265 161 236 175 274 25 196 197 177 
96 225 78 53 299 110 272 39 74 151 104 294 145 63 194 57 39 25 8 213 120 200 181 157 122 240 13 151 214 130 218 94 175 42 252 269 3 86 212 140 182 85 85 125 180 273 157 284 222 34 127 168 119 281 240 10 199 167 83 3 240 198 172 221 237 108 181 269 159 241 12 115 130 224 23 74 116 136 53 94 164 77 244 127 145 64 51 265 92 151 54 28 32 106 292 12 12 257 228 129 
42 15 147 19 6 258 237 214 197 144 298 104 3 29 223 87 71 122 89 292 113 274 161 172 216 299 73 115 281 39 194 66 188 211 154 273 182 132 252 128 167 160 261 161 28 87 5 19 167 263 83 226 258 40 117 123 118 157 296 204 173 295 91 175 237 11 293 52 210 109 199 209 34 117 6 137 8 31 70 75 139 267 156 56 139 243 10 279 196 231 269 253 298 181 266 297 93 25 47 0 
295 107 219 264 274 84 116 37 130 97 73 152 90 49 53 140 117 57 31 254 208 243 187 162 218 140 79 82 225 6 157 185 119 264 160 9 291 30 168 188 293 104 7 189 87 127 78 93 166 248 81 4 77 279 274 289 240 242 127 197 67 5 54 4 251 169 41 172 93 66 162 150 15 30 8 74 0 223 222 127 112 30 67 195 222 236 7 92 124 233 18 79 220 48 195 48 140 166 190 230 
117 271 289 176 63 265 151 204 96 62 206 15 129 276 274 41 101 10 158 154 241 18 63 250 185 293 191 5 185 251 44 98 65 56 129 213 16 226 288 186 7 171 269 56 107 173 190 133 197 165 151 20 49 189 283 209 92 1 147 256 33 208 179 240 275 142 55 137 108 45 240 108 229 16 243 246 216 267 210 72 98 172 36 265 119 22 37 128 106 108 223 44 246 72 46 265 213 49 263 52 
214 9 175 34 294 163 86 142 14 84 138 73 52 37 156 221 39 80 262 32 124 282 170 273 71 132 34 124 281 33 172 291 166 292 228 141 298 50 176 30 200 141 87 192 243 266 209 252 77 280 34 84 73 27 164 275 199 164 75 249 77 89 227 49 40 20 148 116 69 283 117 157 94 74 41 201 56 208 251 283 253 259 100 260 48 18 71 211 244 264 108 81 135 147 27 279 129 74 18 128 
67 39 170 228 64 139 291 81 201 43 28 1 67 39 17 184 111 237 12 4 129 180 245 275 282 173 33 264 107 18 67 183 253 265 23 249 94 176 6 223 127 154 209 251 136 128 84 221 53 62 238 271 130 47 7 195 118 204 25 116 99 171 163 7 249 111 115 15 248 180 257 67 146 67 24 43 90 224 38 151 298 277 83 55 235 187 54 285 135 180 178 175 213 207 113 132 216 263 14 55 
42 100 93 162 3 136 257 148 78 41 290 260 102 140 111 264 252 174 153 134 161 176 152 42 270 116 34 136 75 210 178 19 272 204 2 199 208 22 16 195 97 149 293 118 89 106 207 166 234 69 81 273 124 106 72 280 72 279 213 177 48 12 120 225 150 180 247 186 271 25 236 46 125 2 174 236 247 2 215 22 51 19 153 147 148 16 282 277 77 292 114 155 189 97 111 249 5 268 229 272 
99 77 137 156 224 140 166 271 296 93 266 59 24 194 258 47 225 295 49 154 83 275 43 284 253 196 49 30 147 127 159 252 231 81 236 105 136 61 45 193 56 247 221 25 254 44 60 37 243 63 266 258 244 232 78 254 191 14 150 132 69 106 53 266 177 146 137 273 123 111 58 280 211 32 159 5 155 146 198 129 26 212 285 61 27 118 35 69 153 20 195 51 80 205 5 131 172 80 235 233 
224 224 94 60 46 187 53 106 165 224 148 284 195 269 45 204 112 114 175 7 58 256 48 276 34 76 45 210 88 263 83 17 95 22 116 99 143 158 66 296 62 226 63 233 36 268 210 13 98 216 98 162 186 166 36 226 209 127 145 11 129 11 24 87 112 10 261 247 83 123 51 8 144 52 171 24 2 7 137 219 267 208 11 69 221 0 40 177 156 117 286 150 95 112 159 101 227 83 72 96 
51 31 52 169 226 85 203 282 278 159 138 71 214 193 294 45 275 72 199 237 146 292 156 128 254 85 111 242 144 187 2 248 222 34 4 299 67 102 36 242 14 263 48 223 51 229 273 148 260 72 110 75 1 150 214 184 6 91 297 91 151 24 211 221 243 187 199 147 13 91 182 84 60 297 196 82 38 90 137 117 188 122 228 255 56 44 96 139 283 126 289 54 248 111 62 243 192 84 18 124 
23 168 164 169 163 207 65 21 120 173 61 1 171 182 30 299 127 45 212 223 249 186 82 238 187 288 195 148 12 119 205 202 41 129 210 0 171 79 232 38 19 62 87 226 150 118 84 29 82 247 144 114 136 74 165 168 100 183 128 22 46 89 20 281 23 293 25 25 195 63 61 131 44 125 199 167 67 93 17 92 169 160 248 132 5 196 113 106 103 140 78 292 168 198 17 190 209 266 221 136 
217 283 75 88 51 285 254 104 131 146 278 97 20 150 289 108 150 190 131 171 161 290 276 299 117 213 211 284 155 270 245 174 44 265 254 59 181 283 88 102 147 46 74 246 15 299 106 122 233 269 42 111 152 186 56 26 169 80 136 16 165 18 126 254 156 171 104 58 52 248 36 200 85 173 102 73 82 179 244 26 244 113 163 39 174 68 262 101 292 205 285 264 296 73 295 169 193 235 150 25 
170 229 115 114 87 170 185 238 202 216 55 57 277 274 102 22 169 292 111 132 90 137 141 203 246 121 225 94 264 291 147 194 285 193 76 177 120 187 68 128 65 252 234 289 155 103 54 96 299 238 95 4 236 228 212 102 68 164 296 277 139 244 36 131 67 163 184 28 19 274 55 95 17 153 246 149 33 193 107 254 271 1 277 148 260 162 164 123 31 159 63 14 127 269 52 92 231 210 70 19 
254 21 137 147 180 265 134 234 33 169 243 251 144 134 197 5 231 31 150 161 249 150 86 214 64 80 85 231 276 31 247 14 124 185 34 125 64 261 47 194 210 292 195 71 60 174 237 93 18 158 153 232 156 133 170 192 255 287 15 62 152 106 63 222 161 261 219 164 155 228 73 184 284 133 58 226 74 110 46 78 215 76 207 21 162 192 223 180 134 179 215 196 22 35 209 130 97 148 292 124 
95 180 143 241 239 91 114 257 90 189 255 36 224 149 172 202 201 294 228 251 71 40 281 2 266 106 282 171 228 277 208 229 271 175 225 144 159 5 171 231 228 6 230 153 171 113 169 114 216 264 110 260 164 262 0 179 144 190 89 84 118 221 280 32 250 198 132 17 160 152 230 145 292 8 247 63 54 208 238 122 135 110 33 135 247 173 281 155 168 248 7 61 127 152 248 213 254 185 284 232 
226 276 211 290 234 36 223 42 131 73 78 20 34 160 4 121 19 68 191 50 30 260 23 298 183 50 71 178 50 256 236 170 5 161 61 218 222 210 14 244 0 57 114 31 273 298 299 69 275 148 191 49 7 226 298 108 247 291 133 165 86 87 125 222 242 123 16 9 137 206 83 203 216 4 225 172 92 223 275 79 181 149 197 31 221 30 99 46 241 294 111 105 262 273 122 128 183 217 206 108 
45 87 71 230 71 2 48 86 215 93 224 227 296 11 112 132 113 11 67 112 190 245 173 23 94 95 108 69 173 36 49 82 95 103 185 14 157 71 215 13 14 246 281 102 216 178 101 89 172 163 154 51 219 298 174 5 242 189 107 172 289 4 17 231 216 220 82 158 294 134 241 189 277 279 87 4 265 193 219 97 268 128 211 86 114 214 163 1 123 107 178 9 174 189 147 116 86 195 54 138 
238 21 270 111 208 203 93 275 171 173 210 281 55 75 139 253 65 120 244 255 295 225 158 97 267 223 94 288 67 268 32 46 77 226 204 34 60 256 120 173 90 70 176 91 67 151 173 197 223 118 179 38 103 202 258 231 278 241 171 299 269 3 160 183 95 250 64 210 299 188 132 197 47 40 11 109 226 198 26 109 7 6 23 282 240 19 194 251 246 121 186 94 218 211 19 264 144 164 69 56 
178 208 168 59 96 75 63 174 95 238 249 225 71 225 250 115 112 276 60 274 174 269 30 76 89 61 97 145 177 42 188 211 162 176 72 252 258 235 41 259 257 249 67 158 62 83 97 94 13 161 118 295 168 166 60 181 138 9 125 231 108 226 220 179 234 272 229 207 54 251 76 127 246 61 116 135 164 156 219 169 13 178 108 190 131 95 183 70 4 259 240 69 187 162 15 225 21 96 267 272 
2 224 290 70 273 58 167 292 157 160 33 87 170 154 11 43 231 42 200 65 9 107 218 151 92 232 285 8 173 31 217 240 55 226 160 9 70 46 137 277 289 178 46 185 19 171 47 119 68 261 103 121 292 232 278 114 273 288 299 84 285 86 256 178 62 165 192 226 145 243 45 83 172 131 87 201 48 123 211 125 242 81 7 115 37 68 144 141 172 20 49 134 32 85 64 34 174 248 46 199 
62 31 56 181 186 143 175 30 156 199 235 182 21 194 16 21 281 33 285 92 3 54 182 201 276 8 227 101 70 193 106 68 229 36 205 188 171 174 291 165 65 171 133 153 234 200 263 10 106 268 5 172 241 284 107 93 60 87 280 182 132 14 278 296 207 143 169 130 108 20 35 125 106 62 251 150 143 67 132 278 245 197 19 96 30 40 187 174 172 205 21 193 7 164 65 279 166 51 232 13 
35 48 166 122 227 285 113 57 13 266 2 118 282 135 248 128 141 59 243 109 88 36 131 259 139 167 221 241 31 286 153 89 93 28 68 200 128 73 84 143 237 206 174 17 114 12 87 73 84 244 287 117 196 102 193 218 240 214 127 199 175 54 164 216 291 230 15 264 190 108 235 51 9 263 7 255 219 182 73 213 298 37 154 87 269 116 264 257 218 103 186 164 52 152 70 204 299 67 168 77 
271 194 279 1 223 185 118 277 95 14 81 47 219 280 36 161 157 109 79 165 149 64 94 212 264 128 187 137 55 82 54 68 52 157 236 230 233 156 47 286 284 136 296 12 120 222 86 249 65 163 243 284 141 2 137 144 165 150 266 209 262 125 15 223 261 140 297 213 1 263 57 250 116 23 242 130 3 147 144 187 46 184 3 97 266 53 189 191 189 105 204 198 155 246 287 160 139 74 63 206 
214 296 5 162 197 141 50 96 1 107 241 37 230 61 281 32 233 93 18 9 287 135 137 19 136 102 99 23 244 240 177 113 228 149 266 145 153 208 93 250 250 125 166 257 203 138 38 98 108 133 281 287 122 166 4 273 172 17 235 250 86 78 188 211 262 183 45 115 259 293 150 281 183 295 199 3 227 111 8 46 32 254 94 72 12 215 257 267 127 151 34 11 151 275 116 191 270 265 101 53 
135 156 242 152 230 147 143 21 20 296 71 204 274 277 60 72 120 46 21 253 101 104 297 66 13 109 260 90 71 265 119 262 121 205 28 239 257 278 90 21 209 196 6 181 232 184 75 159 158 246 92 132 90 75 79 105 59 142 288 287 281 89 206 46 37 103 145 63 158 192 161 75 205 100 174 64 76 203 161 66 122 157 209 10 190 169 293 282 225 155 13 74 253 179 295 233 219 68 269 155 
299 60 164 113 238 84 139 81 5 292 159 52 88 37 285 245 297 258 10 76 63 220 19 219 65 44 74 216 19 102 179 259 38 192 30 65 151 244 3 245 182 117 40 6 116 167 239 269 135 254 159 260 240 89 133 7 34 3 22 214 205 162 236 232 269 198 184 18 168 28 17 39 41 275 194 110 182 111 164 225 101 69 224 73 142 174 220 61 140 207 144 240 125 223 167 137 19 195 273 57 
197 171 299 231 41 38 101 178 43 256 64 1 117 186 180 143 132 266 287 286 28 275 267 136 80 215 144 54 244 299 166 193 62 27 242 230 46 246 238 114 105 276 210 33 209 26 196 30 27 14 283 232 176 101 44 72 216 152 281 39 268 66 194 298 35 206 281 222 184 7 33 21 258 93 118 298 199 278 127 55 21 122 28 125 62 11 14 48 162 72 96 125 47 251 243 8 72 33 57 278 
179 200 73 191 4 88 214 187 109 99 254 233 227 142 85 205 92 101 146 222 267 261 181 59 169 151 18 184 142 23 21 71 291 275 171 52 264 157 191 200 125 220 216 209 141 82 154 86 12 209 96 84 222 127 5 98 122 263 225 153 263 46 62 59 212 250 262 121 143 188 124 50 237 140 242 85 240 201 217 166 224 34 11 182 138 232 108 77 190 84 152 31 72 152 75 209 198 214 271 76 
24 117 186 296 28 26 84 263 82 248 287 148 6 119 163 226 209 158 205 176 294 153 14 67 186 250 101 165 169 90 149 196 138 267 100 138 149 183 53 103 277 223 91 121 261 273 213 90 174 139 185 251 16 145 84 68 3 200 284 120 50 144 137 82 171 151 56 292 86 219 149 227 147 78 259 244 125 276 149 241 124 261 243 175 105 199 225 138 273 114 175 173 259 202 67 264 118 65 254 183 
