151 75 227 88 184 129 239 33 3 194 287 93 257 67 61 176 202 41 104 103 27 16 181 284 44 21 251 211 267 205 101 152 212 154 105 27 185 183 299 294 113 247 246 54 269 234 230 236 88 95 147 32 52 297 213 299 115 49 201 86 147 23 286 219 208 53 99 124 83 28 20 281 272 260 55 137 255 46 138 100 36 32 270 35 53 169 74 120 28 209 211 128 37 155 230 178 267 174 113 90 
193 201 190 230 232 278 70 36 100 272 232 180 240 159 172 271 174 260 235 88 82 199 252 157 297 49 16 62 17 129 38 2 283 125 132 258 106 17 170 202 38 268 137 265 295 157 278 160 106 20 276 258 173 285 182 58 235 169 173 13 250 200 162 27 105 242 79 88 172 228 60 183 250 78 16 117 157 6 167 155 60 252 250 62 296 204 149 174 207 235 269 58 59 201 94 97 255 178 106 60 
279 1 167 288 204 229 274 187 86 190 144 266 89 75 285 108 181 196 126 246 90 286 111 126 298 86 234 236 17 182 26 123 36 290 8 220 281 71 190 92 169 33 105 67 234 130 216 53 23 200 45 172 70 180 115 31 261 77 137 1 119 290 163 36 21 292 94 143 175 6 49 70 200 222 233 26 15 81 216 128 214 34 57 218 185 63 39 296 34 99 220 171 142 122 208 203 276 103 122 286 
168 255 278 32 99 287 72 238 204 172 68 146 278 276 43 140 221 200 176 221 39 115 286 158 112 218 202 145 175 158 252 68 18 294 210 235 184 258 191 195 85 106 97 262 275 47 238 288 48 274 233 186 194 159 32 299 206 5 84 53 28 295 195 173 3 82 221 281 276 168 246 81 195 236 199 8 162 35 267 112 184 291 288 84 221 97 110 161 53 133 74 135 38 184 223 178 217 37 258 216 
227 21 152 145 16 171 45 132 225 232 13 120 263 109 157 83 103 234 231 73 259 232 130 276 44 138 134 90 266 89 278 100 153 188 114 194 82 233 11 23 253 97 85 78 200 5 169 161 156 246 27 221 82 23 282 171 152 101 77 173 9 163 108 200 39 182 296 32 239 138 86 216 135 31 247 188 127 43 87 180 196 177 60 259 260 145 38 160 129 125 31 292 150 163 21 132 131 280 16 224 
21 20 62 91 253 135 86 141 256 7 257 275 71 207 207 230 251 60 143 95 279 193 229 170 245 285 160 88 179 100 221 129 7 97 270 273 261 111 50 158 18 233 88 163 29 255 79 243 190 10 285 9 202 31 162 223 230 240 242 73 193 258 177 235 256 175 55 297 141 167 209 154 60 244 39 67 282 174 169 265 264 232 159 73 130 29 80 99 93 130 195 134 55 212 177 290 282 280 229 111 
279 281 289 205 271 185 203 227 106 88 200 260 75 274 97 12 232 48 19 139 134 73 282 199 208 220 268 107 44 256 247 240 286 99 6 219 132 84 251 259 49 257 82 53 242 112 113 153 134 288 45 78 105 210 11 172 227 176 159 257 18 37 173 255 77 238 5 61 131 125 293 56 51 245 83 295 197 1 253 172 137 116 43 181 138 264 263 138 90 214 213 273 160 174 176 4 66 18 17 258 
112 76 13 125 221 283 297 202 188 55 41 293 1 6 260 106 50 185 194 224 104 199 251 50 178 270 268 48 232 95 131 134 164 24 4 214 233 209 173 282 215 36 142 213 255 196 161 207 103 267 264 235 77 102 284 12 160 18 264 157 83 129 95 142 125 283 130 20 261 129 217 140 58 165 27 175 25 231 173 0 178 268 107 290 13 101 217 75 247 30 193 82 31 147 12 157 216 243 30 250 
275 152 61 139 178 110 241 3 205 227 146 59 72 154 270 117 84 2 174 288 289 202 118 48 84 151 111 255 274 189 253 20 281 289 129 175 253 130 272 30 218 232 152 58 260 185 35 224 194 22 238 122 123 217 112 97 282 275 143 73 186 153 250 195 81 90 96 169 112 3 79 167 255 101 156 129 137 207 59 196 279 145 18 82 102 148 90 12 233 56 285 238 83 158 286 182 45 273 266 36 
196 191 95 2 174 291 14 30 13 83 241 28 8 55 213 162 124 184 74 289 110 37 4 10 219 45 60 265 40 59 100 57 163 279 295 39 162 194 169 187 111 132 53 197 279 143 176 56 74 135 89 133 115 164 257 242 25 275 249 9 34 208 82 166 55 103 296 23 71 74 126 283 38 123 109 21 61 203 22 51 217 229 173 31 253 283 92 281 49 194 37 56 191 280 219 201 194 51 186 177 
57 31 276 163 152 280 194 66 87 229 20 160 132 20 70 243 193 79 248 71 154 70 47 61 175 39 112 89 86 202 60 170 104 233 4 198 56 15 271 40 83 122 98 62 282 6 159 214 69 40 186 180 122 289 175 153 186 284 248 123 118 250 90 217 296 219 18 60 170 123 74 197 83 150 7 225 13 81 269 195 283 122 293 177 112 25 231 210 184 56 108 18 226 245 21 142 217 198 249 209 
66 221 43 103 81 252 88 50 288 115 196 250 134 20 114 21 37 72 289 287 65 127 263 222 261 288 205 181 247 50 153 38 160 245 231 102 271 138 108 296 147 40 110 188 17 32 148 201 187 108 105 280 289 41 6 144 293 102 265 83 170 23 143 298 21 219 126 280 180 18 124 287 250 206 194 296 34 288 256 232 239 134 4 170 216 10 225 18 5 129 270 7 130 200 291 238 31 119 191 239 
268 173 83 271 205 80 198 6 112 61 285 226 17 33 289 212 139 217 227 11 61 63 159 158 276 271 56 232 55 173 299 222 291 23 154 29 68 281 19 295 279 55 208 223 93 79 33 271 12 84 45 212 209 153 113 182 282 126 223 218 9 96 261 54 173 188 68 32 111 154 256 149 63 114 257 124 192 98 20 293 261 297 270 111 182 67 88 277 294 94 35 60 122 157 130 134 170 59 10 149 
58 291 86 103 224 217 51 124 116 267 5 136 72 17 283 255 22 25 211 179 254 271 157 285 72 44 266 74 38 230 56 243 109 240 288 34 54 45 3 47 119 86 285 299 3 39 255 288 126 35 18 6 4 125 81 81 289 201 68 266 29 131 173 270 121 236 123 32 77 218 280 14 203 139 31 263 136 29 183 83 71 56 255 184 151 91 254 64 148 220 212 111 263 163 18 182 124 264 250 296 
17 224 275 168 86 197 20 219 261 289 118 203 15 206 103 156 66 278 213 178 208 216 279 156 224 261 174 228 272 1 111 6 163 123 239 253 203 218 271 103 293 156 5 212 267 279 189 271 123 31 53 228 211 191 157 26 232 35 178 283 195 137 215 51 1 274 113 106 34 12 145 128 16 206 212 231 84 200 243 224 193 191 294 150 180 231 177 55 68 291 261 15 111 252 48 134 20 43 261 89 
78 176 74 85 146 183 194 279 41 172 5 191 276 145 14 270 55 145 176 93 114 10 276 57 14 16 70 167 237 264 270 197 249 30 197 246 163 267 104 32 289 257 56 257 76 244 211 14 224 156 298 100 284 108 267 67 254 43 148 175 138 274 289 115 210 73 131 259 83 77 245 267 270 165 248 152 161 211 45 165 91 182 26 10 124 137 101 236 290 111 255 61 241 281 85 61 73 199 263 49 
50 66 214 283 35 65 276 50 95 71 29 236 176 21 120 9 48 153 70 77 2 42 206 237 260 28 287 178 98 182 22 223 76 58 167 112 84 173 8 207 46 52 171 101 179 258 13 188 199 47 60 168 114 280 58 232 245 296 78 171 230 187 111 194 205 81 179 111 205 97 222 118 78 122 166 31 152 201 113 152 220 148 172 248 269 295 39 81 275 202 267 38 123 194 275 124 281 163 286 98 
61 92 131 127 220 113 135 55 295 242 31 52 21 21 9 150 125 270 152 232 230 32 53 77 154 107 198 19 45 3 49 124 39 40 94 254 202 196 21 299 56 261 124 248 209 99 221 69 58 108 274 114 90 7 193 76 179 81 103 63 235 106 216 162 0 3 241 100 117 148 261 50 0 21 251 81 224 289 288 129 86 102 124 262 263 222 299 117 39 293 222 183 29 212 294 50 257 66 44 140 
62 45 146 256 73 275 185 133 206 98 279 246 282 196 127 28 261 107 10 50 252 203 264 187 161 61 148 219 274 101 48 198 192 235 225 62 5 63 265 203 259 1 154 169 34 122 182 104 24 192 87 115 56 259 109 91 105 33 133 197 195 163 273 239 134 2 105 203 270 109 212 128 287 215 228 269 242 27 294 231 28 246 281 110 169 165 108 159 195 44 294 273 149 234 146 242 246 197 51 279 
34 257 82 94 226 288 246 150 195 53 78 260 113 9 169 269 193 273 158 32 269 145 35 294 110 272 100 163 83 214 151 187 68 70 6 232 113 40 35 109 255 154 155 183 83 189 119 16 79 258 27 198 194 157 15 240 204 298 110 3 132 111 16 146 131 169 57 282 178 162 120 137 144 7 21 145 211 129 185 269 159 49 90 83 170 172 118 116 169 80 257 8 15 85 283 208 65 22 82 233 
290 80 112 222 288 275 243 61 199 278 86 78 12 290 199 33 129 186 54 57 99 74 233 37 187 99 143 217 225 221 266 280 214 224 184 145 37 8 198 96 84 88 56 218 240 185 243 231 35 194 252 291 28 291 65 55 196 295 17 82 283 110 104 199 180 291 60 281 222 276 101 88 167 279 128 194 118 186 186 46 20 166 71 75 46 193 225 280 262 239 177 170 291 185 165 179 18 153 227 102 
118 101 13 59 15 275 253 37 10 164 135 184 112 136 257 160 224 294 90 167 201 44 22 178 121 61 57 151 91 145 125 141 23 225 97 140 59 236 208 7 292 216 235 36 207 181 278 94 278 299 12 20 229 54 140 261 257 43 63 159 58 181 287 25 12 77 90 140 233 225 28 60 192 186 37 299 97 77 299 118 276 95 50 188 159 285 112 175 199 19 271 224 281 267 5 74 77 4 8 210 
268 211 106 81 151 74 138 151 110 36 35 234 202 124 137 230 105 221 242 164 32 101 83 13 251 288 291 208 58 144 202 218 24 162 222 45 291 132 38 215 171 9 132 241 256 148 212 51 80 149 57 73 286 80 132 70 160 128 83 236 147 283 133 173 196 18 251 292 189 99 76 123 70 181 87 228 50 48 292 197 129 262 42 137 142 110 233 151 232 106 276 233 16 230 236 30 82 155 221 191 
198 201 136 56 97 108 291 53 216 160 197 198 26 152 205 56 265 89 136 125 287 284 56 68 86 113 152 21 5 252 121 5 256 216 276 101 106 218 93 263 34 36 122 226 17 187 281 155 265 74 269 135 149 52 100 299 227 12 196 190 225 58 295 22 17 109 189 294 219 271 296 134 296 52 203 263 8 163 90 289 40 73 33 42 138 275 239 188 24 94 161 162 67 126 146 63 15 231 182 48 
191 67 198 139 115 99 286 271 241 187 217 242 28 181 268 145 6 153 33 219 14 113 174 68 153 241 267 107 104 288 264 154 137 73 15 77 181 227 84 90 155 97 130 123 27 244 157 24 137 58 164 39 279 43 208 57 172 234 242 62 283 2 90 248 111 62 128 208 272 202 292 270 54 271 292 239 8 232 53 271 252 294 2 124 152 45 107 47 212 28 242 133 99 86 150 242 128 174 169 189 
10 277 40 209 41 54 24 90 63 30 287 255 129 4 11 142 82 162 90 44 94 90 99 15 54 236 112 297 140 289 261 271 1 123 200 178 22 29 133 236 63 114 164 259 153 269 44 125 268 64 18 28 268 153 138 136 59 236 50 17 91 286 257 266 68 170 153 166 164 250 256 238 98 176 59 39 5 205 212 34 185 269 222 253 88 289 235 49 78 258 109 180 65 183 92 147 114 196 187 67 
135 139 180 144 239 63 125 36 63 196 84 57 167 283 211 25 136 38 61 36 155 221 215 248 138 34 99 249 193 98 229 124 236 253 158 268 270 109 153 229 141 298 184 240 189 132 32 192 130 111 177 175 250 106 260 92 90 196 297 236 40 64 79 290 129 56 294 284 28 200 245 14 82 170 27 97 143 193 274 76 117 254 66 238 75 174 184 228 265 97 299 232 207 98 215 63 247 212 283 63 
95 41 138 128 62 141 222 199 273 233 169 83 176 17 237 292 255 6 193 17 140 64 5 58 58 291 286 86 154 157 246 265 140 159 46 286 124 75 164 79 3 70 116 196 257 221 190 129 196 41 42 130 53 99 174 293 45 225 215 79 279 294 262 87 75 0 93 152 278 40 42 232 105 42 128 172 135 22 80 41 287 66 21 219 49 172 191 14 196 194 200 243 248 32 32 180 69 62 138 130 
127 240 168 182 203 6 156 218 122 211 187 45 69 188 295 77 165 120 27 24 195 51 13 85 23 184 47 224 164 199 118 273 247 250 9 145 69 42 25 150 194 286 16 220 196 140 203 179 207 255 283 155 134 132 131 97 30 291 24 100 158 213 277 8 74 180 193 102 87 278 234 60 127 177 163 206 70 166 226 9 181 153 278 167 294 96 110 12 227 144 171 175 293 296 198 76 112 12 138 260 
230 233 256 125 261 21 243 240 177 38 19 64 54 165 125 49 201 21 73 273 136 226 83 117 267 294 237 195 66 127 49 155 180 145 238 224 205 90 37 117 119 39 175 51 29 209 127 16 296 69 289 4 283 228 216 55 18 206 296 64 66 180 193 84 139 36 201 22 129 192 241 229 147 214 229 254 276 171 278 48 240 57 133 106 187 143 116 208 72 79 144 88 17 61 123 38 221 183 241 125 
170 38 214 297 224 124 26 74 26 212 295 82 139 189 54 158 136 167 184 28 104 254 28 189 251 296 122 237 228 49 25 151 101 10 204 199 68 247 114 182 111 192 52 253 183 21 139 152 150 168 283 28 102 219 169 30 233 215 224 298 270 184 130 264 188 158 148 182 74 251 284 134 31 242 49 257 243 96 21 288 281 13 26 47 106 54 162 287 125 16 57 228 213 90 7 138 269 71 78 47 
22 58 200 62 82 264 9 183 106 176 268 47 13 75 124 85 100 118 273 181 261 267 206 99 68 125 113 259 142 4 245 128 140 138 68 7 60 292 177 18 10 11 159 288 62 31 207 274 256 164 110 11 132 10 247 76 295 63 11 91 173 187 194 84 40 153 233 92 93 103 225 6 174 2 279 116 44 291 31 171 158 129 26 53 269 151 111 222 138 165 10 108 129 14 124 104 14 149 182 50 
41 5 180 223 230 104 19 41 207 271 10 295 206 266 109 95 230 4 155 189 256 14 86 68 205 287 196 70 203 291 209 255 233 113 194 238 230 295 280 225 232 289 281 195 252 254 290 106 242 215 94 129 123 280 194 98 31 208 26 96 33 66 46 133 223 109 176 50 6 133 101 108 61 167 171 109 161 20 6 262 129 137 97 55 163 81 27 111 70 17 117 154 241 212 170 216 172 79 294 284 
138 236 31 169 175 263 297 111 79 179 36 85 47 89 128 70 114 262 20 62 14 24 33 211 20 255 97 82 1 180 35 127 290 270 258 168 51 3 138 65 236 236 65 45 20 297 138 179 165 147 182 115 159 207 132 95 4 140 114 189 0 104 184 127 43 155 77 45 163 152 124 129 146 43 289 285 268 287 203 176 52 88 160 14 261 16 155 298 215 199 54 205 155 279 176 228 23 201 156 84 
189 109 279 93 35 276 39 230 279 24 224 251 95 280 279 52 12 69 273 205 219 116 152 140 221 272 76 235 39 66 109 246 232 148 84 41 13 131 223 14 105 208 225 192 163 149 270 292 268 87 243 230 238 30 121 188 81 117 236 15 88 32 249 71 167 239 43 147 274 119 190 119 198 175 189 177 270 65 202 283 186 197 184 80 270 131 144 217 89 252 231 60 108 233 3 109 0 27 87 53 
93 146 264 169 211 132 253 16 186 189 55 11 152 93 170 160 165 229 250 41 260 286 197 95 257 186 69 290 66 124 233 158 257 94 204 266 222 57 213 45 289 100 280 14 55 173 197 32 54 157 271 218 178 263 260 71 209 66 187 121 37 214 224 191 176 140 283 261 16 292 124 62 113 0 70 272 212 170 222 191 285 163 46 119 155 130 65 264 118 167 202 55 245 48 229 175 169 275 44 275 
174 90 194 261 237 107 192 275 109 224 257 190 86 118 92 225 207 272 55 183 23 267 102 55 262 116 172 294 240 117 240 81 243 135 128 230 120 227 87 25 196 107 137 12 101 80 196 62 178 78 124 231 275 31 182 61 184 44 100 196 77 228 295 28 198 182 82 15 176 18 170 138 256 163 259 265 194 123 87 37 148 202 60 168 244 179 242 29 111 225 253 222 280 197 8 276 21 57 239 262 
132 293 130 4 268 39 270 257 105 112 168 295 161 5 8 254 181 115 160 56 108 95 28 107 234 28 20 263 119 222 240 110 260 15 195 29 150 52 283 153 294 95 116 34 158 250 4 242 118 66 49 117 105 17 145 48 137 249 78 7 235 242 80 60 188 174 136 60 13 122 194 248 170 276 282 157 149 271 139 111 139 10 104 68 163 1 15 71 174 72 171 99 79 185 16 238 20 4 62 58 
69 5 226 99 119 142 59 16 139 38 29 206 108 9 19 274 279 217 7 230 174 228 158 16 222 187 224 103 48 30 60 26 194 261 59 88 282 102 211 72 205 288 84 130 105 284 98 78 43 278 244 273 83 202 44 273 204 123 75 4 141 32 187 148 200 17 99 297 280 52 77 64 181 133 97 247 59 39 190 136 185 232 211 243 230 234 4 66 129 238 61 155 53 206 42 52 27 106 39 298 
83 208 138 212 209 49 195 85 248 229 179 181 127 194 48 111 28 148 223 135 269 13 199 95 85 235 298 11 83 132 166 93 277 2 49 277 24 87 120 165 65 168 92 192 227 186 86 244 236 156 293 201 193 29 97 96 126 125 202 40 276 299 54 80 229 58 103 34 225 164 108 170 155 182 130 125 176 198 278 235 29 121 209 191 235 109 86 19 6 130 143 104 110 115 71 50 122 215 136 203 
218 237 288 12 108 292 200 281 25 223 71 74 1 228 112 214 96 140 255 291 210 63 149 73 226 260 42 24 290 34 223 212 134 28 244 296 198 266 151 171 132 157 265 45 155 149 149 256 177 117 283 164 35 151 187 1 122 145 146 113 80 131 148 106 205 133 283 189 147 260 206 155 80 168 258 126 83 40 205 283 240 269 275 87 164 180 2 52 272 123 225 97 24 270 236 136 163 250 170 287 
129 217 94 133 125 55 264 23 57 77 75 3 218 128 91 135 256 184 109 64 142 82 104 177 134 207 151 203 72 45 228 215 163 35 55 254 147 260 91 171 129 292 28 202 76 30 14 148 93 221 201 59 66 46 37 219 38 113 96 114 260 224 238 56 21 160 296 41 98 157 204 35 35 0 272 282 273 147 221 223 134 229 141 33 242 106 4 186 112 17 52 157 23 125 35 190 250 229 38 99 
195 159 127 69 95 270 190 151 236 254 111 54 291 141 34 296 4 164 205 31 252 63 238 132 121 192 84 93 224 197 172 175 248 214 271 263 109 294 170 263 27 196 41 32 120 236 128 34 147 282 62 104 230 19 215 252 215 107 33 234 22 206 31 61 74 173 41 29 93 280 146 220 173 89 190 170 197 52 174 246 203 265 162 216 7 69 151 268 295 53 61 176 212 18 290 29 217 26 164 42 
48 223 219 265 62 117 263 250 46 275 1 109 64 53 107 107 85 252 153 84 18 145 65 80 106 115 162 28 190 195 225 6 52 73 272 223 286 0 223 143 171 46 276 178 294 253 130 46 257 262 269 277 109 144 36 33 37 163 203 117 67 109 299 85 102 164 287 193 133 98 187 85 296 161 108 85 17 15 218 160 192 109 256 170 54 274 91 215 183 82 240 236 94 232 55 208 179 185 24 87 
27 102 67 37 21 100 112 106 25 217 47 273 44 126 246 31 43 63 197 270 137 250 177 70 110 263 212 162 41 144 152 229 152 45 62 158 35 30 245 234 78 48 223 206 215 228 242 173 295 278 187 139 211 257 24 178 190 108 155 195 102 136 11 88 28 259 129 33 204 5 170 0 296 60 136 170 256 257 121 255 229 52 113 17 266 221 298 32 172 105 252 252 117 143 216 211 175 148 183 276 
14 299 92 85 271 81 202 73 166 235 135 77 295 126 150 136 240 4 58 20 263 131 134 271 97 231 123 154 110 151 197 261 295 105 291 244 256 102 198 188 231 207 11 288 112 105 66 17 127 63 233 235 267 34 186 123 164 121 162 90 47 246 34 160 65 134 182 45 137 292 120 142 146 169 181 79 260 104 54 143 298 1 266 252 184 262 151 65 25 221 235 98 4 11 79 235 286 124 294 68 
135 16 223 131 27 273 254 254 55 234 130 94 208 180 135 224 86 35 198 191 68 291 254 138 259 63 212 216 272 157 126 106 67 12 219 7 234 23 10 161 277 46 297 143 295 146 292 114 105 208 183 16 229 42 4 79 294 254 232 154 218 107 87 226 284 120 14 287 115 6 136 93 238 129 220 93 146 96 203 162 241 206 153 21 196 12 176 172 287 271 132 166 100 232 156 144 201 18 165 146 
162 67 265 221 18 7 287 72 29 218 197 256 294 93 184 81 269 183 203 209 16 8 95 63 14 145 90 84 100 252 159 93 251 3 228 162 125 104 41 40 127 216 289 29 28 233 69 164 200 164 193 95 24 159 226 49 67 77 185 83 196 7 270 222 242 227 274 174 104 120 50 214 242 181 156 288 139 225 132 234 122 279 125 281 286 57 56 161 217 282 144 193 232 35 230 68 76 46 251 99 
129 218 175 245 90 227 61 222 224 79 248 252 217 107 288 227 144 234 74 89 172 62 144 168 190 92 196 248 275 79 150 121 41 4 100 206 201 116 230 261 209 265 118 269 14 81 9 106 5 197 291 259 86 242 136 218 245 138 80 16 244 201 272 98 13 48 28 68 288 69 203 51 124 96 138 101 130 54 125 268 241 152 176 123 264 2 245 90 209 200 189 283 40 9 188 72 83 295 28 263 
47 54 225 180 191 152 187 257 291 128 48 212 124 177 289 192 26 70 138 245 22 48 248 157 29 251 78 263 257 20 251 251 290 194 84 282 204 17 105 244 75 32 57 7 158 53 45 74 176 265 120 189 93 280 212 107 33 195 132 197 270 177 46 21 246 171 271 67 286 78 225 58 76 73 112 43 212 228 21 205 31 157 106 240 28 37 122 296 87 28 176 116 257 80 113 156 53 79 155 226 
60 192 35 196 4 185 46 179 252 126 248 282 225 204 49 294 232 258 277 148 238 192 278 208 88 286 47 132 273 35 175 160 248 119 46 113 82 18 163 59 115 167 147 296 208 247 113 222 77 125 270 51 288 81 215 267 194 219 33 158 112 175 16 48 169 287 227 25 218 9 10 136 134 210 297 167 78 117 197 144 100 248 49 186 184 108 3 271 43 175 10 165 60 123 65 114 279 32 205 144 
168 82 140 73 139 20 203 44 249 64 46 156 35 148 217 60 158 240 101 171 131 150 178 149 55 122 119 27 194 54 197 11 135 249 281 246 228 261 93 70 284 190 175 167 20 13 70 282 154 99 37 168 222 111 195 103 51 234 50 165 66 260 78 61 9 37 100 244 131 205 182 249 194 253 277 60 85 31 298 79 100 224 85 68 180 163 71 41 119 209 201 190 11 191 13 291 126 31 173 298 
10 188 114 145 141 259 283 35 132 130 74 147 276 274 290 230 297 14 78 114 275 148 189 38 177 259 126 256 136 168 117 84 259 285 55 55 36 5 230 200 92 141 201 74 6 230 139 15 37 40 177 27 123 238 209 288 280 248 160 176 140 170 88 59 40 177 194 66 35 138 66 244 160 129 237 45 98 256 226 5 125 153 288 18 179 293 126 200 1 174 188 267 222 245 17 54 276 76 46 263 
114 196 210 63 102 266 98 35 212 139 283 19 19 4 18 250 207 35 247 46 182 92 269 170 246 23 241 81 27 2 49 289 97 197 123 167 13 124 57 153 21 153 187 125 208 79 67 216 23 218 153 75 105 59 56 188 129 254 39 264 281 43 195 152 256 18 104 146 185 79 210 297 11 220 286 136 285 0 293 2 123 4 32 114 76 239 224 185 97 171 64 268 230 54 273 184 112 87 298 231 
178 42 12 133 56 121 103 207 36 128 277 159 19 117 147 267 109 60 6 158 200 198 7 208 258 165 59 18 67 116 52 167 252 130 40 249 106 52 235 6 251 222 58 260 107 199 198 219 274 190 26 58 128 275 5 273 289 38 284 209 142 108 291 176 263 63 65 231 167 201 85 214 181 84 162 247 32 140 98 297 49 232 131 269 227 198 230 298 75 74 209 178 274 49 242 161 4 161 244 225 
21 203 266 54 145 180 245 219 116 58 231 41 237 227 157 68 156 246 165 163 0 208 213 35 109 145 246 63 61 116 228 275 270 84 129 294 129 283 116 68 205 251 21 236 77 52 270 62 22 189 299 160 249 50 269 26 248 257 215 144 155 123 26 215 229 254 167 150 148 1 75 119 153 72 98 44 275 84 19 283 83 113 159 26 136 174 240 119 8 264 164 67 175 148 234 111 262 110 280 247 
86 46 149 255 34 160 205 40 298 10 51 228 278 59 86 140 47 93 279 44 52 68 90 16 39 289 139 254 185 104 7 188 23 230 151 288 203 277 252 141 150 113 95 220 95 18 87 230 192 191 198 131 291 119 24 180 165 19 258 33 58 203 165 154 207 172 288 259 31 133 159 245 31 48 214 75 138 208 83 165 53 184 164 131 23 291 7 162 235 78 290 263 61 1 173 272 250 25 157 202 
172 61 224 127 173 276 86 41 259 59 98 128 108 264 101 161 259 242 154 142 35 209 264 120 154 104 196 114 164 213 77 16 293 249 12 207 144 125 251 227 62 292 231 211 135 254 126 32 223 185 222 181 211 294 31 44 213 145 269 60 225 164 261 190 46 33 1 282 173 27 107 0 295 79 223 155 77 184 247 16 91 51 139 81 177 115 32 268 98 104 69 207 278 274 145 110 131 172 239 163 
258 250 139 292 26 180 121 274 278 284 160 245 23 94 140 293 248 125 66 187 49 185 247 258 129 242 52 259 196 44 18 171 160 297 226 28 272 107 146 31 9 22 51 16 191 148 238 106 132 148 290 189 223 175 128 165 288 137 267 178 173 215 233 136 108 245 201 295 27 291 293 31 212 136 235 52 83 274 16 194 277 143 152 59 90 251 244 157 25 68 297 69 142 102 124 4 128 238 27 174 
73 285 199 192 262 269 246 270 71 116 267 140 223 72 287 244 240 9 2 205 214 72 239 134 99 109 236 63 214 188 182 75 204 29 39 77 127 296 277 49 143 238 222 173 114 233 24 16 275 129 47 229 257 68 148 65 189 127 289 179 88 47 274 204 134 111 230 291 12 298 111 197 68 91 22 195 290 163 82 144 249 247 102 58 28 67 69 217 238 234 242 198 244 202 36 93 253 279 132 20 
287 191 256 250 196 145 114 293 291 134 38 27 60 183 160 299 126 188 74 206 223 292 64 76 237 211 88 236 39 96 40 162 185 231 78 205 197 122 219 128 58 254 191 153 262 212 56 104 118 252 154 176 269 118 194 179 187 64 41 187 151 279 163 225 74 5 98 53 49 135 297 106 25 234 298 79 286 127 167 238 274 119 261 268 182 284 249 89 150 26 0 133 292 132 212 60 123 207 163 14 
222 43 219 114 197 155 75 284 80 244 277 76 157 17 36 113 220 278 16 261 77 196 56 151 288 247 140 67 94 67 75 237 294 68 194 112 79 70 125 276 40 95 109 238 167 242 211 143 186 43 28 200 254 144 194 80 110 268 42 186 85 250 62 265 63 108 205 145 201 96 113 227 14 36 160 256 0 161 209 146 235 9 89 216 0 8 222 56 178 23 187 74 126 260 109 102 72 289 109 96 
201 260 290 238 230 102 169 239 284 247 43 43 5 90 106 204 32 297 3 75 296 95 183 126 147 200 92 212 17 17 205 97 210 189 201 132 164 158 49 242 83 4 285 78 247 291 268 165 128 291 29 62 280 189 245 222 175 80 242 292 42 221 298 25 159 246 181 2 176 280 251 230 90 12 294 93 61 63 198 81 5 238 45 236 67 193 297 82 201 246 84 197 2 184 268 31 246 196 187 195 
242 4 172 181 263 183 222 26 99 120 197 179 11 222 55 10 271 83 136 207 87 243 29 108 175 276 234 147 166 279 134 155 118 46 144 285 295 32 114 272 57 20 204 227 23 230 186 194 157 222 2 9 24 159 218 172 17 215 257 217 83 231 131 290 213 213 274 242 211 112 234 24 119 245 236 78 219 223 91 290 10 192 239 74 100 14 111 29 234 178 104 198 289 264 206 133 181 131 214 94 
65 115 273 36 113 229 113 23 145 25 77 66 288 95 297 40 107 31 27 11 211 225 152 253 112 289 114 15 59 110 117 135 247 265 212 258 287 260 262 2 139 4 45 212 73 152 7 50 197 39 42 51 256 204 48 195 276 56 200 224 168 183 183 265 111 90 290 266 234 280 287 164 247 24 251 150 159 139 199 128 226 234 126 104 185 214 49 179 105 115 31 281 211 33 115 194 111 58 68 163 
32 15 33 72 107 288 10 264 156 15 50 111 178 116 232 190 235 145 254 105 291 23 36 233 203 34 22 184 198 268 34 117 7 279 116 30 293 74 59 264 22 198 39 110 274 57 210 122 188 203 64 285 154 71 30 152 282 276 60 102 123 125 63 156 165 6 27 291 276 20 193 256 167 154 122 186 28 129 100 75 278 113 127 244 219 89 254 242 227 68 284 229 204 273 224 169 268 281 31 250 
160 43 32 108 14 136 265 5 25 7 298 221 119 122 294 149 100 39 172 104 170 210 130 124 24 88 40 107 250 243 236 15 81 222 154 78 267 252 1 85 214 172 123 89 77 132 58 280 155 90 107 194 158 118 271 155 195 117 128 14 237 22 253 270 275 147 57 28 250 262 145 250 273 40 219 6 63 293 118 130 198 178 4 266 21 128 23 39 133 214 27 298 132 228 2 148 42 4 33 5 
267 13 111 202 52 63 155 160 40 179 283 298 283 47 66 238 238 63 237 134 282 229 166 28 286 226 80 188 282 255 131 26 102 139 127 127 193 229 155 68 218 48 0 200 56 136 254 185 170 69 14 246 122 287 100 0 205 204 287 279 195 158 291 61 191 90 158 117 78 197 170 237 24 113 226 197 235 163 51 179 59 172 153 291 162 116 206 172 4 166 198 283 77 213 140 216 286 143 244 142 
46 296 5 243 234 237 289 256 231 142 102 289 162 256 99 296 80 112 288 230 83 203 298 178 161 22 235 155 219 254 132 288 141 90 23 150 272 142 192 293 60 226 2 6 255 91 204 33 149 274 69 221 158 61 43 284 205 123 83 1 39 70 111 14 139 15 181 155 10 30 112 36 30 7 44 155 127 200 159 218 278 71 133 190 93 238 96 268 206 158 189 242 76 257 176 161 243 207 123 13 
40 194 68 22 220 208 140 286 284 254 128 248 105 211 222 203 36 219 229 238 125 37 144 94 143 65 128 112 63 173 284 77 231 210 185 134 8 95 93 113 47 286 285 162 204 270 197 162 216 40 223 18 20 272 197 66 105 35 279 195 3 227 24 25 37 178 62 1 70 130 200 108 153 76 43 112 277 124 117 127 243 192 262 240 149 285 23 129 204 223 212 86 197 147 28 163 195 245 72 194 
76 150 212 41 121 160 125 159 130 124 92 153 246 153 73 217 171 259 52 183 234 8 283 202 118 150 68 231 22 185 294 129 3 127 238 174 218 57 288 146 130 188 58 88 66 221 157 205 105 185 69 289 38 88 25 74 198 124 243 88 152 20 285 70 187 169 114 135 194 209 139 125 76 270 8 76 261 77 121 270 277 56 124 133 72 113 178 111 273 256 110 162 34 259 5 258 69 55 127 106 
216 10 216 124 6 163 262 258 41 293 182 294 238 136 185 138 79 288 153 163 144 175 181 5 1 133 89 8 251 99 293 173 232 241 71 256 151 27 159 168 260 57 127 132 76 225 43 145 213 169 39 196 105 178 191 65 0 192 214 220 34 51 17 7 105 270 262 104 107 293 200 201 56 280 189 121 75 190 119 228 281 68 96 54 90 95 68 187 126 238 131 299 155 100 163 149 81 248 286 169 
238 263 272 114 252 192 36 40 87 105 17 222 267 180 223 155 61 194 165 7 93 29 229 100 180 201 82 98 223 117 213 26 176 39 156 225 116 239 79 81 160 12 172 124 111 122 232 65 16 117 290 191 128 103 207 219 175 284 287 278 75 203 159 195 213 162 55 81 99 58 71 248 278 256 136 157 161 199 204 263 78 238 74 165 239 25 238 165 139 111 77 113 162 51 208 244 278 244 66 291 
39 272 3 222 90 252 226 9 121 297 63 102 210 103 242 220 254 210 134 293 36 184 77 252 226 29 55 250 261 128 273 190 15 55 244 162 38 18 10 224 240 160 40 149 138 58 73 73 13 60 246 199 93 169 271 274 24 20 264 168 291 68 283 242 63 69 297 40 39 276 283 115 80 18 172 48 285 288 240 267 172 261 170 27 40 74 30 151 196 134 248 230 189 14 265 239 95 264 179 37 
2 252 30 149 226 185 38 156 43 48 270 142 103 90 276 34 140 277 118 152 167 225 287 85 213 123 142 202 144 238 10 280 137 204 227 258 7 98 223 39 132 164 116 166 130 207 201 219 49 89 224 172 271 74 136 120 17 87 195 214 252 211 53 109 22 297 105 71 233 277 22 212 76 94 222 136 221 228 32 191 95 157 92 267 230 13 228 71 223 102 295 152 216 29 144 41 95 298 56 139 
202 198 200 96 127 103 119 143 97 116 255 173 135 202 257 190 278 26 198 183 85 131 139 118 212 114 60 35 66 45 93 14 189 189 233 61 105 291 132 71 156 197 70 133 259 80 112 56 269 116 291 115 86 248 79 214 169 216 185 299 274 244 188 173 17 297 68 54 95 62 244 169 20 173 146 83 88 246 73 237 134 145 226 35 45 19 58 168 257 101 242 118 191 104 136 255 232 224 30 231 
47 87 60 244 151 273 95 80 10 298 215 38 157 19 196 224 280 21 144 234 238 22 32 87 152 141 158 60 189 56 178 165 178 112 275 100 167 76 204 291 214 266 2 122 101 171 101 241 238 298 162 298 115 18 127 246 63 135 161 216 128 134 117 167 137 15 210 2 62 16 198 96 250 251 223 17 248 17 148 154 135 265 128 172 243 151 138 215 23 205 246 148 69 285 126 197 202 45 209 209 
186 79 176 256 72 257 58 175 261 28 49 47 151 240 114 194 296 131 121 123 136 9 240 39 16 223 222 28 291 54 207 9 66 71 15 102 126 192 174 281 184 262 98 145 266 209 14 34 25 291 237 181 266 5 56 138 257 114 197 7 78 165 129 51 46 182 226 18 266 100 68 42 277 193 184 87 56 229 287 23 298 151 286 6 146 54 234 184 192 11 150 226 77 204 90 78 86 93 34 297 
239 160 123 199 253 218 250 22 2 28 107 218 166 83 279 265 274 56 169 145 105 54 121 126 163 197 31 130 61 35 35 6 56 21 180 151 66 153 134 276 42 233 178 206 31 43 265 198 79 210 50 121 264 267 160 22 12 77 247 107 297 262 232 29 267 39 39 126 93 134 256 23 53 82 157 199 208 278 68 261 126 90 120 169 117 298 184 42 0 212 163 138 66 8 133 27 115 202 223 280 
122 16 9 279 12 173 164 173 194 253 50 287 205 70 80 244 161 278 124 126 31 206 254 278 190 234 292 2 212 170 44 98 62 208 157 138 21 15 102 169 203 284 286 219 113 159 257 26 110 292 50 191 81 234 125 212 142 216 66 5 166 270 207 191 63 7 39 10 122 84 204 114 96 11 186 45 143 173 68 160 226 280 2 100 118 105 200 286 74 54 190 97 121 203 176 267 31 158 68 143 
249 256 226 205 153 90 3 166 86 295 117 249 219 298 233 226 114 268 30 274 122 195 134 252 49 106 166 263 84 232 267 35 276 282 278 60 67 132 296 125 229 247 203 193 251 26 267 288 73 173 124 80 107 113 46 117 159 180 122 274 124 116 29 92 202 80 231 33 180 166 134 14 266 183 114 53 97 227 235 282 127 104 145 298 91 62 247 256 89 4 44 24 34 249 89 201 262 272 211 132 
86 144 92 133 84 164 296 252 280 186 210 16 180 155 250 90 96 155 233 10 276 121 55 202 145 28 292 227 58 215 103 31 123 134 183 295 203 154 182 38 110 108 203 11 129 116 50 140 248 252 39 30 124 10 35 86 175 165 218 9 121 136 282 196 181 128 98 123 275 185 3 60 242 146 71 230 240 284 182 130 265 204 174 112 270 160 125 223 287 28 94 3 115 169 145 91 266 1 166 254 
188 260 272 88 212 15 5 149 11 259 110 70 242 49 21 97 180 255 221 46 125 205 49 206 172 280 83 238 264 115 259 235 190 17 268 193 44 210 274 257 4 9 281 32 258 5 105 72 256 87 42 257 285 199 54 260 252 207 41 123 14 220 120 122 165 166 85 68 238 114 21 117 149 74 271 246 39 285 57 33 29 115 197 147 11 39 90 155 19 188 58 125 200 117 34 219 97 152 148 239 
214 264 296 73 173 93 82 274 164 17 50 157 166 173 189 41 263 5 76 291 234 68 95 21 222 129 60 43 98 223 36 93 4 248 120 282 135 47 135 271 257 148 196 131 129 23 43 285 50 29 173 75 187 126 4 210 64 166 199 285 216 230 53 242 129 110 191 43 129 285 245 22 226 148 14 219 49 70 207 161 162 131 180 199 239 248 292 160 226 86 90 250 164 163 193 231 15 77 81 132 
46 88 182 137 127 103 232 198 254 22 188 173 272 214 275 295 279 16 227 127 88 207 214 184 284 212 173 227 247 235 201 73 42 147 74 123 0 190 252 22 204 118 14 55 269 272 271 176 197 23 35 200 146 195 158 285 122 38 72 231 154 250 72 267 73 85 242 281 34 237 215 294 59 108 111 238 91 83 158 297 83 193 226 94 48 270 188 289 220 37 252 33 14 43 286 93 195 29 94 41 
263 256 4 155 11 270 84 243 224 280 0 94 55 122 208 286 54 210 69 14 52 113 273 23 257 290 242 176 60 176 197 26 108 114 241 227 52 93 8 191 138 178 100 180 103 141 74 46 41 137 179 254 293 265 80 285 257 118 16 215 88 162 44 256 37 1 290 13 138 197 36 295 83 151 103 78 110 119 147 76 3 237 138 248 14 70 81 161 208 177 90 158 132 87 246 244 135 55 124 57 
258 274 191 231 194 289 97 92 195 129 100 36 114 72 201 17 189 236 167 125 285 233 117 297 6 226 12 233 100 137 119 116 266 219 43 65 86 38 137 134 8 77 205 180 296 31 33 20 21 79 95 208 144 7 64 1 63 189 37 191 14 59 194 125 215 298 24 299 57 291 191 297 264 75 149 162 159 85 110 65 246 211 4 275 24 139 64 85 116 154 174 151 8 88 142 64 26 9 23 24 
154 235 168 252 279 5 17 94 290 296 275 73 132 288 199 49 247 157 32 141 47 138 235 72 61 78 198 258 181 257 120 61 41 273 80 180 165 17 180 246 224 142 216 238 247 129 168 246 52 140 282 174 102 293 19 142 235 199 267 174 134 117 150 257 294 228 218 72 202 265 3 56 151 256 94 270 59 263 26 146 55 122 6 231 228 74 186 178 109 112 232 196 131 99 74 292 109 110 175 236 
102 271 38 87 38 22 213 289 64 182 13 226 229 221 41 172 132 207 186 154 107 29 82 181 222 217 43 102 262 149 190 84 210 63 263 164 69 248 12 226 162 222 194 153 120 46 223 38 128 186 24 45 241 113 113 232 186 121 266 288 178 25 104 81 232 107 49 38 112 58 276 57 150 146 253 192 297 221 135 75 123 244 299 116 99 18 260 33 39 97 175 13 231 244 37 162 45 265 86 57 
115 95 229 102 154 264 201 233 208 257 230 182 193 81 297 197 289 14 167 9 89 133 225 129 210 293 280 279 90 143 59 265 242 192 165 262 172 146 243 166 118 56 271 228 242 36 30 111 67 94 156 298 116 191 165 25 256 115 29 129 73 79 239 199 41 201 227 180 162 5 134 271 205 68 127 267 246 15 167 6 37 134 212 119 28 65 98 244 287 71 262 215 200 182 259 222 40 158 125 76 
118 189 191 58 267 98 274 258 173 96 136 299 187 234 74 161 269 57 184 195 209 9 188 157 241 163 174 163 152 255 44 187 130 214 90 197 14 106 295 178 63 60 252 229 286 241 44 2 211 165 13 276 72 165 230 152 166 8 29 76 135 267 79 288 256 167 26 124 72 167 82 209 84 191 123 165 84 161 270 189 62 62 223 189 214 126 281 139 178 231 60 111 34 127 63 171 187 205 88 197 
51 215 0 49 272 241 15 237 151 84 241 18 294 291 282 189 82 266 44 170 77 189 162 112 274 251 271 68 274 89 187 106 177 132 189 242 260 234 82 71 233 287 217 98 280 130 15 297 75 47 29 246 62 42 83 285 293 243 252 160 275 12 59 202 221 123 60 271 146 29 4 119 64 166 69 44 186 25 269 160 211 182 252 137 135 114 201 264 49 123 161 71 141 145 166 262 7 180 234 100 
131 155 186 63 190 36 238 89 118 97 218 254 217 39 2 234 259 5 45 113 81 270 95 135 224 287 190 261 107 111 138 173 80 280 119 281 109 3 107 71 210 30 55 152 9 137 47 134 198 282 174 218 108 214 226 202 76 45 239 267 273 179 41 79 119 4 157 108 132 53 269 244 128 284 34 116 279 50 222 179 48 82 65 269 68 101 229 259 45 160 178 141 77 137 219 212 14 167 173 145 
187 263 219 207 138 51 299 109 39 104 140 124 238 13 225 209 180 168 157 214 115 280 131 9 235 86 219 155 24 244 101 251 49 129 266 1 106 294 286 152 181 212 157 69 94 83 80 115 144 70 69 212 99 217 209 257 83 48 34 157 209 80 297 50 244 298 154 145 295 82 17 227 150 74 295 91 41 108 82 154 176 17 198 180 111 259 117 133 237 299 291 256 60 91 177 91 215 240 70 139 
169 283 243 281 0 241 125 145 139 135 141 26 176 3 251 255 96 257 214 244 262 169 99 27 71 93 207 152 251 41 74 128 287 237 170 218 4 155 189 0 113 186 122 55 192 142 41 287 167 104 221 294 72 40 265 127 165 174 54 107 158 178 168 163 247 88 195 75 187 270 100 298 17 115 115 30 120 236 191 202 166 128 145 215 196 182 146 123 162 93 268 124 221 111 125 12 72 279 237 211 
51 135 49 297 241 283 4 130 140 205 230 8 203 193 187 168 83 281 265 295 254 144 93 298 148 288 32 19 91 95 176 286 218 14 32 33 139 217 193 136 281 291 294 151 184 67 2 172 24 45 91 299 257 289 195 53 55 208 7 41 158 252 182 285 254 191 55 116 165 183 241 82 117 152 158 61 187 117 40 11 130 104 232 204 128 29 131 9 179 293 150 277 298 142 13 119 81 137 128 140 
270 183 104 70 110 206 275 245 47 221 202 162 227 272 267 257 249 267 284 279 70 217 298 207 199 221 17 200 161 178 135 272 206 222 259 60 266 151 68 288 272 185 286 31 258 183 289 83 205 245 91 206 126 5 63 188 17 85 271 161 248 124 37 193 288 208 38 142 279 172 170 117 66 158 144 253 110 223 57 16 212 169 19 58 97 205 264 19 105 297 239 269 37 272 102 130 34 253 68 134 
151 76 253 140 28 287 119 21 257 201 144 206 287 289 82 236 213 48 26 117 13 126 108 148 176 106 33 83 191 237 230 79 240 225 296 278 232 26 80 261 22 176 93 13 40 19 228 263 221 56 116 136 63 108 258 86 261 261 114 136 39 11 63 154 217 261 287 57 209 297 183 188 241 162 289 271 221 43 258 95 248 99 275 282 237 219 227 0 104 263 67 214 158 28 64 26 133 53 87 224 
260 293 175 51 234 93 224 198 109 187 164 148 272 138 18 67 117 202 272 265 33 254 285 24 193 180 20 123 258 185 232 160 183 10 64 257 1 254 65 22 11 273 293 99 88 17 2 149 118 103 248 122 88 31 275 247 186 59 144 106 11 197 229 235 43 44 147 174 263 185 16 177 241 31 54 287 104 35 87 102 88 140 129 101 197 242 79 242 282 197 36 26 256 113 263 288 236 199 176 66 
250 278 127 149 174 291 110 245 44 78 44 5 138 98 111 132 1 123 145 217 221 225 155 231 177 44 89 107 59 210 162 194 11 181 151 133 50 222 282 168 80 116 49 119 250 101 187 139 22 197 2 288 280 213 118 29 238 123 140 193 38 154 242 77 110 189 251 2 277 95 282 112 204 142 56 147 231 40 37 137 197 205 114 84 261 267 32 293 151 66 52 121 135 175 240 295 196 223 129 271 
