57 8 38 234 117 218 139 273 109 157 269 67 113 38 118 240 170 229 238 102 295 86 111 105 121 94 41 281 14 240 165 176 176 49 4 73 239 244 129 86 68 158 27 62 47 12 48 286 0 247 47 141 73 293 31 77 288 260 239 184 42 48 244 135 199 20 114 138 48 266 280 89 221 111 63 85 252 28 188 237 297 218 151 126 112 60 250 296 184 51 191 36 41 142 39 203 108 267 163 233 
62 95 239 150 154 281 277 199 259 286 206 252 209 93 143 8 87 122 143 65 245 119 240 162 18 262 52 159 153 0 4 88 111 1 3 85 252 169 188 96 212 202 243 167 184 283 271 63 149 9 56 273 271 80 119 220 293 168 127 263 80 136 117 197 41 66 271 83 168 145 176 64 211 180 79 230 102 39 142 100 40 99 73 215 66 25 120 229 270 7 49 220 271 295 165 215 115 232 116 115 
253 117 79 20 232 275 237 202 11 182 253 154 43 57 28 199 162 279 58 2 101 181 277 145 168 96 45 123 77 157 21 293 154 63 222 271 3 264 146 186 87 236 24 189 262 3 182 113 291 238 105 246 290 72 244 62 53 169 36 100 119 286 207 9 221 161 24 126 0 12 209 167 74 93 198 193 280 9 250 54 217 266 190 29 153 189 290 148 265 172 147 50 48 18 138 104 233 196 127 115 
247 232 35 103 117 285 279 123 199 98 45 65 104 166 269 283 191 24 162 282 15 270 73 174 94 71 281 290 137 88 127 169 289 95 276 68 22 143 292 258 199 152 226 235 149 208 285 1 218 56 81 292 213 299 3 298 293 251 117 61 79 125 85 141 144 124 23 246 230 105 153 207 46 233 23 26 210 166 239 202 131 50 42 187 162 230 248 248 35 47 61 187 2 35 145 117 21 58 177 263 
150 209 269 173 53 58 272 52 17 253 91 34 179 227 214 181 70 37 45 8 157 139 6 87 250 145 178 244 73 94 173 161 216 32 273 56 216 235 222 1 160 81 224 74 88 89 9 73 41 30 254 157 115 191 83 86 231 157 113 26 270 148 95 24 270 117 16 216 11 83 57 39 65 202 42 61 172 61 74 0 279 290 290 235 209 118 201 58 54 137 1 68 298 20 297 182 47 150 115 274 
3 252 172 176 291 35 246 59 221 190 69 216 189 201 62 78 260 294 139 253 89 290 19 233 192 265 5 141 214 113 70 213 30 100 32 271 257 37 188 265 81 206 59 252 201 183 201 51 98 5 150 267 277 259 166 177 67 125 187 157 41 195 8 177 54 180 280 25 153 36 215 298 275 291 116 80 152 192 128 145 209 32 166 107 290 222 267 288 25 58 156 256 27 188 182 7 45 28 97 149 
102 228 296 210 43 186 251 221 143 87 258 212 23 234 86 289 297 93 270 215 245 81 92 116 172 20 163 2 97 168 74 267 220 45 58 213 109 47 21 174 236 97 260 169 22 97 187 145 100 157 246 65 59 25 154 56 208 55 151 158 244 107 172 48 95 23 250 148 8 50 218 179 297 258 62 91 69 23 152 116 69 2 91 79 11 112 238 209 295 260 172 100 276 111 263 6 275 233 215 14 
298 158 277 125 288 102 247 50 107 234 206 221 2 184 127 152 165 49 18 149 133 72 236 142 264 26 90 267 180 120 50 244 47 56 106 11 207 237 91 142 298 40 212 224 33 31 195 12 65 95 3 235 82 99 247 203 224 89 6 167 122 28 111 93 105 213 290 45 244 2 128 132 21 2 179 233 93 206 130 147 235 95 184 60 234 185 166 288 292 187 2 53 185 205 45 81 109 119 17 84 
229 278 179 39 32 235 83 237 213 242 158 210 51 117 51 206 86 174 281 199 16 66 147 85 214 203 157 288 239 146 118 95 21 213 127 16 239 141 179 200 23 175 127 176 73 112 72 28 92 85 199 3 264 116 244 99 55 77 138 259 195 196 98 254 276 223 42 238 166 242 160 32 150 81 10 86 138 54 124 290 113 104 184 257 116 123 10 248 54 184 241 93 194 79 136 17 86 232 284 113 
153 279 161 155 190 132 39 206 36 233 255 41 70 85 66 147 136 217 233 155 217 252 9 158 94 200 217 221 239 95 274 109 253 148 123 200 167 143 65 66 37 62 220 268 117 21 286 292 136 222 208 60 26 145 107 247 245 247 100 41 123 174 156 255 104 93 129 48 109 95 269 158 295 173 16 175 212 175 187 265 144 244 3 248 151 231 27 215 105 228 154 238 126 131 293 110 191 117 136 17 
172 8 218 232 80 250 14 239 206 281 63 240 37 77 131 146 234 45 148 242 20 171 19 279 0 135 14 91 83 274 107 146 13 270 273 202 74 296 159 119 282 137 266 248 109 3 240 126 82 296 142 109 181 123 10 276 129 121 230 144 162 170 179 144 54 273 249 44 47 173 170 283 30 116 141 153 166 252 190 73 298 193 271 287 163 86 16 221 234 299 82 215 197 198 100 1 16 144 87 192 
146 87 172 179 229 194 288 8 34 81 11 117 88 181 220 208 156 214 0 151 93 207 265 204 201 237 185 252 20 149 287 180 271 239 133 132 231 115 66 132 251 293 278 165 255 179 268 37 167 112 99 281 92 94 100 209 73 257 295 277 284 154 68 231 266 45 192 113 48 59 188 37 108 118 1 202 299 170 280 29 216 43 156 135 209 276 299 192 24 40 65 169 162 232 111 170 163 72 130 3 
296 177 29 296 272 98 136 58 188 245 115 68 7 253 24 18 158 5 293 204 184 196 0 295 100 155 251 8 74 282 170 161 219 90 86 43 265 102 245 176 290 129 187 102 128 240 95 113 185 169 142 198 64 247 283 3 184 266 217 25 191 81 41 91 129 222 10 145 122 46 193 8 37 50 68 104 279 193 168 144 0 127 263 149 156 106 235 254 160 215 24 157 158 166 78 145 70 165 82 123 
95 138 158 87 26 208 124 245 212 184 284 220 282 209 64 29 36 4 220 114 178 84 17 173 299 121 26 148 187 151 270 99 216 101 24 20 119 203 172 53 291 5 54 287 203 277 5 38 96 263 173 170 49 258 159 0 90 14 168 239 218 179 297 284 201 49 79 264 213 206 159 157 169 68 135 176 206 99 176 5 208 117 107 243 285 261 75 94 288 232 197 70 73 18 284 191 282 44 222 281 
237 226 218 240 272 40 222 124 265 249 156 53 228 159 137 243 230 52 45 240 295 188 277 34 290 241 134 254 103 171 89 85 217 107 176 187 18 238 116 117 219 166 11 167 228 33 156 217 228 29 172 217 169 106 183 6 243 189 80 7 96 70 129 264 79 129 115 272 265 234 196 250 172 161 138 26 128 71 131 26 219 54 17 197 112 106 260 70 166 177 109 42 106 28 226 248 213 244 107 101 
59 220 143 296 97 247 252 138 297 256 299 76 79 32 67 185 42 152 95 55 233 120 102 182 259 259 39 19 145 171 185 174 294 176 285 273 92 176 125 203 253 226 43 18 248 167 131 276 61 200 117 36 211 233 227 275 96 25 137 133 30 68 137 249 80 129 249 247 262 0 227 54 198 3 216 113 299 35 208 262 287 157 229 65 267 241 11 233 178 43 127 56 56 61 174 152 240 32 12 258 
7 42 275 282 246 232 14 3 134 111 191 96 151 184 4 239 3 168 238 129 11 149 226 202 211 279 265 98 13 89 49 225 28 96 20 139 131 240 4 271 290 12 192 25 269 229 262 1 250 242 17 30 85 35 221 194 214 221 37 232 125 224 217 180 87 224 28 142 263 181 231 181 272 91 118 293 137 260 58 203 140 227 80 164 271 40 277 1 51 57 75 229 179 81 175 131 50 259 227 66 
276 253 10 174 146 165 30 104 135 61 257 77 269 90 82 155 124 198 130 69 173 61 187 89 63 156 260 267 179 237 70 215 181 50 166 37 14 193 15 23 123 7 230 100 201 168 104 156 114 287 191 293 97 6 168 108 45 132 12 151 172 261 265 289 138 110 98 298 7 170 218 9 81 291 258 259 296 169 50 247 24 244 213 74 269 72 210 279 145 246 246 195 288 177 211 149 223 298 143 70 
56 23 6 155 1 225 192 55 183 169 179 66 126 92 187 226 106 207 126 153 164 154 54 187 286 127 265 182 127 293 181 36 127 21 236 72 23 177 193 162 120 216 111 287 132 273 46 8 120 31 220 111 184 64 201 260 28 92 6 173 128 1 99 64 283 200 59 8 107 31 129 6 32 125 123 37 10 113 97 60 92 295 251 295 2 39 123 194 169 160 107 201 282 40 190 162 116 200 280 235 
294 126 175 119 244 149 15 145 108 230 289 263 64 292 172 275 203 97 232 207 101 283 96 70 27 151 289 219 190 97 231 54 34 156 11 11 278 212 174 261 22 222 210 144 182 118 58 51 181 136 46 5 12 84 224 248 16 298 173 2 297 102 63 28 236 63 130 208 224 238 117 103 232 77 219 175 252 101 42 81 82 213 296 263 258 60 35 68 121 193 21 88 29 33 257 213 253 248 160 78 
268 123 15 215 99 105 288 273 20 77 216 19 32 104 244 173 191 107 31 17 62 3 158 100 210 140 148 62 20 94 172 299 264 267 165 168 233 264 194 233 188 181 223 85 145 68 267 104 299 25 233 115 240 150 247 170 196 212 261 154 152 207 111 29 299 237 251 294 128 236 21 127 266 155 172 85 243 87 12 235 299 50 123 11 205 240 193 78 43 8 179 233 187 77 297 103 220 38 284 253 
90 19 92 208 25 241 90 193 204 63 35 259 209 90 109 44 123 66 208 181 208 122 211 299 40 281 253 270 181 178 33 138 45 2 140 103 169 152 129 45 283 181 234 210 110 120 287 18 208 175 143 46 141 120 121 185 7 51 179 21 297 237 153 296 63 156 205 220 166 103 267 267 52 85 210 238 155 253 140 266 294 101 159 89 64 267 164 251 135 71 52 92 116 26 129 75 270 243 266 111 
252 284 70 149 267 299 110 167 186 205 148 147 292 294 55 131 91 103 285 183 90 77 184 200 50 231 264 47 201 273 175 41 95 213 130 78 32 2 16 135 53 196 180 13 29 96 172 211 44 136 155 63 147 124 130 35 79 6 291 181 43 279 229 17 295 52 128 31 167 32 20 192 166 214 92 117 219 65 257 141 101 273 35 102 103 58 287 3 215 8 229 209 230 81 296 160 284 95 4 18 
72 71 223 130 139 150 203 66 153 46 135 214 80 96 8 72 132 273 158 88 203 197 223 117 249 51 251 100 58 38 53 173 31 260 133 287 79 33 250 268 7 270 266 1 128 123 283 206 259 285 252 17 117 69 241 163 64 212 211 47 218 287 164 228 80 159 261 81 30 95 64 255 173 91 121 250 57 71 291 199 192 232 21 94 66 223 210 26 59 78 0 157 154 44 212 142 132 111 296 171 
232 104 134 156 223 11 177 253 79 132 25 140 88 269 124 135 259 264 278 283 30 79 281 125 231 151 102 267 217 18 233 266 192 32 172 94 81 91 85 83 69 197 229 179 153 203 57 205 266 164 187 100 193 0 158 99 110 286 189 119 284 30 9 49 216 150 13 54 284 207 38 223 209 64 174 98 172 163 62 43 129 99 234 47 109 13 12 231 13 293 26 275 294 20 32 148 244 172 149 14 
218 23 99 234 71 263 89 69 186 65 152 265 82 13 274 184 56 105 27 21 102 194 284 38 25 112 21 103 178 176 297 116 20 190 177 87 61 31 25 94 178 77 14 236 231 189 253 130 95 258 298 118 200 8 97 276 171 217 264 235 187 215 133 196 275 46 119 234 88 172 227 203 115 86 209 263 111 13 39 169 135 266 126 42 94 122 14 82 207 133 130 239 239 273 288 17 49 213 178 135 
24 262 27 256 115 166 140 98 121 271 61 213 134 14 18 159 274 133 153 110 57 178 155 156 102 73 183 103 59 136 150 167 74 244 148 203 45 147 249 205 231 224 203 267 66 238 55 119 195 169 46 115 296 257 254 40 177 144 166 142 38 42 70 245 172 36 6 294 17 6 252 125 72 264 104 97 21 126 228 9 109 262 288 6 246 158 12 89 294 115 272 282 165 17 147 1 123 152 138 104 
30 79 107 81 208 290 265 2 37 57 266 234 0 183 196 89 178 261 125 11 251 116 129 0 3 163 132 108 296 181 276 38 98 53 211 2 171 136 41 135 269 93 273 273 88 238 178 267 48 93 192 60 10 183 254 200 98 102 182 53 121 146 71 195 80 34 170 199 221 272 45 118 53 148 60 250 121 33 165 169 56 171 257 102 169 258 291 280 77 276 296 132 168 277 200 167 188 48 264 292 
254 39 16 262 72 91 212 169 15 49 213 154 222 268 101 248 155 47 171 34 16 114 211 290 0 268 98 210 183 8 45 81 267 181 147 276 232 13 188 79 19 233 203 238 114 270 84 219 191 296 19 285 275 31 175 78 113 21 90 209 203 214 272 243 14 241 58 163 12 288 289 71 43 139 71 105 281 153 233 214 207 219 246 150 162 97 7 128 38 170 92 207 209 85 213 201 156 241 256 19 
212 242 86 185 236 53 176 228 121 215 121 245 94 1 25 240 265 98 67 284 37 123 143 176 105 59 277 187 118 63 242 4 48 261 128 234 275 101 7 146 83 102 159 1 172 29 151 195 92 143 57 135 237 190 39 85 216 30 48 82 22 232 239 139 249 175 3 181 70 241 104 23 96 219 168 16 1 297 209 115 63 60 118 280 130 282 69 197 44 107 45 41 190 72 296 139 93 40 274 62 
263 174 66 252 138 118 139 137 265 195 43 233 282 229 133 96 44 214 45 200 211 158 101 264 276 147 284 181 277 166 41 162 296 63 149 88 271 243 73 153 288 288 152 68 102 217 260 106 68 7 202 283 283 99 151 0 134 120 132 135 77 75 117 276 111 250 270 147 74 254 46 66 54 144 29 76 57 214 259 278 292 281 165 57 114 69 276 272 83 229 192 35 186 185 218 108 211 37 265 6 
134 198 5 191 16 67 53 70 165 222 103 188 105 195 118 30 3 258 59 48 38 176 175 277 10 194 203 47 204 37 229 272 165 213 71 16 124 60 265 225 124 6 72 29 263 111 68 107 166 244 293 277 153 238 149 215 211 123 37 184 57 262 83 77 54 181 43 14 159 237 92 277 152 141 249 200 151 59 147 283 134 92 46 150 175 159 171 267 124 11 292 163 276 28 170 117 41 47 222 32 
274 108 123 259 175 65 195 217 55 208 176 154 121 50 57 171 252 186 257 245 172 84 47 68 264 54 155 49 214 34 219 194 11 222 34 62 11 160 9 37 93 262 235 104 158 289 106 220 32 37 247 255 261 188 190 96 85 298 165 124 277 60 255 273 188 267 128 174 19 0 32 95 83 61 227 118 221 35 119 58 259 66 35 267 210 56 282 22 107 182 181 223 150 87 286 16 179 162 262 112 
243 211 79 271 207 249 113 271 106 194 121 224 113 262 12 244 219 40 259 267 131 71 75 85 201 4 179 251 34 169 19 287 111 106 139 94 280 105 208 104 222 31 83 199 171 121 20 243 7 280 296 94 151 261 278 114 46 183 206 283 92 14 172 235 30 80 276 131 149 14 257 148 59 194 183 9 275 270 27 219 276 132 142 147 32 187 175 274 21 184 117 127 97 162 184 224 94 155 57 298 
160 196 224 31 226 287 269 96 234 111 194 16 5 7 289 146 271 23 145 22 106 119 197 279 289 81 12 151 175 1 94 256 292 107 100 277 279 165 170 208 189 146 205 46 27 106 131 224 194 75 189 281 266 119 77 11 176 111 199 71 127 143 205 75 257 171 29 71 59 169 282 175 78 48 263 78 256 213 43 92 294 120 266 63 147 269 59 208 130 223 282 201 23 225 115 106 195 19 184 256 
84 196 244 203 175 225 137 11 185 64 103 270 100 206 25 81 11 277 251 65 23 62 153 55 83 211 123 42 250 116 261 8 260 159 73 76 250 225 279 274 162 83 264 27 235 284 42 170 4 199 238 23 291 77 263 239 143 152 203 157 230 67 175 28 269 161 52 124 273 59 35 117 112 249 185 106 154 8 144 298 84 247 144 33 270 250 85 125 256 286 67 234 208 5 7 15 217 157 146 289 
79 285 108 194 145 291 67 163 151 200 255 226 162 52 168 91 64 33 18 239 252 35 36 101 122 109 153 157 151 286 54 254 203 285 160 281 87 93 117 34 277 253 153 241 161 31 83 141 137 52 219 43 17 276 274 299 109 22 272 11 170 109 153 20 179 288 172 284 276 91 252 132 56 199 239 95 223 89 200 200 126 97 231 57 181 173 148 279 9 27 244 287 156 242 295 26 238 153 55 137 
138 277 27 80 204 2 144 1 103 215 240 135 25 233 227 59 26 41 235 205 255 273 210 32 108 217 67 292 180 246 106 204 75 90 139 147 9 265 13 261 73 220 230 186 68 60 299 263 15 218 150 218 149 116 230 247 270 22 170 119 233 233 280 39 245 96 92 180 87 162 25 250 253 203 139 174 149 78 266 237 91 158 254 37 93 112 159 66 270 128 207 213 193 152 194 28 147 141 297 3 
22 267 42 125 79 243 242 166 198 227 236 47 184 238 274 26 218 188 6 116 20 264 91 32 24 77 215 18 69 230 71 220 262 25 189 248 103 113 89 138 78 214 143 155 137 118 219 294 155 42 106 218 180 42 41 140 119 17 72 18 11 250 141 212 223 284 209 102 193 1 269 179 12 20 40 116 174 49 133 228 102 172 184 254 291 294 286 148 136 19 285 263 189 43 140 206 117 131 242 135 
66 183 280 120 94 158 246 179 271 265 271 160 190 151 224 38 243 140 25 12 0 133 161 17 271 271 75 107 257 20 282 124 252 54 226 41 283 113 95 190 184 20 257 167 79 83 129 210 77 219 268 264 104 145 100 272 169 284 59 161 153 73 46 4 232 232 286 230 67 140 83 256 185 23 297 203 197 43 131 0 214 89 160 185 202 144 28 149 147 212 47 130 251 155 77 8 139 83 213 256 
70 230 163 10 163 102 260 135 36 13 152 275 60 196 195 230 84 258 223 31 85 179 237 254 57 294 41 294 115 196 299 98 280 142 111 82 220 37 69 72 156 39 1 256 101 137 1 67 4 179 25 95 243 59 94 147 149 258 262 52 222 47 79 245 117 141 194 31 77 295 74 240 181 210 149 296 271 31 249 9 48 74 263 143 34 178 132 207 166 182 153 130 38 195 25 0 233 27 69 273 
134 98 75 170 67 178 53 76 124 116 284 247 235 112 156 277 148 218 67 137 147 243 286 6 221 158 155 75 249 172 251 225 244 184 277 174 239 3 132 104 259 182 58 117 16 66 181 225 63 177 290 258 98 249 156 154 114 234 122 162 279 211 113 226 269 182 224 145 47 44 92 214 291 43 130 199 77 74 38 241 165 144 234 197 122 212 216 237 205 212 125 298 240 26 50 80 195 204 135 114 
48 103 65 172 286 224 32 286 29 248 54 211 64 90 171 62 55 184 209 188 133 64 65 30 149 259 283 120 17 149 35 197 259 278 172 173 223 280 273 281 224 238 42 179 115 9 12 238 201 149 4 262 56 218 21 150 52 95 256 5 14 171 159 51 166 274 261 234 134 14 33 65 174 126 209 19 85 279 113 155 92 130 289 43 209 221 211 131 195 218 136 87 16 208 180 179 219 298 99 174 
295 13 135 65 91 134 220 1 232 33 103 123 96 152 115 11 212 107 59 20 225 83 215 19 202 221 281 161 200 28 15 233 134 191 8 17 55 84 259 20 155 291 14 262 245 211 118 207 134 294 198 277 285 184 11 7 28 286 83 290 159 242 92 19 127 274 219 273 275 236 72 201 106 225 157 135 235 139 131 134 257 255 204 207 253 15 61 162 106 170 182 69 175 194 239 297 67 146 49 126 
61 88 162 63 185 91 49 18 231 203 274 57 182 150 288 260 36 41 132 13 92 291 281 14 60 266 256 230 260 177 246 247 54 6 19 254 108 136 278 299 195 209 122 166 25 90 207 131 10 30 42 290 294 87 24 18 162 50 298 206 263 222 269 288 163 128 296 150 271 125 142 279 289 163 180 215 51 209 120 193 283 185 171 216 200 83 197 151 289 272 46 10 149 88 50 110 26 56 296 188 
290 74 180 65 171 278 271 88 138 57 32 296 191 84 220 75 182 223 89 232 253 194 271 21 204 272 131 120 217 103 88 199 25 223 238 81 203 234 112 291 248 175 119 3 274 133 285 148 92 171 203 186 294 282 165 180 266 22 21 102 70 144 123 12 57 260 201 128 175 215 211 198 227 19 196 287 68 181 13 274 203 210 241 287 288 138 218 121 153 174 211 253 59 165 282 145 144 164 96 281 
77 240 163 9 101 100 223 266 245 280 280 222 129 114 119 18 7 199 4 242 135 179 226 280 251 148 201 284 195 32 124 32 200 234 125 82 12 52 197 238 37 182 84 190 140 69 226 175 223 108 287 34 27 83 205 3 146 50 239 41 171 280 192 49 63 190 240 175 186 289 258 79 113 143 15 36 50 188 154 99 9 111 196 118 228 208 154 51 79 127 48 18 42 212 217 77 24 69 12 271 
230 184 185 172 39 22 149 48 193 167 74 73 267 54 74 73 20 39 157 166 148 143 170 285 202 284 286 40 266 274 203 215 64 261 299 17 112 116 59 72 147 253 195 262 67 222 131 143 234 8 239 3 220 162 202 238 154 139 264 40 241 72 59 214 96 96 259 222 265 25 204 186 10 252 200 204 75 203 192 65 50 34 64 59 155 15 35 31 217 207 255 159 169 202 124 36 78 184 102 76 
160 85 38 25 161 218 246 289 161 21 47 5 160 59 203 144 185 107 114 186 97 34 234 220 98 273 31 46 114 278 268 41 259 100 266 26 228 228 100 212 155 68 4 90 244 41 37 13 139 214 278 114 245 293 90 159 176 165 0 30 88 247 208 232 57 145 290 212 150 10 31 150 291 243 99 41 294 261 18 298 107 112 253 192 61 203 46 93 120 58 278 278 168 113 79 66 214 65 166 207 
125 211 55 22 164 11 54 276 219 51 4 176 118 13 259 219 197 274 35 113 208 104 202 38 70 84 276 113 221 44 74 260 156 69 223 160 138 76 156 238 277 30 166 270 96 100 138 195 117 200 64 192 153 58 267 149 95 158 140 16 204 130 84 217 204 270 295 109 8 10 7 35 5 172 10 49 134 27 123 212 169 231 82 276 232 45 290 83 253 49 246 64 86 247 27 252 171 23 41 288 
68 25 140 100 96 167 253 19 218 16 4 291 17 33 276 127 123 25 114 4 77 95 115 192 55 250 153 165 14 288 134 165 245 264 174 28 216 260 282 242 206 60 197 147 73 58 175 285 236 162 172 141 12 214 174 12 235 269 6 51 1 81 225 16 132 176 289 11 291 183 297 18 284 286 206 257 66 152 283 64 177 224 187 145 185 114 56 148 210 266 88 70 220 33 36 66 183 81 219 102 
51 56 168 25 6 196 26 191 6 205 7 94 188 114 241 168 107 261 137 1 237 274 52 38 172 102 131 146 123 135 158 212 250 114 205 21 291 256 9 283 219 267 168 146 76 106 3 87 136 265 228 186 30 64 185 272 7 58 115 104 76 262 154 85 122 151 60 77 291 239 100 29 111 36 121 241 77 210 103 140 215 196 190 260 74 242 88 279 191 62 132 161 294 290 216 22 49 141 226 38 
253 285 135 215 276 65 199 6 295 71 229 62 299 140 14 25 285 86 160 27 106 294 33 88 66 182 108 222 162 217 71 131 295 206 101 127 252 93 142 149 101 272 220 14 30 138 41 163 148 174 87 217 118 121 47 262 210 175 85 9 141 163 34 124 32 250 151 244 261 182 229 155 197 267 13 254 27 249 278 102 173 288 145 208 70 161 273 9 244 205 227 39 250 14 263 33 244 200 288 7 
274 110 80 54 250 78 200 65 294 23 114 8 210 280 271 120 225 120 84 299 218 180 4 229 1 128 180 219 243 277 177 283 110 210 224 157 261 262 92 228 219 90 105 67 2 276 21 1 261 259 263 112 82 75 41 286 186 47 246 185 42 5 137 136 271 166 229 213 192 51 65 18 102 271 118 71 60 262 14 32 205 54 131 38 251 208 193 51 149 236 268 148 215 244 81 223 176 186 270 156 
12 41 280 235 296 106 125 58 262 172 287 116 165 172 52 251 205 225 230 122 282 75 152 67 7 258 277 131 225 226 164 261 281 268 93 11 31 287 176 46 283 100 71 154 233 131 261 298 123 47 88 129 226 136 250 82 194 278 284 140 298 165 34 16 296 235 279 139 24 26 256 162 131 183 223 273 281 201 102 140 219 30 156 228 203 138 255 9 249 210 251 226 95 68 245 222 51 251 75 206 
239 54 296 211 146 24 19 297 165 143 61 80 68 201 46 202 286 258 31 213 110 24 285 62 296 19 201 86 108 160 273 124 257 292 230 12 100 33 194 210 258 65 27 234 14 222 297 63 164 93 185 229 119 197 19 243 230 190 49 264 157 10 220 74 172 244 234 193 165 16 176 293 246 67 203 230 133 91 238 119 271 20 298 45 210 140 40 229 107 37 206 25 224 285 192 123 162 102 261 62 
245 258 282 85 130 64 127 177 165 177 152 239 129 278 121 90 189 3 93 213 288 71 167 112 267 104 86 7 222 10 67 104 276 75 52 23 262 62 111 254 19 288 216 54 237 154 219 138 191 204 181 206 218 89 133 249 240 293 290 19 59 199 83 82 158 119 185 101 79 83 244 194 29 28 197 120 178 155 291 108 16 32 133 189 251 275 11 69 234 174 115 214 199 186 149 36 28 113 170 149 
159 104 22 99 4 144 152 225 286 142 114 297 231 43 297 232 265 165 182 119 101 148 198 276 181 12 279 255 216 151 219 251 72 121 80 159 113 117 97 250 276 295 140 247 170 1 216 105 146 283 37 23 229 178 98 185 129 62 191 102 23 63 135 21 161 285 27 102 90 0 35 70 244 282 256 45 96 202 255 35 136 204 273 281 234 202 168 246 15 283 213 254 78 214 78 69 125 198 78 66 
5 211 230 158 270 23 263 124 73 13 69 247 254 126 26 210 36 290 79 294 191 106 14 229 112 272 169 234 74 282 294 209 24 174 36 245 50 57 296 291 197 139 107 292 204 127 7 233 283 187 132 94 161 278 169 29 52 244 148 81 71 14 238 159 281 51 126 223 192 277 104 2 297 220 205 250 1 280 201 55 291 237 15 101 177 136 227 161 228 72 82 137 124 254 83 90 39 204 7 48 
224 131 70 189 299 100 90 62 151 172 67 254 76 88 275 235 271 4 112 250 31 266 192 258 61 285 173 292 229 234 233 205 122 151 191 29 28 291 282 99 269 13 138 160 83 260 249 44 63 158 287 59 288 43 261 160 186 177 163 128 249 245 120 137 243 57 266 213 212 76 22 89 119 29 189 141 158 4 296 137 182 225 25 36 157 187 158 156 159 248 45 43 126 41 77 185 25 52 172 73 
208 76 78 192 117 170 265 47 278 181 137 149 10 223 37 34 161 118 147 117 184 143 257 292 288 134 132 15 25 130 121 254 70 80 5 197 160 102 89 172 56 220 79 80 144 186 8 55 256 127 111 280 149 154 204 139 227 67 272 57 48 1 72 147 188 213 220 119 194 113 90 88 198 146 23 91 129 35 298 14 130 275 262 140 158 129 137 228 135 258 78 135 112 66 254 184 216 170 158 66 
44 145 172 77 82 98 225 201 159 214 142 96 103 295 65 253 232 235 78 252 4 125 181 299 155 8 138 282 8 186 252 211 158 224 274 169 179 279 232 126 212 15 12 207 296 216 280 107 169 294 59 274 158 221 178 299 260 65 269 196 183 292 186 53 193 32 85 204 296 60 16 179 247 153 293 226 259 45 86 47 55 144 149 143 218 141 184 274 194 95 298 94 57 29 135 288 291 235 160 64 
71 218 139 231 3 29 205 77 109 153 124 16 256 246 28 213 38 111 72 129 107 76 118 93 81 205 3 137 242 118 232 47 43 69 286 82 174 99 11 97 131 51 190 118 254 248 79 54 39 297 42 227 62 138 297 215 5 264 80 151 20 88 273 192 48 293 136 61 263 267 148 201 271 84 134 250 111 213 299 178 74 132 281 96 243 297 6 67 276 153 215 142 147 139 30 120 186 109 86 258 
126 129 228 213 278 36 71 139 109 63 283 143 25 288 270 121 42 291 62 194 242 190 47 219 226 117 23 26 125 74 131 192 67 64 34 206 165 291 99 137 143 36 44 19 246 5 76 284 239 10 252 290 47 129 273 213 77 219 113 286 233 281 17 108 238 106 26 227 111 73 47 196 257 25 25 54 152 226 28 132 262 132 73 294 72 27 180 224 36 33 236 52 174 124 217 48 175 73 169 136 
259 105 194 225 42 10 51 238 22 233 209 34 287 83 160 54 291 212 46 77 286 231 267 157 81 267 126 47 162 106 271 206 187 116 181 31 276 86 118 9 6 108 296 224 38 47 190 131 181 112 139 54 29 169 23 276 48 80 0 69 100 65 79 220 170 106 139 47 150 207 229 250 283 72 20 29 192 162 283 132 219 26 21 274 112 26 159 197 204 101 249 75 35 225 114 238 216 7 257 100 
137 111 192 254 97 113 138 273 235 215 294 38 11 159 137 110 168 235 208 53 14 204 174 116 232 24 3 132 65 159 110 14 91 23 29 92 60 191 30 141 8 13 223 279 30 183 297 0 43 280 174 87 268 67 202 241 272 76 51 23 157 69 203 73 153 187 229 112 148 101 99 12 100 121 243 161 181 42 65 143 198 265 68 287 128 203 115 260 249 254 133 170 296 147 196 190 107 267 259 10 
137 144 42 58 277 87 2 204 3 212 97 163 13 246 279 154 216 263 53 11 177 150 66 250 86 7 104 40 225 246 25 59 299 88 210 216 61 11 219 234 63 77 136 253 81 202 98 199 290 201 213 294 78 275 42 78 63 166 68 291 124 130 207 274 10 137 112 49 86 80 55 261 267 220 186 192 212 162 25 78 41 7 83 35 166 127 192 86 195 144 255 40 2 241 294 88 275 167 47 181 
170 272 14 104 114 298 8 260 164 78 38 160 189 274 10 124 64 24 289 14 183 264 86 246 113 256 246 135 96 189 276 33 44 77 171 92 104 35 86 162 275 86 283 24 121 66 195 244 144 35 112 151 193 20 72 229 119 239 166 5 146 285 11 220 256 112 242 36 168 27 127 265 39 274 248 126 91 247 265 76 298 220 214 92 291 6 86 138 202 137 263 26 94 205 223 250 70 209 184 188 
108 201 264 265 158 53 166 202 218 288 205 291 61 87 90 213 39 123 288 280 157 56 288 172 6 138 277 159 166 55 29 12 151 63 220 87 122 153 73 101 218 195 55 57 223 199 241 171 3 38 129 195 131 50 98 97 284 272 124 116 104 124 116 53 162 247 240 114 98 120 80 178 43 242 46 38 219 242 43 61 109 293 250 48 150 128 224 97 294 70 209 80 164 142 222 230 199 94 63 126 
6 27 103 206 74 242 2 159 2 82 11 295 87 295 50 298 125 86 239 182 134 62 199 240 38 22 102 112 259 280 250 132 214 226 40 163 257 143 268 271 270 112 70 62 296 255 254 37 280 39 255 138 67 146 119 111 166 296 149 74 166 252 285 66 38 160 285 212 41 96 16 155 208 171 15 93 295 222 209 45 291 289 159 64 157 59 252 105 140 83 163 72 281 128 279 231 278 290 14 254 
271 91 205 253 48 25 87 100 74 80 84 171 214 90 243 37 132 109 271 194 69 25 87 38 26 226 197 212 14 33 8 7 225 18 188 203 171 220 261 207 292 284 210 218 89 83 45 12 120 71 40 115 71 44 269 221 290 103 262 235 42 255 154 130 212 70 40 237 107 126 58 215 237 92 104 123 37 232 170 221 213 91 78 227 20 153 99 108 98 283 223 247 10 208 281 263 245 247 262 213 
234 165 205 267 197 230 278 212 92 181 37 108 3 51 266 190 234 16 6 35 169 130 251 124 178 38 61 255 95 112 142 153 146 209 267 156 261 295 263 279 111 165 268 130 82 136 35 289 283 53 229 247 122 275 43 271 191 236 101 201 69 7 195 73 189 124 88 16 179 155 152 276 58 6 91 254 106 202 182 203 17 268 246 34 211 288 250 23 207 181 254 241 209 270 26 51 186 188 215 262 
36 114 24 150 222 142 79 125 131 173 222 140 106 84 173 3 119 171 217 104 168 242 175 191 218 42 262 193 12 103 169 215 84 244 220 241 97 134 212 233 178 244 96 4 97 78 39 63 230 201 244 7 64 71 265 184 268 207 223 298 293 255 281 49 240 288 3 53 269 162 205 13 133 148 168 92 54 150 275 8 59 190 290 215 37 7 264 123 195 177 255 95 0 153 88 75 150 59 58 218 
133 125 55 246 217 217 161 232 93 16 191 41 56 249 236 104 5 180 83 65 99 207 156 43 121 156 33 21 164 173 265 29 268 177 25 154 179 291 252 110 274 11 164 111 100 232 221 219 242 164 242 69 84 119 150 190 60 278 269 124 60 182 123 274 204 256 224 8 138 142 180 108 245 29 52 45 104 125 142 159 199 128 70 279 14 139 286 185 37 85 220 131 184 141 156 167 52 255 167 56 
109 114 138 69 130 8 251 111 146 285 155 120 280 124 103 147 289 60 272 66 52 230 53 38 214 176 18 54 72 18 143 222 74 154 209 65 241 181 197 61 135 72 35 295 69 224 148 206 141 150 267 239 225 253 40 281 260 149 110 274 72 212 216 11 112 211 70 165 70 296 233 88 283 181 50 202 130 220 90 131 130 8 228 0 88 14 230 45 297 225 35 292 144 55 185 171 239 41 52 228 
157 257 43 31 31 150 129 124 15 155 284 243 57 108 98 140 290 157 243 58 33 104 75 71 160 117 130 128 230 164 245 179 291 151 152 74 185 277 188 266 120 94 263 140 244 156 178 247 261 281 143 258 176 58 146 199 44 91 236 188 31 8 230 32 146 87 260 146 18 3 198 70 293 257 263 68 189 229 195 69 115 239 96 263 130 194 181 196 32 221 27 166 53 268 209 169 176 262 238 218 
239 104 92 199 230 148 131 15 182 143 98 251 14 135 213 168 135 158 208 207 112 171 71 291 168 210 14 298 215 221 35 278 115 292 225 113 8 55 119 79 249 81 258 28 136 161 212 181 259 260 10 139 189 224 71 1 21 268 92 217 85 135 70 19 49 182 42 33 121 25 121 174 281 297 245 200 107 229 218 255 274 253 28 128 177 86 243 146 214 114 224 160 120 259 104 184 179 128 147 10 
178 19 102 255 65 113 240 64 237 202 226 85 80 256 61 7 278 79 240 158 156 158 274 151 70 64 40 157 72 248 231 188 72 289 41 91 159 190 293 70 217 33 144 80 278 227 62 163 142 180 158 140 51 179 133 208 34 147 255 171 228 103 246 40 141 71 84 93 250 124 72 109 186 91 286 90 202 24 146 120 35 85 32 212 68 188 49 281 260 88 97 132 279 153 270 165 179 189 19 185 
222 15 36 254 202 133 137 217 82 244 50 191 135 177 138 102 77 238 27 177 12 87 257 63 256 161 296 27 153 218 11 171 195 98 238 47 236 270 192 169 216 119 234 151 8 126 94 155 12 217 31 137 202 64 99 25 158 96 51 15 286 288 96 296 253 147 50 223 176 233 117 64 202 285 81 140 197 122 190 186 107 81 12 56 226 258 197 264 78 63 213 116 148 13 153 219 212 136 139 179 
222 169 24 204 266 82 135 91 98 38 290 95 196 125 115 30 228 98 229 167 145 0 86 274 258 230 166 245 56 178 125 137 162 151 294 265 138 281 30 95 18 106 267 58 142 279 7 247 200 28 279 134 55 120 299 265 16 295 129 285 197 221 257 252 97 299 251 101 177 100 51 76 251 237 233 160 208 209 81 224 118 116 276 174 232 198 104 26 238 47 39 35 84 116 103 137 41 57 58 78 
175 281 217 50 240 105 143 269 160 184 185 4 106 14 87 78 69 256 8 252 292 151 207 163 27 85 226 34 227 20 120 43 91 12 230 30 206 260 221 91 25 280 58 227 137 225 189 79 188 244 179 272 90 188 75 222 72 18 211 246 136 206 16 217 247 147 150 255 255 211 4 184 231 136 232 30 233 211 262 287 115 251 175 105 196 124 35 135 129 244 298 105 198 213 31 235 134 145 66 226 
208 222 100 247 202 34 192 72 199 214 61 260 236 105 41 231 190 179 216 210 8 95 222 72 258 166 293 241 272 297 54 105 169 237 293 257 266 20 186 13 288 103 87 34 73 166 184 130 101 63 86 296 215 35 171 234 145 237 201 27 150 268 245 150 158 191 169 68 47 183 81 70 203 25 139 151 212 165 66 71 171 171 88 120 160 35 294 7 134 290 63 262 118 158 199 149 276 138 295 19 
34 243 170 222 259 122 66 41 7 108 39 289 126 46 7 258 114 136 263 236 252 4 60 157 261 39 230 212 73 52 41 283 49 124 269 213 294 48 51 35 41 297 48 144 108 57 166 158 80 282 105 192 241 48 216 73 299 214 144 149 15 26 84 154 181 89 153 112 87 217 219 182 98 273 93 125 43 224 134 117 0 185 41 43 124 142 126 44 81 197 269 132 84 240 111 99 183 36 186 50 
138 91 74 109 226 215 297 251 233 218 47 11 241 61 278 117 73 94 227 152 153 30 294 55 46 225 214 30 273 131 189 19 58 286 219 116 273 237 213 198 136 169 252 290 71 30 153 139 244 264 131 57 265 98 194 180 44 271 263 40 105 147 10 7 113 76 203 219 187 257 76 143 23 87 69 184 126 279 189 292 273 63 153 61 127 185 139 163 41 180 160 32 125 223 84 163 114 47 249 247 
180 129 151 285 245 237 95 68 270 137 135 89 80 29 289 214 289 114 186 50 83 213 157 50 255 37 140 98 22 113 18 167 264 275 293 288 172 207 62 130 72 296 231 73 33 76 68 75 226 79 85 119 129 214 107 291 38 135 125 49 79 232 213 32 183 123 211 44 123 1 281 235 194 56 104 144 184 249 34 285 181 38 76 177 219 250 141 121 289 235 152 83 242 289 211 100 245 3 77 138 
62 79 201 290 65 53 243 266 297 136 98 259 64 224 222 289 281 139 197 59 290 255 117 196 55 187 131 146 95 282 146 153 73 116 245 84 249 22 59 168 25 52 249 57 182 105 112 185 51 151 148 62 184 19 11 108 139 248 131 51 103 195 103 230 20 245 110 183 75 272 153 133 94 295 114 220 43 253 58 20 189 279 248 136 283 253 46 40 100 46 208 45 211 15 123 272 283 18 4 97 
101 183 116 277 153 183 298 131 251 175 195 279 264 167 89 96 195 288 95 3 91 78 236 167 89 218 235 179 27 139 170 114 21 199 101 45 299 189 76 186 146 280 47 276 262 79 171 239 64 219 18 237 153 192 95 201 179 216 194 243 158 64 260 168 225 40 112 240 106 205 165 293 164 184 136 82 20 298 196 235 162 183 234 11 200 188 40 111 79 224 113 153 41 72 236 105 239 257 180 94 
104 6 225 269 241 103 231 269 122 162 83 103 165 220 20 156 202 89 64 138 227 227 295 260 117 192 131 112 150 175 93 104 68 126 183 13 114 225 135 166 5 129 82 104 110 69 208 28 110 201 71 102 258 250 202 272 44 8 20 26 282 87 297 257 221 215 16 97 81 138 165 132 15 40 58 44 35 112 157 84 256 286 68 165 72 178 247 98 164 24 185 26 187 22 61 169 173 110 267 142 
175 69 72 87 118 27 278 110 177 59 279 66 287 225 71 169 133 78 208 105 199 96 114 200 252 15 80 121 211 103 125 247 229 247 190 112 29 37 118 30 273 31 47 57 1 150 241 269 173 245 217 153 187 99 272 53 163 233 268 183 7 2 149 52 241 272 147 50 143 176 164 13 89 148 93 22 145 116 174 162 24 114 229 167 215 231 163 263 4 215 201 262 49 138 76 46 273 112 160 273 
106 130 270 10 27 134 232 63 279 229 73 159 246 254 25 66 55 38 62 125 257 238 44 215 5 129 46 160 87 7 173 278 213 44 136 153 218 217 145 71 15 283 287 112 203 141 41 162 90 125 89 172 239 46 221 104 195 209 110 138 245 32 185 127 172 178 167 19 129 24 31 139 178 55 299 189 287 83 72 231 22 80 170 154 62 23 175 80 119 35 56 69 206 264 117 143 275 115 174 127 
122 124 283 245 210 281 106 167 158 196 202 74 202 110 138 230 142 117 46 223 94 182 50 152 62 219 52 107 266 157 115 141 28 21 217 203 236 244 40 1 109 159 176 290 94 212 100 4 192 219 128 242 50 48 261 31 73 149 159 101 65 158 279 205 107 119 36 121 296 218 44 59 94 62 94 72 46 267 70 25 186 18 70 208 136 247 204 131 26 74 102 160 80 227 136 208 255 262 40 129 
279 261 98 18 7 59 43 39 23 9 168 120 38 210 251 54 117 149 297 250 179 285 64 56 131 124 294 149 264 129 83 193 287 86 28 237 234 143 140 139 203 190 59 229 154 291 269 102 203 40 164 2 288 176 257 50 22 297 237 73 94 1 274 69 42 189 127 248 297 209 256 84 179 56 111 133 212 29 12 278 88 228 174 11 3 145 146 233 74 245 151 67 133 266 252 175 146 158 170 132 
114 291 252 211 31 30 99 295 150 295 65 229 250 211 103 44 113 157 191 190 85 158 71 167 241 44 74 193 17 161 98 12 7 187 84 155 152 227 244 255 10 95 196 200 215 36 130 117 102 283 171 235 209 174 199 85 38 295 91 263 22 57 98 192 191 106 159 40 180 280 201 130 95 271 36 130 158 234 212 18 154 65 127 178 76 222 12 110 213 179 77 287 9 123 196 285 150 120 246 259 
109 209 3 283 209 4 202 51 267 294 244 152 186 9 155 287 136 46 165 177 52 259 28 99 177 191 224 149 68 109 4 27 9 121 289 154 256 177 205 128 18 92 199 134 212 297 106 128 219 145 14 266 9 240 201 222 140 277 91 223 25 185 145 124 238 242 72 195 36 176 146 16 195 151 84 20 146 111 92 59 239 209 97 170 34 222 144 113 161 116 245 152 201 267 279 223 167 50 240 71 
253 255 17 199 106 89 120 19 202 135 214 103 23 40 152 256 277 249 156 287 52 202 105 298 276 208 0 127 12 246 120 89 103 275 97 257 135 236 30 42 126 59 0 9 283 199 159 172 220 296 266 152 5 9 136 232 194 200 296 196 245 282 181 70 122 96 94 299 50 45 284 17 61 209 29 120 78 298 243 211 281 245 25 148 265 234 6 170 299 67 112 158 149 162 230 244 238 286 169 60 
203 24 251 285 250 247 10 40 118 200 99 108 239 110 242 276 22 25 193 5 135 109 84 66 58 278 220 221 84 77 46 105 194 197 213 125 3 103 238 106 194 227 197 215 206 180 49 95 185 186 248 244 111 189 235 131 287 209 138 157 18 8 132 24 3 212 294 101 295 78 2 76 179 281 246 288 94 211 201 197 10 204 229 36 297 281 249 166 101 20 185 114 105 88 264 239 31 64 285 17 
266 211 214 76 227 55 200 168 147 26 147 231 170 256 1 275 171 219 236 238 14 95 229 38 238 25 33 266 20 42 191 226 220 176 177 90 179 25 115 270 177 159 222 44 283 239 103 171 235 248 57 15 119 238 185 53 175 3 124 11 204 182 188 223 97 283 247 97 187 223 259 223 56 172 122 176 23 231 184 39 195 147 3 21 164 273 169 121 10 138 9 48 89 144 227 149 101 81 45 169 
19 100 102 230 260 134 201 196 272 100 63 144 85 66 116 13 210 43 211 224 30 149 19 277 273 140 64 187 32 18 11 278 96 126 95 211 29 153 33 267 168 104 169 193 111 287 168 274 95 81 44 18 226 194 175 224 95 197 65 169 295 282 176 53 84 23 256 226 135 201 150 181 126 81 269 170 72 167 220 280 148 135 43 101 120 167 88 179 214 37 203 135 56 228 29 153 265 204 14 284 
183 289 213 191 245 260 140 8 168 30 88 172 42 177 122 55 299 129 163 125 172 162 57 6 180 18 149 198 137 297 4 68 175 35 33 12 107 221 234 214 31 172 147 17 100 227 137 103 183 247 259 207 24 128 12 113 200 246 273 269 250 17 270 274 148 21 52 52 175 232 70 208 293 289 162 111 125 296 185 282 124 91 225 100 274 181 99 164 114 145 29 277 31 70 130 47 171 68 163 116 
297 145 116 190 118 116 156 243 275 282 138 71 138 99 4 104 142 284 284 280 284 119 68 90 159 210 38 102 43 199 20 2 33 35 278 201 134 222 210 31 117 263 271 194 177 181 61 215 100 284 175 160 172 271 131 76 196 78 62 271 195 44 135 204 127 259 165 296 237 83 159 90 103 12 104 55 21 147 152 58 264 22 57 148 108 79 285 28 217 138 171 131 29 197 40 146 39 33 232 276 
