264 77 250 145 60 27 73 285 203 292 107 228 85 13 128 288 212 183 103 0 46 71 154 220 197 219 13 242 74 144 63 145 239 238 83 1 17 243 297 159 289 192 119 247 271 8 162 227 27 119 161 209 98 146 122 80 45 79 190 27 139 203 274 291 225 14 95 10 69 71 282 123 229 9 68 52 70 58 3 62 22 145 134 176 225 233 210 191 158 255 38 212 102 36 155 85 199 265 131 65 
170 19 135 42 181 175 251 146 231 164 87 66 72 222 195 240 73 31 250 55 219 96 199 31 56 127 215 88 71 254 295 148 283 43 273 259 214 57 256 190 122 257 297 253 153 50 243 2 33 26 179 123 274 190 269 178 7 176 274 71 114 283 10 146 192 254 55 127 20 129 26 214 91 148 186 222 205 297 99 121 277 256 173 52 234 61 173 277 112 174 187 286 5 118 161 128 130 185 10 212 
196 97 162 269 103 200 117 142 103 267 7 189 62 278 183 148 43 65 259 110 144 231 254 226 214 100 119 136 39 220 209 92 168 38 92 103 104 34 259 231 153 299 102 122 290 172 170 294 277 133 30 292 89 105 116 66 183 105 185 1 52 231 65 55 162 68 131 61 56 54 188 120 227 107 44 201 50 66 129 51 180 131 15 296 153 13 185 190 214 145 46 15 245 274 198 267 269 71 283 46 
37 152 155 114 227 69 287 265 78 11 269 57 24 261 197 155 18 122 49 195 277 135 47 167 215 192 35 42 80 230 117 258 141 240 216 299 22 170 232 286 59 13 138 99 17 60 221 170 22 22 202 20 275 61 123 140 100 218 9 99 217 6 117 158 143 181 204 5 248 161 49 125 259 94 287 2 32 71 86 297 280 287 47 153 7 177 171 78 229 100 27 43 103 291 30 101 266 161 27 8 
73 68 126 141 128 231 280 8 271 172 217 254 291 42 26 23 43 276 7 122 207 42 6 285 258 81 193 139 188 82 160 159 130 49 75 22 64 120 18 168 139 277 262 59 5 203 155 273 246 150 238 203 125 268 102 81 34 76 97 48 128 237 160 122 249 102 299 81 249 144 213 46 273 139 224 119 117 138 159 255 116 298 97 153 86 286 110 136 151 144 95 37 126 65 286 41 296 57 58 229 
178 273 112 15 71 42 135 7 107 299 2 101 249 254 139 61 112 59 134 160 93 192 158 173 234 36 207 37 233 250 73 102 230 29 76 230 71 214 113 218 271 25 255 56 141 256 213 78 274 36 219 116 276 61 55 153 24 160 131 41 222 255 16 69 199 21 133 19 268 79 135 16 85 177 231 39 220 177 155 284 56 153 117 169 248 231 74 268 280 278 109 29 58 146 22 221 296 45 290 227 
197 68 172 121 209 68 217 83 47 93 224 88 126 298 187 137 25 50 26 70 202 278 162 225 168 69 80 46 145 216 291 105 220 82 178 50 20 63 6 98 248 51 108 92 100 146 62 179 119 270 284 239 174 68 289 94 210 70 69 296 254 236 25 53 100 89 137 214 172 117 66 42 148 169 248 95 178 227 49 63 79 278 7 252 61 80 227 247 75 170 62 84 147 191 220 147 233 97 22 53 
174 133 204 147 4 165 212 254 40 187 261 242 111 131 280 112 77 125 155 141 55 20 255 181 164 258 275 44 79 114 297 136 215 170 237 291 6 128 155 291 250 295 54 107 129 225 114 283 220 76 126 11 270 214 231 88 57 265 199 207 98 187 49 290 97 241 288 32 176 186 194 153 88 239 223 198 7 124 106 94 100 85 131 233 244 210 134 35 299 224 7 149 182 297 223 40 142 10 217 170 
168 99 64 152 114 258 5 132 255 128 48 164 79 296 7 67 161 273 165 281 240 70 24 25 255 164 154 36 52 197 234 251 136 198 130 25 273 14 75 236 279 140 19 209 267 69 226 46 277 271 48 175 49 225 146 103 41 176 135 260 145 69 145 101 31 189 144 239 123 153 218 50 285 201 291 242 258 51 203 185 9 140 230 267 111 227 44 27 129 25 117 87 120 88 38 187 204 6 49 154 
274 76 293 59 44 256 294 134 159 243 195 109 207 251 152 64 192 169 162 222 5 138 205 254 28 296 38 258 141 226 145 27 48 103 129 25 96 246 13 217 226 201 165 152 120 118 142 270 6 67 121 255 158 181 67 156 99 158 113 105 189 293 94 109 187 274 269 223 141 226 191 124 98 197 114 164 133 83 187 249 284 284 13 106 73 88 122 289 148 289 102 232 128 154 73 144 9 212 190 270 
115 247 162 273 165 127 89 37 156 231 263 194 105 210 237 100 68 28 151 206 3 195 85 220 274 195 225 241 156 134 180 64 286 196 150 87 130 235 107 73 39 114 7 61 267 247 2 140 293 45 289 53 144 299 288 195 239 102 212 67 11 236 234 280 54 166 204 275 213 20 260 90 124 19 11 264 145 288 256 106 230 46 197 45 163 8 68 195 35 164 54 118 278 106 153 71 51 221 264 47 
182 39 47 248 25 140 22 113 299 81 86 291 297 281 258 251 72 155 132 272 171 177 196 287 241 280 112 35 41 57 25 106 22 228 108 149 217 203 281 83 5 21 156 198 205 96 217 5 128 188 290 249 257 236 73 92 232 86 296 82 189 78 275 280 231 215 193 247 144 209 19 239 187 62 103 275 134 148 37 134 105 174 90 34 102 275 147 48 267 167 160 0 21 19 224 298 258 111 219 1 
46 226 257 108 185 242 103 250 296 193 243 262 92 107 193 43 147 196 263 264 278 220 69 219 134 257 73 143 136 282 185 184 195 22 38 182 223 118 175 60 35 54 147 174 298 257 231 273 30 272 164 278 45 233 94 17 121 268 17 67 275 46 257 247 199 140 235 77 237 2 76 256 295 129 152 181 273 289 143 95 93 79 147 153 164 174 16 186 108 168 70 211 241 176 79 218 230 157 72 142 
215 158 141 31 116 184 23 291 223 51 42 261 202 229 135 17 180 167 19 20 285 5 72 14 208 264 136 5 56 154 232 148 226 269 7 24 42 152 275 5 266 243 115 68 231 269 238 159 151 191 62 169 79 234 288 208 38 85 252 161 281 180 256 231 88 41 190 19 9 141 21 222 4 220 191 123 247 89 228 262 122 275 182 221 110 113 206 254 173 173 258 81 273 290 11 224 3 96 109 212 
93 259 24 230 287 192 105 178 117 39 262 102 218 71 218 10 265 232 105 275 239 178 226 173 100 139 50 50 17 43 92 244 131 149 177 186 113 17 166 97 111 212 128 120 245 247 19 182 2 24 186 187 7 237 170 290 95 254 120 161 232 246 244 30 57 260 196 269 233 176 226 157 92 235 65 15 161 59 109 60 172 52 76 203 269 274 244 231 88 264 26 242 158 256 105 170 276 277 16 287 
7 37 172 9 24 242 206 151 69 119 283 49 227 254 60 230 29 233 40 5 245 69 160 0 97 207 94 137 257 85 134 180 251 119 37 86 107 131 206 85 124 186 45 160 251 236 246 200 7 9 127 98 228 237 273 107 156 289 68 250 31 11 105 213 225 64 160 31 1 8 146 268 196 13 272 285 128 139 265 245 7 188 248 76 267 108 242 128 31 279 191 41 165 214 238 113 73 62 86 64 
202 111 161 112 204 232 252 128 238 143 105 290 145 104 252 282 157 289 298 58 165 137 34 151 225 157 200 1 87 162 34 285 271 284 116 225 148 35 140 270 66 128 15 186 57 82 295 273 121 93 266 285 184 278 145 35 174 41 84 127 11 296 165 171 166 141 27 80 80 161 73 38 54 14 163 82 59 262 8 248 21 168 25 293 295 240 277 189 8 202 105 237 270 184 46 113 112 233 237 4 
296 240 154 168 283 88 144 216 84 175 164 83 48 166 180 259 22 41 190 225 122 280 236 3 166 261 154 275 202 143 247 226 12 218 100 9 34 107 143 130 278 2 138 203 58 39 26 258 6 158 251 264 210 283 109 292 92 56 169 170 190 96 212 97 92 132 99 124 145 167 3 288 38 80 51 106 7 215 48 91 297 51 237 73 267 26 175 100 17 181 282 89 166 84 113 233 48 202 278 181 
262 64 89 180 177 95 31 75 183 17 158 152 168 236 163 229 49 23 247 151 95 232 122 164 16 3 257 278 209 135 242 1 59 166 193 264 289 56 9 131 6 10 119 167 171 76 218 287 217 292 28 198 128 29 292 12 262 116 137 37 149 125 66 75 78 144 26 188 284 58 61 276 264 130 160 156 175 129 134 215 57 21 43 219 35 244 273 220 255 128 8 209 97 286 66 79 290 136 229 262 
121 83 68 225 74 245 292 229 30 1 114 25 226 172 175 125 47 164 180 192 46 276 48 222 62 251 172 62 167 220 229 60 208 197 286 134 286 262 256 264 270 17 2 74 212 204 133 117 150 270 110 141 185 234 254 33 199 40 210 87 44 109 179 281 268 121 78 40 217 91 79 65 73 125 19 297 136 148 213 261 39 26 59 293 255 46 152 57 47 61 56 262 195 18 122 122 175 263 181 158 
116 278 118 194 241 156 25 6 216 105 138 248 130 280 70 119 104 262 194 242 196 237 155 139 187 69 159 138 16 83 139 80 29 104 281 245 17 100 51 194 38 147 221 67 251 4 156 0 212 64 15 193 17 49 263 215 220 80 281 49 163 28 35 111 38 157 271 242 264 59 138 28 184 114 297 233 214 221 172 94 259 41 180 13 161 197 171 197 295 49 169 131 168 63 97 298 186 124 244 95 
60 226 170 124 72 281 27 154 279 40 215 108 122 250 245 198 134 65 115 274 210 66 131 29 99 9 290 269 84 131 86 286 264 49 134 175 49 66 162 106 158 225 88 123 279 48 217 40 283 25 41 8 262 31 162 78 8 72 122 229 278 40 34 186 152 223 258 148 194 15 11 186 107 224 0 233 139 202 268 124 244 5 227 278 15 146 15 175 260 44 104 261 75 248 155 228 116 102 15 95 
89 117 274 157 135 9 3 212 110 42 55 265 197 212 33 269 266 49 1 210 137 39 293 193 83 291 267 238 28 24 113 140 245 60 138 40 164 131 20 176 101 74 230 72 142 247 288 115 273 50 257 74 204 119 84 129 110 140 82 111 44 78 271 56 6 103 183 121 199 236 119 51 282 36 164 116 91 194 299 291 134 155 238 44 42 273 178 190 160 69 37 128 168 112 14 26 16 44 282 278 
297 218 105 247 95 269 90 161 41 157 175 21 71 248 165 234 277 5 286 103 105 20 92 135 157 22 141 211 215 113 131 287 292 158 158 248 210 20 63 35 202 28 140 238 178 147 41 179 23 39 225 9 217 210 262 107 9 23 125 282 179 147 245 246 238 223 233 248 229 271 128 191 35 182 249 21 277 103 132 147 39 287 187 159 296 187 224 180 77 189 114 91 281 118 269 89 170 71 91 257 
55 240 221 148 117 116 7 90 226 175 291 130 32 12 167 17 146 139 173 283 30 242 127 298 159 66 271 139 135 140 100 94 156 116 169 282 38 82 85 281 212 288 132 253 64 68 142 291 0 90 34 243 282 159 260 80 18 70 238 117 235 291 103 88 131 223 88 66 140 284 168 175 223 106 291 200 206 289 287 2 24 63 18 212 199 168 182 252 163 212 254 202 185 240 48 282 214 189 124 167 
77 142 44 295 211 261 259 113 282 68 159 245 283 123 230 39 96 188 237 146 260 174 256 38 81 187 96 96 68 146 270 281 91 268 108 242 296 88 89 134 128 112 17 264 110 102 162 99 232 53 272 135 147 213 276 30 3 284 75 194 125 293 253 33 133 189 232 163 194 97 121 98 0 223 130 180 231 104 233 96 157 253 48 6 154 52 129 208 111 170 92 221 113 135 151 38 274 122 93 18 
89 58 286 234 234 179 106 224 112 233 19 99 30 265 29 55 251 17 164 3 17 175 292 96 229 212 168 212 0 71 179 275 197 220 40 0 114 53 228 140 244 196 218 198 295 49 18 227 0 6 212 132 81 209 294 220 263 68 265 195 210 88 45 151 30 230 232 83 108 33 121 17 223 274 187 252 276 20 263 73 199 153 66 181 279 272 27 136 244 283 62 224 124 216 292 269 5 174 62 260 
232 95 112 122 72 147 41 274 181 248 217 293 79 260 174 193 0 250 123 32 96 4 134 230 270 85 27 69 132 38 161 145 118 235 142 263 285 67 150 46 134 287 240 296 200 131 43 276 250 250 157 44 144 289 145 238 232 241 99 32 88 16 278 137 283 168 254 32 117 190 274 39 107 246 167 36 90 280 137 263 86 195 13 149 142 256 157 35 275 285 28 53 154 66 189 4 53 163 269 198 
124 3 202 121 288 117 7 116 141 18 9 185 145 98 213 270 16 34 147 237 141 273 9 237 0 53 161 71 242 276 246 236 62 236 242 89 113 184 7 277 81 292 139 30 281 223 286 143 116 282 222 120 159 144 247 266 40 112 150 193 144 147 118 7 183 19 293 266 271 178 260 9 298 155 94 151 296 90 171 13 132 202 76 89 273 228 149 170 145 13 5 86 269 104 29 109 76 53 215 5 
28 221 293 179 284 295 167 63 41 2 246 70 15 260 129 11 112 135 167 20 286 94 162 295 112 262 90 193 55 205 22 152 234 287 80 199 28 239 10 138 183 285 27 253 281 161 26 214 146 234 27 137 5 0 184 91 176 22 26 112 73 153 120 217 123 101 198 262 216 281 94 49 204 81 143 239 249 249 67 219 137 177 59 80 237 111 224 242 255 72 32 108 46 35 237 4 9 211 65 99 
69 151 251 91 71 55 125 122 133 200 143 113 87 72 3 25 218 43 257 108 288 84 13 124 223 168 294 75 90 216 141 290 40 250 70 92 228 223 251 105 216 262 203 104 54 210 72 56 252 215 152 82 63 254 44 120 118 64 34 24 212 202 61 96 147 118 299 204 39 156 162 137 78 218 86 69 241 72 254 138 171 149 132 115 116 294 46 237 277 79 295 106 38 175 30 184 240 127 105 44 
216 212 152 277 231 57 289 275 168 290 176 46 43 3 14 252 135 3 43 86 279 133 98 138 144 260 232 202 102 21 49 123 187 233 249 261 20 67 299 86 102 248 6 133 200 142 202 68 120 102 66 195 267 185 161 95 189 137 53 143 12 279 282 78 60 180 121 141 223 44 193 158 65 154 154 30 107 262 227 131 55 63 291 4 187 197 124 249 119 37 24 42 256 154 113 44 227 73 247 110 
181 84 143 80 252 264 201 13 158 30 142 173 209 114 31 294 14 167 51 269 121 146 215 183 209 262 242 113 164 143 175 239 70 186 104 131 283 157 274 102 250 288 190 19 28 230 174 129 220 95 128 213 39 134 203 91 151 263 156 209 192 16 266 248 31 119 61 288 187 198 67 266 80 6 276 224 77 81 116 279 81 255 2 275 126 226 239 204 258 281 203 185 285 166 152 162 70 292 121 86 
42 239 20 12 138 65 155 100 237 281 23 62 269 18 175 71 152 134 148 41 42 179 189 52 229 122 4 224 93 210 149 93 281 16 78 296 118 145 280 60 2 239 142 241 288 63 239 248 174 122 129 59 111 54 39 282 62 32 71 150 170 188 64 233 80 21 261 19 246 129 55 239 218 79 55 57 42 171 212 278 192 173 23 0 205 179 108 280 2 64 172 137 271 141 115 263 100 29 296 292 
144 271 179 5 143 176 186 60 135 258 67 297 27 225 141 247 232 155 269 141 83 105 136 192 299 52 170 166 83 273 16 239 103 261 72 87 155 232 69 248 167 144 139 70 109 68 108 28 296 25 225 257 191 65 30 67 122 178 56 18 154 269 228 92 242 92 16 104 177 129 5 197 207 152 145 256 24 211 116 252 70 236 98 280 57 102 299 295 171 11 189 260 122 153 17 100 19 28 208 40 
117 72 213 57 285 144 68 39 102 186 200 234 156 199 204 227 229 233 59 114 80 11 46 59 242 149 3 51 217 101 47 243 30 217 274 95 2 278 78 4 225 240 173 206 224 267 180 274 271 222 165 215 248 242 291 243 85 133 117 115 56 246 47 118 122 208 219 84 55 291 199 158 188 179 114 77 40 28 58 155 195 124 117 127 71 139 47 137 273 0 95 6 220 5 16 101 212 8 82 281 
175 151 20 205 2 221 84 30 74 38 21 272 297 113 53 260 245 39 295 124 141 199 282 215 225 184 187 118 172 135 71 183 153 261 181 213 265 279 246 197 156 224 282 216 121 147 18 69 299 114 271 52 277 66 198 78 288 296 248 231 119 291 103 134 223 99 81 207 84 81 173 155 288 284 140 79 259 207 167 186 91 44 70 229 13 157 66 244 55 289 146 291 287 65 102 56 240 175 145 179 
51 274 277 55 297 184 288 74 19 225 58 156 182 41 144 224 165 147 255 40 39 82 117 78 25 101 163 15 63 6 116 75 74 260 145 297 179 261 110 216 261 221 227 234 32 220 34 36 101 130 268 135 88 129 223 201 165 258 159 22 254 8 203 277 45 29 70 126 98 87 41 42 58 98 47 121 130 234 276 222 101 188 190 11 111 156 249 131 24 90 201 134 0 269 166 288 100 86 187 261 
114 105 149 118 196 217 2 159 298 75 125 36 61 222 209 30 86 288 138 32 196 95 42 150 157 180 24 112 263 95 273 34 87 229 220 178 181 291 147 42 94 199 162 97 229 220 16 64 123 157 20 65 227 30 110 118 181 102 85 10 203 136 207 225 141 205 63 142 167 49 179 270 236 38 26 142 265 121 251 95 129 130 287 85 11 135 36 226 92 299 18 141 6 8 14 23 268 54 285 264 
188 10 169 21 46 88 178 181 46 255 92 153 111 45 120 272 126 205 128 79 243 271 215 90 73 201 25 227 192 96 275 22 230 13 62 21 143 284 274 245 98 0 84 9 275 8 91 107 230 290 103 88 184 254 155 103 189 185 77 17 133 159 84 60 159 81 109 205 211 99 121 62 63 25 158 216 160 196 159 225 65 88 81 178 32 156 111 290 52 189 14 50 16 2 154 280 26 191 203 254 
266 41 88 121 231 214 276 169 170 21 81 30 22 220 93 219 140 252 179 87 112 93 123 193 123 123 113 12 59 243 12 259 55 222 298 141 8 75 42 208 209 299 296 83 273 262 276 225 154 55 114 124 200 28 197 127 143 224 286 51 142 117 275 124 164 153 235 98 184 267 173 254 9 18 73 107 238 206 242 156 56 181 124 131 159 216 267 242 193 10 85 250 35 53 173 165 104 56 205 101 
229 203 289 133 274 265 72 286 289 199 5 14 156 182 78 91 187 295 210 8 24 84 13 224 218 38 161 7 156 81 170 184 262 216 249 292 268 165 204 200 46 274 260 217 104 182 36 257 95 90 73 40 251 96 263 117 119 285 36 121 30 121 218 246 87 123 221 180 159 150 177 26 177 252 273 25 274 236 113 72 143 113 77 195 24 20 19 233 78 154 133 124 235 0 194 108 52 231 151 31 
243 148 288 195 66 203 85 240 12 209 182 40 71 64 54 112 22 146 291 109 23 129 129 43 83 18 66 192 93 99 84 52 84 262 289 276 145 55 207 48 125 265 6 61 271 126 171 171 56 120 10 136 126 114 143 250 283 106 293 245 158 2 215 99 111 298 259 91 231 154 96 176 89 104 142 32 151 40 141 101 176 270 66 170 12 128 33 261 73 33 123 176 111 141 238 5 86 262 199 294 
54 30 279 265 176 66 166 76 99 194 79 137 189 286 208 132 119 49 96 73 294 207 34 187 32 0 225 245 135 299 68 169 27 136 93 230 226 122 281 42 187 68 246 231 207 166 103 265 68 71 206 25 251 68 187 181 285 283 257 275 16 157 115 290 247 112 13 167 111 286 147 45 35 226 173 175 102 8 47 277 296 43 11 201 83 132 273 147 47 214 218 264 123 252 248 195 125 82 292 216 
267 104 13 225 12 52 1 78 187 246 94 37 90 64 230 266 125 42 34 75 112 236 135 287 211 3 130 220 284 190 86 98 30 25 223 50 168 81 109 187 96 21 186 76 113 92 24 158 79 56 142 16 21 214 209 68 271 3 150 55 38 67 126 176 36 237 72 185 241 106 286 235 138 272 187 282 155 33 265 232 248 292 290 278 103 265 47 276 57 12 151 290 210 131 253 122 286 163 17 21 
209 35 260 24 217 113 58 212 111 48 224 117 164 175 62 170 28 290 234 121 224 90 6 144 39 52 110 225 278 128 270 78 174 232 66 276 38 290 46 45 297 17 121 255 58 233 133 291 54 148 189 130 124 173 38 62 115 55 154 148 78 197 101 205 14 180 213 119 99 188 89 25 208 208 145 133 264 297 268 269 52 82 9 36 109 129 0 115 177 83 44 199 216 268 273 177 127 149 220 127 
6 295 148 188 294 9 28 184 245 269 190 96 109 219 234 221 31 29 231 207 113 266 49 103 290 9 168 66 292 193 108 254 157 35 245 267 114 123 109 283 30 251 280 157 231 108 239 208 238 82 132 198 123 54 77 187 294 262 263 104 1 157 244 32 18 168 224 289 181 280 165 50 113 184 5 232 133 121 77 70 46 236 291 217 227 284 111 31 190 65 189 152 65 1 133 99 188 157 53 143 
185 90 251 253 55 280 198 95 19 10 39 85 71 71 55 279 294 244 7 256 105 232 3 65 178 73 255 213 30 135 287 12 35 153 160 69 116 82 207 148 37 118 126 115 158 39 125 233 38 278 231 229 63 45 20 228 111 276 61 37 142 274 78 172 223 191 292 285 221 144 143 90 87 75 277 64 153 127 232 221 224 14 284 126 255 153 177 284 124 99 280 248 251 78 231 199 190 107 290 137 
160 48 271 14 149 59 141 178 101 160 125 113 168 67 49 4 7 111 1 173 122 182 147 269 185 291 78 158 122 260 134 270 290 87 282 238 255 107 206 287 79 166 15 141 167 174 108 97 106 213 113 63 291 53 135 196 36 292 70 80 124 295 18 239 32 117 225 112 81 207 67 31 30 9 199 232 131 23 289 20 8 149 57 51 136 92 95 209 64 62 156 21 285 244 167 12 9 102 203 180 
160 230 92 88 93 57 236 105 190 154 293 26 266 184 196 160 209 235 216 97 193 289 67 102 172 159 288 270 72 73 213 13 298 274 127 92 278 77 208 147 19 63 60 253 166 186 91 110 79 233 161 127 80 25 0 166 168 275 90 4 175 268 75 243 56 249 253 47 256 247 248 231 245 97 273 212 161 91 189 14 196 295 203 12 11 298 234 257 43 222 128 282 1 21 196 66 275 156 265 135 
166 141 290 231 242 25 153 263 299 106 163 47 126 281 186 106 211 267 14 212 12 138 60 117 234 209 180 271 113 151 193 122 46 4 50 83 101 100 263 75 33 73 40 13 151 71 29 47 65 198 168 93 138 292 18 103 89 44 84 209 244 70 241 47 31 187 239 45 226 195 140 163 141 238 109 177 269 28 57 115 159 25 119 195 171 264 143 243 248 5 224 156 287 108 226 131 57 144 58 143 
9 5 295 51 141 18 182 130 91 210 137 264 11 53 247 271 238 225 119 250 58 178 71 56 281 142 0 201 92 129 31 28 150 277 213 180 275 165 290 128 180 51 146 100 271 54 254 103 219 233 197 254 100 181 190 42 212 109 22 101 68 235 273 113 37 210 53 161 193 134 194 288 282 248 227 171 57 139 1 202 74 130 242 222 16 207 69 146 251 290 296 115 17 90 56 204 38 89 81 290 
37 51 9 285 288 209 41 99 247 258 39 273 212 13 290 206 151 216 83 122 78 92 32 12 72 126 277 39 137 190 102 172 217 10 276 91 6 2 280 58 91 289 110 82 259 298 15 167 213 235 36 160 297 274 11 231 95 11 224 250 234 169 98 122 176 176 90 274 264 178 115 195 68 289 178 91 88 152 140 108 215 34 253 7 188 47 224 260 147 216 140 292 146 273 125 36 222 85 8 295 
198 274 91 103 90 246 168 224 223 33 219 282 159 47 118 104 283 8 269 0 293 150 26 121 67 36 42 86 27 241 273 45 100 282 91 221 101 119 60 263 137 183 185 15 286 15 270 121 294 77 82 226 55 257 210 17 246 140 86 257 31 15 122 41 206 214 240 297 9 6 257 222 116 295 45 249 37 278 274 124 54 290 44 94 231 217 39 25 112 226 201 44 174 89 115 261 273 34 205 259 
258 137 156 41 298 121 279 236 15 84 186 9 237 239 175 5 107 214 253 48 275 50 270 188 156 241 267 16 299 26 59 148 288 49 272 254 201 225 41 102 255 180 116 227 4 67 66 170 245 35 285 54 229 191 117 40 49 156 255 271 37 57 249 279 239 246 18 127 27 30 193 157 295 252 3 230 0 103 286 177 132 138 155 36 117 215 108 264 121 117 274 260 56 288 128 17 52 4 225 284 
259 278 135 220 2 22 273 94 47 68 210 163 256 281 142 49 162 4 148 0 73 286 249 138 170 95 160 64 229 234 118 143 97 295 244 88 108 47 75 260 23 259 151 7 4 61 215 145 206 63 183 137 3 85 91 193 113 74 244 10 39 49 13 22 88 30 4 36 81 254 152 195 46 139 100 97 230 177 233 100 4 16 233 38 277 179 137 41 64 240 193 115 255 170 213 260 30 215 38 152 
116 245 269 127 290 47 154 237 153 267 249 191 196 107 94 11 293 32 15 223 118 99 222 121 275 115 14 130 2 169 242 64 280 82 81 280 78 178 49 140 157 101 2 117 166 231 265 245 113 116 144 47 289 169 188 214 269 276 38 31 232 202 126 153 134 239 37 139 109 217 196 133 59 188 257 175 86 6 190 71 167 167 196 207 272 63 22 226 68 147 58 155 32 272 131 38 39 122 272 152 
237 32 48 17 73 176 6 124 140 34 250 65 49 28 173 33 75 273 265 263 135 22 181 90 227 224 180 52 155 108 215 25 65 179 196 274 80 177 192 280 196 272 137 152 118 76 264 280 290 151 129 247 204 238 293 89 259 194 131 37 210 176 18 228 273 265 273 31 60 111 288 259 271 96 246 162 234 196 284 133 293 296 33 45 202 231 146 195 185 298 152 252 129 144 24 160 161 152 54 89 
94 265 285 70 295 33 150 274 220 269 235 135 140 265 38 198 293 105 245 80 113 275 52 162 234 30 197 77 145 222 252 2 292 164 272 16 117 101 260 145 70 18 81 294 103 30 211 61 169 72 222 81 164 186 247 45 51 291 163 136 54 76 155 293 64 137 120 29 34 102 29 41 135 266 239 42 70 155 261 234 58 275 296 257 276 208 124 192 266 19 35 284 66 2 26 2 252 277 166 202 
256 189 185 241 7 8 21 144 77 52 271 93 84 232 280 200 103 206 116 271 101 10 220 166 210 239 233 246 166 123 66 90 81 138 291 170 171 41 226 23 281 189 198 231 239 261 41 31 179 99 158 294 142 295 112 184 130 217 22 219 112 42 131 241 15 276 191 262 281 165 279 299 44 153 237 111 179 83 240 193 290 190 263 18 275 143 63 73 287 146 6 296 296 209 169 68 88 121 66 31 
286 84 259 185 188 85 61 182 260 289 92 62 135 38 150 115 19 227 86 294 19 163 48 126 257 133 74 42 39 203 172 69 206 169 275 224 43 77 114 198 203 245 274 143 65 220 176 263 222 153 45 68 220 220 177 239 31 194 199 31 124 11 172 111 190 166 54 84 291 77 247 262 262 77 114 199 10 200 77 188 100 33 35 248 292 289 0 142 122 8 87 295 51 185 135 5 252 185 117 98 
230 216 89 187 155 254 235 222 17 294 292 93 169 49 101 46 129 197 163 288 98 294 272 259 207 253 272 243 74 11 208 157 74 48 271 163 200 16 50 200 50 142 2 227 241 283 286 168 98 257 218 40 295 109 78 174 162 294 204 298 102 28 262 285 18 179 2 160 83 267 62 282 153 263 262 117 296 57 51 148 19 202 163 6 277 78 154 221 272 109 119 217 82 59 203 95 270 134 229 61 
282 286 232 79 54 202 201 31 114 229 83 85 295 81 231 74 144 263 140 139 3 51 252 92 157 162 149 66 93 193 109 155 151 187 43 196 161 123 290 21 135 255 295 36 144 269 165 273 260 60 31 264 104 258 44 31 38 199 37 170 61 220 170 248 1 52 4 32 103 142 138 48 271 137 287 52 265 25 146 114 122 107 247 28 11 222 6 215 235 35 234 239 265 166 115 120 244 102 214 115 
282 259 96 183 99 38 54 17 74 224 1 217 60 274 134 88 72 125 127 7 87 38 26 102 113 4 121 165 192 25 162 69 159 165 157 10 221 229 209 3 36 167 92 183 99 271 125 167 184 97 170 112 2 111 257 250 62 258 207 89 224 81 264 211 271 202 185 58 183 15 95 51 297 238 123 187 36 172 47 177 61 292 4 281 52 64 232 0 278 40 198 239 182 133 187 20 4 32 187 66 
51 172 109 292 186 173 175 285 229 25 50 231 265 212 104 242 109 71 143 230 286 146 293 12 210 46 296 36 232 268 276 118 267 111 6 51 215 232 200 210 268 16 138 164 206 49 55 271 77 117 73 250 86 28 265 278 278 188 42 196 37 245 39 179 197 118 131 118 145 122 157 241 180 232 44 176 278 17 281 185 192 282 162 128 99 221 193 223 63 67 134 63 57 221 137 256 47 107 188 207 
250 76 15 34 216 228 224 96 92 278 81 47 55 154 212 294 223 218 234 275 269 23 271 193 39 34 242 33 284 35 236 66 123 211 281 190 170 297 153 211 35 118 292 266 32 289 241 6 276 227 48 73 269 299 278 75 82 146 224 43 72 294 159 65 105 196 204 288 193 171 236 273 153 107 229 228 292 14 297 220 220 12 270 37 297 213 171 23 204 135 6 124 147 212 34 138 219 54 171 252 
5 114 32 195 297 34 145 63 0 90 49 46 5 188 45 263 90 279 253 12 268 105 74 135 105 85 157 49 268 28 183 118 258 129 194 48 275 210 67 283 150 253 92 298 94 193 120 224 17 222 189 47 218 74 161 137 242 180 20 20 42 13 140 199 136 222 26 200 207 1 196 38 176 35 112 12 130 149 256 75 244 162 162 26 50 116 238 8 190 2 233 69 76 226 221 154 55 135 263 115 
61 153 276 298 4 44 214 86 43 297 248 112 237 162 85 44 208 125 218 267 241 159 103 111 290 3 179 220 231 281 225 250 157 139 222 3 196 287 168 150 276 201 37 143 295 83 225 222 84 11 20 182 91 127 256 87 84 64 237 76 81 7 93 60 227 79 122 275 47 9 194 223 153 141 267 225 82 262 75 142 23 142 105 198 232 186 244 232 274 152 164 250 47 299 171 89 123 85 278 116 
113 294 7 158 250 20 293 254 125 133 14 218 79 172 41 202 289 151 276 110 92 197 131 46 210 244 218 114 78 17 123 1 286 290 212 197 255 159 108 140 222 169 151 122 61 4 235 195 120 112 288 181 22 77 87 13 83 101 255 206 102 190 72 55 189 153 37 283 276 66 147 237 132 213 50 121 22 65 135 287 247 87 299 166 124 61 288 278 40 63 289 230 29 109 243 145 80 174 101 281 
133 169 51 80 83 179 298 43 268 232 234 36 60 137 194 80 46 205 261 45 27 294 221 276 69 226 28 183 247 47 180 289 163 16 203 14 199 45 272 148 153 237 92 146 145 225 77 100 116 148 74 267 114 29 239 270 284 85 96 125 108 102 108 98 152 7 260 57 172 268 207 285 211 200 148 191 256 249 242 28 211 84 9 3 147 238 26 92 116 246 155 108 84 140 42 124 269 261 117 247 
259 200 164 36 160 56 115 133 279 211 76 34 189 127 11 293 261 127 19 284 127 224 84 11 27 96 65 152 231 87 115 228 214 269 26 76 135 199 41 139 197 116 257 78 60 278 175 189 64 241 13 24 56 252 207 127 285 112 146 153 268 177 262 191 58 166 266 74 283 71 89 258 162 172 118 114 114 189 162 220 191 224 161 107 226 119 122 190 79 162 152 299 66 179 13 236 280 224 184 28 
138 269 255 281 222 123 150 96 57 200 151 126 112 60 138 166 211 230 263 282 119 196 1 187 220 156 293 43 130 11 267 65 47 45 216 276 157 285 70 68 243 70 216 193 198 168 181 88 234 48 242 63 223 92 269 212 109 166 69 5 94 131 228 38 70 34 120 27 283 73 181 136 278 112 181 19 281 138 213 125 163 184 144 135 101 70 293 126 163 11 214 189 222 192 270 162 87 62 54 127 
212 8 284 202 281 127 72 143 293 128 215 157 286 273 60 16 235 188 297 114 193 184 11 11 164 170 54 49 126 135 47 147 188 282 262 297 288 96 258 153 171 299 127 293 3 0 23 97 100 36 164 150 91 297 49 296 35 12 195 235 295 186 202 236 255 255 96 246 115 162 181 282 73 19 12 200 267 173 209 119 7 176 135 209 101 50 256 246 146 35 206 189 86 263 196 120 257 23 54 100 
298 116 257 137 0 19 291 211 8 148 161 29 166 6 137 256 111 158 35 80 147 159 283 138 176 201 149 173 235 185 227 275 49 1 146 107 81 173 7 148 11 240 4 23 284 195 195 53 265 130 299 287 249 72 49 7 119 158 216 279 163 211 299 11 36 250 7 22 174 255 61 201 105 215 197 274 33 278 253 91 215 54 263 41 28 170 84 42 153 240 97 133 147 207 244 181 203 47 48 196 
76 110 180 118 4 223 145 232 221 133 78 286 101 10 120 125 60 112 193 93 168 276 198 239 225 50 292 16 82 164 214 249 244 250 81 173 269 69 256 228 52 234 298 19 143 262 69 32 257 131 4 100 165 182 0 217 103 215 199 109 282 57 293 279 5 26 135 108 81 13 181 99 30 130 30 29 110 126 183 168 223 132 236 297 265 194 90 263 183 156 10 282 165 169 108 36 14 128 8 219 
131 131 276 99 23 105 82 221 188 205 9 184 166 248 166 114 135 64 62 86 235 155 28 85 172 65 228 171 129 42 221 168 194 122 210 59 136 211 117 57 143 292 236 109 259 126 26 78 258 299 284 270 126 101 14 262 196 230 28 289 169 129 184 245 196 103 219 251 299 171 60 295 89 295 224 117 172 77 239 74 68 296 1 145 56 18 152 51 111 197 257 201 258 121 137 66 44 46 82 64 
13 147 55 23 196 278 76 191 142 44 221 49 112 167 60 221 257 202 81 122 39 193 102 63 280 282 103 209 94 107 188 293 79 133 205 287 274 256 1 195 206 284 277 247 254 180 255 217 161 117 70 103 219 25 96 280 287 247 67 148 250 230 197 250 223 194 138 33 121 267 50 270 130 113 71 173 274 22 247 266 132 262 238 216 138 256 207 30 131 158 205 86 168 10 144 220 179 202 207 96 
116 65 12 271 16 59 86 89 100 99 11 10 198 142 202 15 266 67 14 40 160 289 80 184 48 33 237 270 173 192 152 109 51 27 186 58 63 213 3 26 108 137 56 204 255 65 98 111 222 130 102 11 58 85 280 132 210 1 25 76 235 10 272 135 137 249 145 176 134 273 253 237 126 49 5 113 163 107 185 213 74 33 230 225 73 94 222 152 154 35 100 27 56 98 92 126 68 111 69 11 
263 205 97 172 294 203 16 183 114 248 151 92 270 215 263 9 49 235 74 24 264 247 25 90 164 205 91 167 283 48 9 130 77 46 283 242 273 115 189 1 169 3 137 76 178 74 276 99 135 130 263 123 105 264 137 73 15 283 42 36 6 149 26 74 272 36 250 255 33 260 169 167 50 293 243 25 78 156 150 280 141 201 210 85 191 36 15 236 133 120 237 207 110 290 255 33 76 182 162 44 
63 127 236 194 47 143 160 28 234 130 5 243 9 13 155 142 219 265 12 244 174 171 231 248 249 163 105 170 181 234 240 104 168 233 213 5 14 6 101 32 158 216 172 160 117 126 297 223 34 204 187 144 194 33 32 254 92 284 123 134 179 170 296 27 202 103 165 168 141 217 73 282 179 189 51 84 239 76 292 279 198 65 241 193 77 203 141 249 27 85 102 244 62 11 197 98 267 160 27 164 
114 139 169 212 239 243 87 274 82 66 125 162 253 271 182 158 11 178 50 185 155 189 169 168 18 213 4 64 214 175 44 280 51 239 45 60 131 192 132 270 285 137 164 281 294 108 25 55 148 265 138 11 258 233 65 218 172 32 201 65 42 35 3 56 3 290 176 18 232 201 210 25 254 97 204 42 292 174 259 272 73 235 146 134 38 213 234 151 10 31 127 74 269 289 261 168 54 200 262 176 
96 290 283 297 160 94 234 148 273 190 179 82 232 199 169 290 9 9 159 202 185 108 214 18 58 197 254 13 20 81 197 284 233 35 94 65 71 44 161 24 176 264 222 164 110 202 128 280 169 52 69 51 18 129 283 93 125 279 121 259 49 112 226 154 30 259 289 78 223 67 86 296 157 224 67 178 220 260 67 227 129 196 63 255 59 167 182 151 230 271 243 252 253 147 192 260 222 75 52 2 
284 282 68 247 84 13 31 61 40 293 85 87 152 79 182 185 158 61 278 109 253 228 175 122 80 36 56 272 31 252 49 76 254 18 88 58 245 101 274 228 120 289 11 208 284 262 173 253 165 89 0 42 222 227 246 204 74 272 73 17 160 104 77 257 97 35 86 136 108 74 227 7 167 207 192 103 116 221 161 220 130 265 99 159 177 200 259 182 279 147 221 288 125 139 82 271 245 233 57 217 
257 169 231 135 192 8 201 208 124 24 6 189 64 171 116 22 46 127 259 17 103 193 168 72 26 83 112 164 195 279 122 197 225 13 33 163 37 224 169 25 100 222 79 240 215 161 151 230 70 212 229 80 91 273 240 181 247 278 291 92 209 279 292 37 194 88 221 151 145 23 217 148 216 284 189 101 127 223 59 268 103 10 94 256 81 60 186 291 216 25 82 117 149 239 268 224 129 88 57 39 
188 209 124 100 28 38 123 145 44 19 120 58 218 163 154 239 247 58 48 75 149 240 225 117 41 4 9 70 75 235 143 112 6 58 259 233 208 260 238 119 10 244 140 75 172 265 212 3 27 143 222 196 43 195 297 216 111 222 200 56 262 167 123 165 235 277 214 92 77 14 133 20 101 229 112 163 31 233 53 231 259 95 232 114 272 14 86 212 217 177 245 249 268 240 46 39 15 183 140 20 
69 252 249 51 289 43 23 123 217 234 260 56 214 62 121 186 133 140 83 251 49 188 243 17 19 68 172 285 46 292 178 250 169 77 65 64 182 26 114 118 97 90 130 249 259 95 125 27 67 139 25 57 266 112 214 21 125 113 264 299 133 124 59 80 46 278 202 187 252 217 88 172 86 7 30 30 196 83 73 14 100 57 51 160 251 78 72 84 277 29 95 257 206 234 172 36 114 67 156 61 
172 98 299 5 286 283 37 164 292 118 149 53 206 166 10 210 130 211 150 54 15 18 276 244 66 252 264 270 39 272 262 37 108 279 163 234 44 60 235 258 111 60 60 146 39 24 125 130 154 82 11 211 227 237 64 127 214 104 4 164 136 144 129 211 234 49 285 66 124 274 47 100 121 40 239 288 141 106 193 189 7 158 237 96 121 29 18 146 144 291 220 28 200 253 108 260 180 292 261 206 
238 247 38 286 182 28 273 36 231 239 250 234 209 210 104 76 49 192 107 122 122 180 63 165 109 53 124 67 184 200 178 153 82 149 111 229 226 58 11 141 244 176 175 89 140 215 9 148 47 176 239 122 75 245 242 44 226 153 272 64 8 1 45 99 100 10 15 148 13 71 256 83 102 17 185 290 152 53 8 235 67 218 29 54 30 29 88 56 259 117 193 60 254 222 265 68 216 40 133 76 
3 211 137 171 36 250 39 54 58 204 48 25 209 138 1 74 281 207 26 289 268 225 67 42 217 0 195 109 174 172 162 291 225 225 106 108 98 18 38 72 204 220 65 130 25 48 20 83 155 296 3 295 161 12 245 42 193 203 51 33 99 193 134 247 1 163 70 290 120 151 189 16 235 88 189 259 211 176 190 257 76 248 256 19 226 235 23 68 277 171 240 113 29 9 224 148 256 43 130 209 
82 159 237 135 32 1 1 251 84 237 91 186 200 14 80 68 203 266 235 145 231 280 190 83 153 210 248 200 215 22 209 22 16 215 274 188 37 219 248 202 238 200 5 272 183 256 96 175 48 69 54 204 282 141 191 73 44 209 263 165 196 160 56 208 267 103 59 115 292 6 92 273 287 121 295 126 13 132 12 203 97 188 99 222 255 239 120 207 252 38 197 175 157 285 142 111 29 130 28 65 
171 30 225 251 125 240 195 5 78 139 27 244 3 27 24 190 72 158 80 3 115 49 189 76 17 60 96 136 147 94 94 201 284 126 128 152 194 53 109 111 62 213 234 182 232 237 161 172 58 286 128 207 83 177 184 226 259 159 269 218 46 205 205 295 2 36 5 289 289 139 191 258 253 154 248 198 38 59 279 16 201 83 151 262 90 216 134 29 37 148 142 182 100 164 220 232 229 70 251 233 
149 36 258 138 100 238 206 167 251 21 126 79 57 209 87 5 187 276 230 295 266 4 179 118 3 59 104 239 5 173 187 84 32 294 277 86 185 72 39 193 121 235 85 228 279 27 68 99 70 54 72 54 230 207 107 144 57 162 197 260 229 260 20 171 245 121 81 182 157 205 200 241 10 0 17 143 185 142 216 236 19 166 169 273 9 200 39 71 88 164 178 11 7 221 287 216 208 247 117 154 
65 217 133 270 200 138 253 149 29 122 76 173 66 183 1 1 151 205 250 8 231 146 267 57 138 174 12 174 225 15 3 239 287 96 5 100 286 151 138 149 257 175 86 288 119 163 23 264 268 140 201 222 6 209 25 241 255 48 74 154 216 260 295 251 37 61 176 147 244 68 115 255 123 112 138 196 42 248 264 269 4 62 48 9 280 103 56 180 224 3 181 266 17 135 262 285 290 74 96 224 
101 33 77 296 206 279 152 198 243 167 227 161 71 299 2 162 107 132 167 240 110 239 30 245 76 12 244 146 158 161 2 2 199 278 20 7 54 226 34 64 146 36 257 38 178 46 263 199 186 90 175 32 241 56 273 55 130 119 220 16 216 255 261 146 165 154 43 68 78 174 119 253 195 58 38 203 199 205 92 35 233 155 204 241 214 225 89 189 157 131 179 90 106 56 91 87 35 234 226 275 
192 111 193 89 179 23 93 240 43 10 5 79 44 24 17 101 91 155 79 166 190 18 48 9 99 136 240 45 102 142 155 33 107 64 73 189 100 37 54 146 183 102 109 101 68 217 218 87 298 290 134 103 42 162 132 288 171 2 41 140 68 122 19 57 31 295 162 32 84 297 231 192 289 289 201 0 67 102 288 23 293 10 39 274 175 136 239 191 58 200 190 285 86 138 253 208 40 270 20 226 
197 119 133 162 135 51 36 136 50 239 247 10 238 167 234 285 235 132 20 90 264 140 102 87 128 242 95 293 242 290 1 40 193 135 183 89 288 135 95 130 282 103 286 122 51 180 14 36 12 294 131 6 126 175 218 214 111 69 157 260 178 163 47 169 106 69 42 212 51 295 178 33 1 160 74 154 94 207 136 253 252 253 173 166 210 124 269 131 1 244 64 73 18 161 158 173 122 60 13 215 
126 117 248 221 0 292 50 103 118 74 211 26 278 126 218 215 53 177 180 129 148 143 76 273 267 63 159 5 204 37 170 98 180 294 53 3 156 267 199 83 179 210 276 238 230 185 277 3 152 28 26 60 118 130 228 243 30 251 230 212 68 112 297 2 77 86 203 210 288 79 8 85 297 114 190 202 163 54 139 96 173 138 48 277 25 220 197 79 241 175 142 2 110 253 52 246 149 224 63 238 
103 135 174 78 88 24 170 57 119 209 64 270 213 107 270 51 264 151 198 58 70 24 159 215 178 147 64 131 160 78 288 12 155 98 269 209 72 10 23 171 149 13 18 43 5 39 279 122 246 277 224 131 147 53 3 216 64 36 7 64 206 282 259 215 79 117 36 234 297 50 50 8 289 52 280 17 240 270 183 55 269 7 138 62 210 124 279 264 48 42 93 33 115 245 47 95 163 60 60 225 
79 254 239 93 260 124 96 168 181 43 147 145 40 105 113 28 286 67 194 84 190 214 242 138 47 43 46 261 39 251 100 231 34 38 169 209 160 90 127 50 122 172 295 180 219 19 29 248 174 15 2 255 262 252 12 224 263 255 108 279 291 297 157 275 75 20 145 273 6 90 32 29 154 267 275 176 114 48 5 154 104 72 219 57 224 40 106 178 153 99 75 152 151 60 102 97 212 254 226 59 
30 119 52 252 169 116 89 214 13 49 33 123 171 110 54 62 117 217 98 68 274 261 180 133 35 154 252 246 258 34 65 37 81 195 298 40 23 273 168 97 256 130 19 109 135 205 135 7 127 176 105 239 219 230 213 80 71 248 126 181 290 150 37 207 153 52 223 228 272 197 230 130 199 119 200 47 156 36 217 19 292 230 182 82 6 298 58 240 207 30 222 74 250 2 275 127 160 211 186 60 
