259 252 245 129 285 32 254 41 261 81 296 206 51 112 188 12 206 264 62 186 49 45 40 247 108 253 171 61 295 155 261 204 236 35 131 132 77 50 178 261 212 86 61 54 18 227 269 88 117 147 195 136 6 252 153 72 283 272 243 110 53 109 164 241 44 125 25 28 17 15 266 112 260 192 283 82 152 257 244 209 100 134 244 64 151 162 254 107 250 19 53 110 297 297 30 267 219 206 299 186 
89 97 66 113 178 71 239 221 52 21 78 149 222 275 212 253 161 172 176 8 31 184 57 122 202 282 58 113 197 166 220 136 194 18 131 25 272 199 296 195 269 26 2 31 51 159 92 248 158 234 126 76 249 61 166 133 226 17 184 187 279 192 109 104 146 123 257 86 79 151 143 92 237 201 161 112 86 178 136 187 252 184 89 190 224 79 49 195 44 239 258 274 195 146 178 242 47 108 179 118 
136 76 96 25 203 126 39 206 261 260 51 72 165 110 16 274 208 269 233 220 176 269 230 173 146 22 66 0 76 56 106 217 13 95 226 237 31 1 191 264 7 101 270 198 235 23 208 64 21 105 103 213 62 286 196 193 297 21 97 152 28 237 157 221 244 26 129 165 33 114 282 119 220 36 80 122 249 53 101 173 47 121 230 145 190 89 125 220 175 179 92 237 149 105 121 152 95 57 127 276 
205 36 51 14 164 102 230 295 279 114 38 28 102 62 83 177 228 57 156 188 143 299 159 188 202 37 229 74 68 254 293 162 91 28 11 101 200 239 24 265 108 143 72 30 34 40 250 68 128 195 42 72 231 159 297 232 127 61 122 161 258 243 298 79 283 70 81 248 22 59 89 273 38 27 194 293 159 235 10 202 58 227 171 29 130 269 195 89 284 60 144 103 164 293 0 144 89 162 54 232 
55 74 209 254 52 44 173 79 90 267 200 59 266 61 174 190 231 10 100 211 49 268 114 95 16 140 79 168 70 188 97 76 59 99 129 140 50 52 112 192 273 123 115 152 221 224 156 267 128 2 153 11 10 7 228 50 209 256 44 124 128 255 155 12 291 223 113 23 244 69 28 278 17 228 240 48 233 202 160 85 44 33 46 260 207 286 188 87 203 117 291 278 288 221 140 153 273 167 220 156 
135 293 176 167 135 11 282 279 135 261 75 274 167 190 98 159 228 197 299 206 158 70 139 160 287 164 243 122 95 56 131 90 65 180 17 31 269 165 142 38 4 90 193 217 185 138 85 239 109 256 48 219 266 97 69 30 211 117 161 187 243 21 249 165 63 204 287 84 193 229 144 148 102 65 281 235 254 6 44 224 171 30 221 215 151 216 16 102 230 63 197 61 271 93 271 90 73 159 297 124 
214 270 135 257 107 146 279 98 59 191 163 230 280 105 182 93 137 216 137 126 127 76 296 235 266 207 85 128 188 259 64 223 71 95 19 242 142 80 136 285 50 236 57 42 222 223 136 234 213 88 151 77 37 110 177 277 144 68 98 7 250 270 211 31 138 181 126 110 150 4 108 188 44 76 299 299 295 109 63 160 165 262 299 256 110 47 33 236 288 184 10 52 49 213 7 78 218 76 73 261 
21 102 158 76 162 122 85 137 281 11 114 273 114 100 277 262 109 113 64 134 148 299 151 78 23 291 188 171 79 228 139 56 62 18 123 232 146 187 233 189 78 60 14 21 49 71 108 155 82 160 109 246 239 128 98 265 230 102 201 163 25 88 257 253 293 276 147 112 181 287 258 182 64 178 230 258 16 179 37 88 157 226 17 217 141 289 226 286 273 188 34 17 188 281 218 3 118 191 13 157 
280 42 258 168 270 235 39 290 69 32 35 43 214 133 243 273 66 168 264 244 272 50 80 273 36 0 204 219 57 29 249 46 254 272 226 263 72 192 252 297 291 273 63 99 213 259 216 121 27 190 235 267 127 40 43 287 201 3 20 275 246 276 220 7 14 36 277 280 29 193 26 37 293 116 136 25 98 166 271 73 66 15 213 248 157 162 30 224 216 190 97 274 1 173 266 245 270 195 120 122 
19 237 25 148 293 11 231 123 125 134 221 294 260 271 2 237 164 44 158 291 107 299 187 112 123 44 134 11 165 217 282 126 65 142 116 177 102 43 147 20 71 137 282 255 118 193 296 53 27 193 18 276 71 64 4 50 58 68 45 197 239 34 120 215 40 14 11 153 232 104 273 172 158 262 213 5 146 150 108 201 47 278 139 12 105 95 145 207 207 79 62 143 0 218 177 117 234 10 196 147 
95 18 57 132 23 16 110 138 285 114 148 219 2 15 129 110 167 2 273 100 15 227 54 202 188 276 58 212 284 74 260 207 199 248 202 143 91 128 50 164 140 29 212 74 121 108 163 190 251 66 170 167 176 85 196 101 171 86 255 17 110 238 106 261 252 127 37 213 128 282 77 167 82 139 56 290 16 149 30 189 79 170 140 218 172 145 73 49 289 94 251 271 216 185 36 282 130 23 145 279 
188 210 146 273 146 128 91 92 48 213 289 114 77 36 284 17 25 250 177 229 178 285 187 142 287 153 266 53 273 208 239 204 73 235 18 28 102 211 21 227 259 233 172 125 236 186 22 58 181 266 271 105 38 179 94 295 221 164 217 139 254 258 250 244 65 131 197 247 253 113 139 239 175 25 25 155 8 81 165 263 263 75 128 85 238 263 129 189 204 263 217 42 275 116 71 188 99 124 22 263 
295 158 29 37 134 257 226 83 280 217 218 83 111 250 195 90 276 235 203 208 198 146 69 252 41 232 114 215 287 231 245 283 63 206 66 220 162 89 31 65 242 94 204 31 149 47 57 83 286 253 121 37 153 196 214 129 121 288 218 269 261 216 223 27 123 88 83 48 61 92 273 205 109 179 244 246 280 78 177 140 62 218 111 283 164 15 103 247 49 173 280 154 33 66 220 295 102 6 267 182 
221 68 252 284 33 246 10 128 26 170 156 82 238 233 156 118 10 93 261 260 227 211 19 203 131 91 275 296 233 130 167 37 45 95 215 193 198 105 169 109 90 9 202 140 72 36 65 75 17 139 19 68 185 261 112 7 167 113 1 17 274 33 286 61 217 110 146 101 221 265 41 46 57 129 230 126 262 70 69 13 164 181 82 241 157 21 294 191 133 181 149 159 86 227 285 263 205 69 271 122 
212 278 107 158 93 255 233 61 199 178 61 156 75 34 30 169 106 125 290 270 5 227 48 197 297 23 84 277 293 111 56 119 152 159 139 158 283 294 6 144 42 177 220 152 258 68 214 251 96 242 15 56 139 270 98 155 232 139 190 202 245 1 41 225 190 198 128 256 191 244 254 87 217 251 183 14 237 69 230 264 19 244 42 53 276 216 174 265 213 61 36 263 245 152 175 226 68 285 95 22 
198 119 188 178 279 119 213 281 216 214 80 95 139 42 3 298 138 123 92 108 65 110 281 182 121 66 277 181 163 149 47 56 134 189 297 54 252 143 195 290 220 263 137 276 248 82 49 86 63 236 74 139 109 114 6 206 285 263 12 194 52 186 185 148 213 140 204 158 124 245 273 67 147 296 52 19 238 110 129 73 69 55 17 258 0 269 146 211 233 85 48 250 10 163 165 20 193 48 210 283 
216 226 278 238 154 180 147 81 33 215 274 80 162 96 92 14 189 170 234 138 210 91 228 144 208 286 202 124 120 243 159 127 278 118 71 155 41 105 18 293 189 117 13 18 56 199 77 61 98 123 21 250 6 28 37 248 88 293 133 102 185 103 162 241 231 293 99 65 193 209 238 204 230 108 61 163 121 87 224 106 10 130 216 111 231 265 98 146 89 293 53 292 263 298 244 14 191 155 199 76 
240 285 119 100 109 15 59 51 204 37 58 126 241 100 123 210 275 86 144 135 179 202 114 97 12 14 0 16 75 47 2 292 100 281 44 288 80 171 207 115 205 113 146 215 6 145 97 62 144 266 283 90 30 100 130 78 203 124 167 94 197 150 29 77 136 260 174 241 296 144 24 47 36 167 98 208 123 212 223 215 192 63 58 28 42 174 63 258 92 223 56 208 239 112 256 292 27 280 76 189 
274 170 191 65 261 234 223 122 103 19 204 274 93 223 289 280 251 14 41 221 215 25 52 295 279 153 18 225 135 143 23 267 65 157 11 87 24 72 147 248 295 152 5 110 198 247 141 254 289 78 277 216 260 228 15 238 199 260 207 222 39 42 198 219 52 149 277 256 185 123 266 158 273 68 246 83 243 119 14 70 188 227 179 281 227 121 208 129 73 95 205 97 231 189 222 241 149 257 240 44 
156 184 180 68 82 95 6 154 44 211 15 193 80 61 42 86 168 240 139 8 147 216 153 53 219 283 159 2 271 102 109 52 261 71 68 171 166 96 85 5 137 15 97 298 61 147 287 263 215 213 89 124 96 24 214 291 163 210 176 86 162 0 283 207 140 220 146 142 34 237 276 123 102 242 247 242 28 59 189 103 185 220 46 5 228 51 110 174 235 240 53 15 169 143 252 298 18 118 175 261 
124 188 263 45 171 125 66 87 139 267 21 94 40 24 6 189 215 37 17 290 223 298 207 231 170 123 61 243 265 10 251 293 145 154 153 277 124 280 90 79 192 152 70 216 262 78 203 130 197 89 140 23 267 96 230 249 140 35 116 288 271 189 149 209 234 79 43 118 257 279 30 206 109 294 189 146 45 254 148 87 114 17 139 254 219 130 254 230 155 113 45 141 170 104 214 161 230 275 288 160 
183 246 274 102 284 208 217 223 235 144 91 268 266 35 261 58 284 83 186 144 256 191 199 268 16 90 101 46 168 221 101 160 192 24 116 77 240 52 120 211 90 192 157 94 193 60 251 267 144 29 38 213 49 173 223 235 143 34 171 171 118 107 18 265 29 10 121 222 64 212 283 7 288 261 109 92 27 279 4 182 69 290 267 197 7 237 281 134 137 211 27 288 15 51 166 155 187 156 132 6 
82 217 252 265 152 72 155 71 137 282 277 26 105 107 233 35 266 26 32 283 193 182 210 262 291 146 61 203 104 298 131 72 213 263 131 236 189 226 173 17 89 227 81 19 286 280 39 79 67 55 256 264 95 127 204 299 278 252 13 40 38 224 206 112 109 82 79 197 157 248 84 196 181 179 189 78 258 156 193 125 208 241 126 252 7 14 100 190 75 268 219 30 160 245 154 94 190 209 81 290 
259 249 83 16 43 202 161 142 119 73 81 150 159 240 138 52 173 63 94 296 213 259 270 98 189 191 147 167 172 186 177 282 83 124 136 263 173 100 212 119 180 85 157 105 86 240 11 63 57 213 228 195 253 234 244 27 199 208 160 222 239 287 66 238 265 224 287 271 265 45 54 106 69 269 189 286 191 236 122 245 35 57 44 242 24 295 113 197 205 1 13 128 239 189 268 12 89 118 17 84 
49 44 153 98 161 121 214 37 269 226 206 186 167 243 130 101 286 287 206 84 43 58 232 0 188 276 200 127 92 130 218 88 184 243 262 183 218 220 112 179 51 176 56 71 61 35 47 285 167 257 7 157 297 54 282 230 299 99 30 128 220 168 85 117 94 224 32 77 11 104 2 144 203 287 52 175 141 53 126 149 124 255 23 279 63 82 38 190 50 112 253 257 106 227 159 250 270 103 65 161 
33 227 12 6 84 35 233 74 216 36 80 226 247 299 190 11 125 295 114 129 19 273 154 53 267 93 115 176 38 270 257 6 254 30 143 255 54 27 299 201 104 210 189 94 226 246 298 272 79 223 30 106 184 11 109 212 97 264 74 62 253 116 261 81 195 173 171 290 109 245 35 151 46 53 208 211 51 224 160 178 37 154 283 61 287 22 249 295 41 129 164 120 3 0 153 180 28 272 112 156 
5 135 221 116 295 62 202 245 8 225 183 205 28 98 109 211 234 6 66 157 296 64 248 74 209 119 132 29 5 194 152 7 34 250 56 81 186 56 106 206 151 48 61 158 294 14 251 51 103 234 105 46 237 97 170 61 89 109 290 248 63 225 94 46 221 78 37 25 102 273 69 288 298 231 146 272 97 181 194 185 165 147 174 207 123 207 111 192 28 138 109 115 148 107 4 50 252 47 212 224 
45 271 138 126 36 176 151 139 43 68 193 33 55 153 0 47 296 231 95 92 210 45 227 272 30 97 95 9 216 80 288 147 298 96 110 233 145 160 76 16 290 227 117 124 83 168 36 198 247 121 181 231 20 176 140 59 87 279 54 294 234 47 29 293 25 274 49 236 277 158 276 86 144 97 170 198 248 272 257 88 80 53 110 91 236 41 1 202 221 48 205 81 156 46 224 54 105 125 230 203 
144 188 4 229 195 40 31 241 186 285 232 42 19 19 258 164 76 257 289 199 275 294 118 63 4 14 53 250 204 219 134 150 62 264 163 186 278 134 288 83 97 162 184 11 232 98 108 220 218 144 206 102 144 287 63 143 224 158 19 130 297 146 148 138 175 76 118 224 280 276 270 31 49 64 230 108 107 160 120 241 108 221 273 25 174 220 224 269 2 292 83 273 249 148 69 202 195 46 188 239 
171 122 77 41 75 151 10 208 12 255 27 154 257 218 76 82 24 73 290 298 217 226 260 248 98 223 0 27 234 134 54 123 202 276 252 142 237 255 283 279 163 156 237 0 172 25 155 176 238 9 256 100 252 46 295 258 237 52 150 239 232 138 148 297 105 94 12 145 100 112 106 285 228 91 61 258 267 243 273 276 104 282 292 194 85 202 220 95 142 70 106 245 202 57 97 140 264 191 12 71 
24 193 254 119 24 35 156 224 113 40 251 208 230 262 175 169 295 286 122 215 270 203 258 226 146 94 50 229 175 196 85 50 74 71 32 200 277 26 149 139 186 220 101 31 172 174 23 99 226 56 49 239 23 189 3 180 74 154 182 167 218 261 235 28 140 26 163 44 104 10 277 218 122 290 258 94 3 262 96 99 154 43 106 42 58 293 183 78 256 113 290 18 158 190 173 293 52 270 64 228 
134 296 115 25 229 127 82 11 173 258 158 98 155 110 221 68 212 295 146 72 166 119 129 278 137 175 219 111 296 155 175 123 9 108 148 0 275 247 191 221 287 77 115 66 269 94 145 50 235 63 175 126 2 183 44 268 216 59 103 296 234 0 159 93 259 189 268 96 264 198 190 28 261 93 50 158 104 199 123 219 97 84 235 113 38 194 38 203 140 171 186 67 253 262 172 103 291 173 170 240 
165 168 182 97 132 260 281 63 65 68 87 299 281 36 94 221 5 273 241 227 31 163 283 229 9 170 128 4 28 242 63 76 276 113 116 283 14 255 5 227 122 247 160 79 287 9 127 176 171 209 166 249 231 171 104 225 22 149 224 216 48 233 26 57 166 192 111 274 173 142 89 265 280 214 290 37 294 252 50 24 236 165 123 200 162 119 173 47 11 2 227 284 270 138 244 146 132 102 133 287 
256 4 277 273 208 22 18 52 168 133 188 84 164 40 244 144 230 114 287 32 262 32 215 114 134 201 212 119 172 275 178 29 58 43 187 296 40 159 4 225 220 103 273 121 183 265 252 238 290 54 250 122 27 242 64 241 60 17 199 165 116 215 163 172 193 81 109 149 110 281 103 290 214 104 208 10 293 113 160 265 210 221 105 116 88 9 75 262 84 104 113 147 190 258 264 281 288 263 139 32 
85 16 24 274 226 162 206 107 186 56 172 73 141 184 272 43 294 45 168 267 226 164 237 177 260 15 112 50 119 181 218 54 60 259 102 66 249 190 22 144 90 6 83 270 221 131 77 89 225 298 290 175 150 86 127 44 249 95 132 170 46 18 157 66 69 79 62 80 257 120 213 198 197 175 209 193 297 37 117 113 229 88 77 134 77 213 249 111 85 150 271 122 141 212 146 236 107 44 120 130 
143 271 251 60 268 78 63 237 37 131 103 251 19 166 259 153 101 243 104 226 56 228 166 152 296 113 174 40 270 162 15 188 179 17 39 194 257 105 209 31 253 62 213 220 237 193 185 3 139 122 107 10 221 185 13 199 183 266 79 199 250 141 211 288 254 248 129 113 290 42 38 194 10 96 267 79 197 197 166 81 120 120 76 65 170 244 63 131 222 63 169 112 275 28 262 260 238 77 211 108 
153 250 131 6 86 153 298 68 237 206 100 13 90 291 71 101 123 167 160 45 53 20 160 192 237 36 45 160 153 136 46 79 36 256 59 147 210 11 6 104 103 56 11 121 111 43 93 46 234 284 137 32 93 236 6 226 292 21 99 174 233 109 241 107 89 94 51 286 26 161 134 146 265 182 280 188 157 238 82 131 188 96 86 277 276 233 274 182 232 235 45 216 264 68 205 247 102 298 63 58 
159 50 235 170 165 26 279 159 190 159 53 4 273 70 154 126 88 149 266 72 45 138 138 194 245 268 57 203 290 273 134 255 151 211 32 293 174 130 35 205 17 37 195 257 169 184 14 289 127 281 195 253 120 158 248 10 92 222 191 24 69 227 101 70 228 200 90 210 96 275 1 126 194 261 171 27 229 276 62 202 243 5 144 292 207 258 275 30 236 62 71 264 223 40 87 150 92 220 148 261 
299 8 288 19 129 271 186 293 167 296 285 263 198 256 109 237 64 7 40 245 59 36 274 298 0 56 40 75 101 101 255 134 255 51 29 139 142 194 15 115 197 258 291 298 206 220 56 113 37 77 291 44 56 247 212 71 112 262 170 254 226 85 263 190 28 58 116 206 237 112 111 98 97 14 85 262 230 135 159 55 112 240 195 242 39 221 108 177 7 143 71 286 219 273 99 272 286 122 64 264 
266 55 33 57 49 154 259 272 178 262 98 243 139 239 81 15 268 32 291 255 229 191 63 135 116 117 0 201 229 239 277 122 133 144 47 84 196 36 192 3 145 77 230 138 32 24 264 35 88 145 197 85 154 66 291 225 100 57 73 139 153 173 220 183 54 219 258 220 113 222 193 95 173 247 250 143 238 209 257 71 121 8 236 64 226 232 259 145 205 49 135 64 155 192 13 44 229 72 48 112 
78 110 25 81 121 58 96 38 37 115 188 282 144 57 27 195 22 252 290 106 282 272 77 64 265 167 199 263 106 183 5 256 98 1 177 155 162 80 77 83 241 98 116 224 245 147 160 131 212 100 0 85 60 191 196 269 276 107 15 294 18 15 56 224 213 98 61 75 82 170 79 119 194 117 186 50 197 87 268 98 206 278 167 53 285 258 264 257 149 156 184 253 143 89 206 1 263 279 44 193 
22 108 226 261 172 202 37 71 54 74 222 70 206 199 216 142 122 277 292 152 10 62 191 114 143 277 31 50 52 118 86 120 202 90 118 2 251 51 129 227 186 254 39 198 286 38 274 44 247 72 232 52 185 241 176 219 164 35 14 144 16 64 272 296 90 167 125 49 171 33 216 223 179 195 70 147 180 13 151 48 189 18 182 35 197 180 170 264 232 243 211 234 159 33 142 25 39 277 166 186 
72 120 240 18 167 87 144 88 26 174 83 137 222 48 203 193 133 269 126 143 122 164 224 84 218 145 27 204 15 142 191 173 194 188 133 140 101 136 164 209 223 178 63 223 171 278 42 224 251 170 23 214 125 284 54 102 123 123 152 292 68 107 65 87 74 112 20 242 12 203 71 7 139 49 111 11 213 244 77 242 238 176 198 160 151 205 152 141 275 129 292 73 296 100 287 143 82 178 216 203 
218 236 249 57 238 247 98 168 167 170 232 238 46 154 210 126 187 151 235 0 207 89 20 132 213 272 233 273 187 232 127 267 146 135 121 11 20 4 293 22 40 299 4 181 27 110 44 251 205 0 266 219 149 204 164 176 50 225 25 250 226 299 246 7 176 120 19 69 149 187 283 234 86 93 29 218 33 46 39 71 25 83 211 87 231 142 107 209 50 81 281 229 230 266 295 217 72 130 217 40 
285 1 149 150 76 134 186 105 112 172 196 182 283 247 46 203 147 210 258 299 143 217 169 70 166 131 118 27 142 126 188 279 24 218 94 289 26 291 91 214 180 134 271 141 99 197 288 175 295 282 16 239 36 129 94 86 132 120 215 61 214 88 59 219 262 150 215 288 72 220 174 226 254 44 7 3 105 189 261 228 298 104 38 184 157 96 167 196 91 203 145 298 129 248 152 2 155 9 228 85 
130 128 296 68 244 192 145 13 154 199 60 124 16 189 271 219 46 256 278 64 174 46 56 18 145 26 35 118 64 278 176 211 100 12 168 108 95 128 76 14 40 222 158 14 173 257 52 287 127 95 116 134 43 25 289 93 167 225 185 103 79 78 92 91 262 53 104 199 56 46 53 242 48 140 298 47 161 96 244 28 72 22 187 227 57 82 40 192 152 7 282 232 122 30 267 179 280 285 88 32 
201 40 219 29 39 123 69 229 168 161 200 210 2 165 131 178 212 263 264 210 38 214 217 197 183 259 82 58 266 260 221 79 272 138 39 136 59 24 295 103 182 281 228 30 87 4 263 196 196 250 38 271 11 47 287 198 16 296 8 269 248 56 203 93 79 178 136 282 170 219 211 62 291 121 295 179 280 6 240 204 138 129 265 60 5 22 195 247 139 240 274 154 239 232 177 265 28 295 60 19 
114 204 57 104 179 79 126 242 149 61 26 102 224 153 38 224 174 278 186 5 274 258 168 208 261 167 160 135 158 228 12 123 85 258 150 111 66 159 168 97 147 239 124 270 143 149 72 139 285 240 279 172 104 287 97 295 92 230 79 24 9 154 90 167 190 82 10 143 68 135 162 290 136 101 214 97 119 179 76 106 117 185 299 194 13 71 197 72 254 73 131 159 216 221 146 251 153 64 200 167 
238 49 203 257 266 127 82 118 137 205 114 91 172 243 214 233 281 254 293 254 221 35 55 280 85 277 223 237 213 12 93 99 86 14 144 192 136 284 185 13 183 164 141 253 61 130 163 124 292 184 101 53 47 110 64 7 15 141 122 15 92 218 296 295 98 46 29 125 189 58 258 107 75 292 169 45 116 252 295 48 158 176 224 178 238 144 214 137 42 71 135 204 93 297 130 64 216 65 93 11 
91 287 242 235 163 197 104 285 13 131 97 199 159 287 163 295 13 102 296 77 98 89 241 249 136 215 287 216 22 59 29 63 49 264 52 45 165 223 203 148 80 145 34 248 7 205 102 3 240 36 15 16 284 260 148 24 58 90 130 150 191 151 184 160 159 269 42 130 60 181 253 7 261 20 73 176 278 258 252 159 203 154 78 116 294 47 85 168 73 63 136 67 202 206 267 206 229 97 208 293 
295 292 160 92 213 9 259 13 148 242 117 149 70 44 2 56 61 20 240 274 150 294 284 285 129 89 273 169 283 138 255 82 152 272 24 169 78 111 275 130 162 224 22 20 89 253 210 221 14 49 188 4 269 294 195 31 115 165 23 178 193 226 59 57 142 245 2 26 245 252 114 43 22 273 183 49 192 246 167 77 11 76 134 77 163 129 164 214 64 41 264 288 251 54 239 223 209 239 74 46 
187 238 8 49 106 129 107 138 91 39 177 235 149 11 202 241 242 17 128 81 252 124 165 252 93 166 252 231 261 213 43 9 190 198 264 187 84 200 259 122 150 172 87 151 121 203 175 173 140 131 262 28 47 289 218 213 7 294 297 174 142 236 138 155 160 48 259 241 126 266 26 58 214 101 13 90 250 167 57 144 263 295 219 31 21 153 206 215 130 53 215 91 192 8 178 121 147 256 84 108 
102 243 189 168 41 269 53 99 59 225 17 54 241 52 287 275 178 164 270 258 76 49 154 298 20 101 40 1 53 41 264 163 150 114 16 271 276 241 104 66 6 67 7 264 148 4 133 155 119 278 277 107 183 4 65 159 28 91 187 190 129 281 103 90 1 68 234 7 144 133 77 291 46 218 238 229 210 265 294 148 142 82 180 53 265 263 112 215 121 289 48 37 38 234 44 53 291 197 128 253 
283 217 185 123 31 42 283 233 266 140 85 104 116 270 26 16 288 154 197 149 72 109 267 160 166 81 267 29 52 129 5 108 119 281 151 85 49 7 97 188 140 153 59 289 106 72 152 145 198 60 129 57 147 269 151 134 240 90 265 38 80 227 297 32 123 200 205 78 152 212 101 167 104 248 175 247 274 153 186 283 93 19 59 148 184 58 128 296 40 180 70 142 207 161 62 85 14 172 151 17 
56 199 102 237 142 88 238 28 54 17 179 134 284 85 208 209 213 264 288 145 162 225 185 287 229 265 278 52 30 179 267 258 245 242 197 231 194 123 20 234 137 299 171 162 99 35 279 168 68 214 36 241 150 19 291 160 274 16 249 245 90 90 70 273 35 86 278 72 76 55 172 9 86 13 164 64 213 197 74 270 115 42 11 172 228 239 239 25 202 254 4 70 194 25 87 111 274 115 88 144 
256 141 250 39 127 133 211 159 20 86 73 134 184 178 235 191 208 121 258 163 274 263 227 201 26 95 151 95 274 44 232 295 150 56 120 158 187 176 31 68 95 4 97 92 38 59 92 205 79 80 148 161 180 254 61 133 18 94 69 198 116 231 5 2 59 166 251 145 22 258 158 198 126 105 206 221 5 225 87 91 179 226 16 19 245 152 206 191 150 36 87 134 142 130 192 100 61 281 22 289 
224 2 120 25 154 266 167 107 213 151 220 279 233 181 46 150 158 209 152 297 154 190 161 33 198 206 200 289 153 207 219 89 81 166 238 249 65 179 289 121 154 119 274 135 278 26 227 41 141 253 80 265 142 176 120 231 90 187 298 62 16 298 234 125 181 208 56 67 264 292 287 168 20 175 130 15 100 25 255 164 16 180 97 107 143 69 100 178 164 208 74 106 9 194 136 189 12 161 237 102 
103 172 186 242 103 272 23 37 169 162 201 96 2 253 61 294 31 295 244 204 291 39 43 137 175 225 233 214 226 125 110 74 51 9 250 174 127 198 246 183 268 209 78 28 50 110 228 190 36 136 37 148 210 86 41 100 176 138 172 215 7 268 218 96 190 173 14 44 13 13 14 292 232 257 70 264 146 53 175 259 28 57 102 127 227 294 234 234 51 0 73 48 276 266 138 111 154 225 290 209 
215 144 236 269 143 215 136 49 141 291 134 22 137 78 172 272 213 7 171 39 191 132 38 118 211 26 129 87 225 45 32 236 254 188 144 245 132 283 108 210 83 104 132 30 297 74 286 187 4 177 131 144 102 42 133 40 197 29 180 57 33 200 65 105 215 82 157 144 247 245 263 283 52 203 50 95 266 203 57 160 68 255 212 271 171 89 202 171 215 223 103 280 225 108 124 209 184 127 124 23 
84 1 13 216 64 142 27 257 15 11 141 156 73 131 174 7 238 55 166 281 275 296 229 44 28 143 14 83 11 166 180 96 287 110 181 70 263 139 28 253 195 131 261 46 19 263 298 129 87 38 280 256 259 168 18 298 156 130 18 139 11 242 218 74 216 49 196 248 129 19 4 279 244 247 190 87 238 212 224 215 86 91 113 119 78 30 119 185 132 281 258 206 299 234 157 94 183 146 93 67 
170 274 236 157 45 267 267 142 126 246 247 164 288 122 5 143 140 47 8 45 268 227 130 19 125 227 138 90 212 285 217 153 299 3 24 9 298 215 77 119 284 196 255 8 291 155 235 179 120 15 213 78 220 154 103 94 64 73 260 125 12 234 252 280 254 204 127 182 51 134 43 174 170 72 58 240 76 70 192 287 96 2 20 45 160 168 189 24 232 196 80 219 37 216 257 264 244 247 230 285 
204 157 230 140 14 276 225 79 43 298 103 40 39 280 112 137 80 58 271 179 137 188 178 225 292 273 29 99 210 105 4 288 169 136 42 192 142 189 215 242 5 92 273 20 21 288 255 271 216 136 242 78 55 212 57 222 2 299 175 127 122 186 282 257 243 107 90 154 16 159 110 35 288 156 210 94 50 40 42 125 257 134 233 14 198 66 14 150 65 211 275 200 218 38 151 20 36 262 162 59 
122 234 118 32 74 218 165 31 126 146 224 209 269 267 153 125 170 20 32 178 139 108 151 144 69 272 24 96 141 144 83 50 122 269 68 200 54 218 194 153 254 59 41 59 73 241 14 30 179 211 56 101 55 248 229 269 42 178 205 101 3 150 257 151 171 53 184 164 3 291 266 155 168 198 127 202 102 78 203 89 165 282 17 147 296 101 113 95 7 242 153 15 180 164 156 198 156 82 9 115 
147 119 249 213 101 153 36 166 170 55 148 11 33 43 108 201 64 264 44 16 163 121 284 211 278 22 226 168 231 116 180 269 161 40 58 112 289 82 212 103 79 236 255 147 249 144 209 210 138 85 106 10 142 179 75 88 19 16 162 121 251 23 256 171 265 279 14 183 61 119 228 161 76 36 129 226 87 134 159 118 150 296 22 28 276 43 258 174 177 117 290 255 200 271 222 96 131 43 77 202 
15 258 243 117 120 93 289 222 145 269 87 261 112 217 124 39 261 119 188 161 239 127 182 188 162 167 186 276 247 266 214 290 49 3 10 43 293 93 192 157 225 205 80 72 252 155 250 81 193 73 246 134 208 124 116 275 253 152 11 243 49 262 101 146 90 128 169 169 222 181 237 26 225 101 147 178 182 3 213 281 268 146 268 172 102 113 141 288 158 38 121 222 89 268 255 46 233 39 187 57 
51 153 294 6 79 91 23 236 126 41 100 232 46 18 49 284 56 214 251 208 287 141 97 296 235 240 232 147 172 250 121 162 236 220 243 16 282 73 101 292 128 269 69 216 88 132 41 173 286 102 214 194 89 12 175 82 135 154 263 280 298 275 150 269 221 56 273 88 298 16 160 161 245 271 288 52 248 6 153 235 24 75 270 151 244 173 114 186 21 74 85 89 203 231 47 21 62 211 8 67 
155 160 77 180 283 154 34 176 155 26 185 30 286 11 230 25 129 146 235 14 110 179 177 298 43 273 240 258 263 30 251 140 212 49 248 251 131 76 255 33 262 49 60 179 69 179 118 246 186 96 245 30 96 206 292 176 142 259 80 16 180 105 111 239 99 194 292 269 194 183 106 78 259 299 127 97 151 199 295 154 293 51 277 92 125 143 189 166 120 83 243 156 217 284 135 108 240 44 22 126 
190 72 252 47 268 72 258 193 125 214 133 195 125 79 191 58 159 66 169 61 65 174 99 237 95 134 280 40 25 151 273 107 57 163 96 253 140 67 79 173 71 50 239 167 221 15 230 176 40 235 240 228 29 168 269 143 144 145 46 30 11 71 70 191 178 91 183 219 194 154 13 3 82 53 98 141 187 268 67 156 95 165 49 179 164 233 4 123 218 19 100 294 186 164 264 54 20 249 164 181 
116 35 234 11 96 224 169 70 230 183 165 172 131 89 221 274 55 276 173 284 15 53 54 289 107 53 196 132 101 82 0 119 289 287 211 219 107 51 49 181 86 1 241 255 174 231 215 182 216 275 275 62 285 59 130 114 192 208 298 190 184 252 123 194 229 53 203 145 253 37 77 50 191 77 174 270 27 195 4 118 64 40 228 158 190 236 185 50 294 127 157 219 249 243 208 241 16 115 23 269 
224 12 2 62 180 26 297 240 146 109 31 274 112 188 76 95 12 138 254 255 298 115 86 276 192 93 36 209 198 23 178 261 155 286 276 179 256 239 1 281 3 53 149 287 275 39 56 129 110 3 74 131 254 80 288 140 193 224 226 157 87 67 33 159 234 292 294 180 116 209 235 273 282 126 82 40 296 248 92 77 64 24 132 294 112 297 124 91 144 114 111 189 295 233 139 226 197 150 157 46 
93 96 271 25 151 149 229 225 21 273 299 214 133 113 114 134 287 47 277 297 289 225 258 289 198 250 109 287 159 164 108 79 19 100 172 240 30 262 99 215 225 208 18 212 59 201 248 289 191 15 124 63 120 6 112 50 9 281 279 93 290 126 196 254 290 189 291 215 52 189 203 93 51 54 280 39 233 242 239 74 139 187 228 12 177 192 256 279 298 260 72 292 237 215 12 291 203 234 107 73 
195 109 230 287 109 111 170 124 295 138 31 50 141 183 283 205 85 41 151 124 142 89 140 28 165 60 153 91 284 108 221 138 28 156 175 1 70 215 204 222 170 182 175 220 276 33 198 288 214 259 193 182 82 273 157 270 220 249 91 197 195 91 224 254 128 248 275 256 74 9 81 18 24 18 128 168 220 64 79 43 254 143 89 260 20 224 53 17 99 218 137 229 226 163 201 2 125 122 173 111 
225 270 61 158 282 278 225 54 281 207 222 78 39 209 252 6 30 118 116 230 246 91 11 56 171 208 223 117 197 38 218 143 195 179 161 116 44 209 103 219 36 67 10 259 223 189 37 121 147 238 159 295 122 11 274 189 152 245 92 199 202 139 2 234 153 17 57 96 263 253 278 78 87 148 288 152 172 38 105 108 138 269 117 130 69 143 226 284 27 132 57 76 286 59 256 151 65 207 80 92 
5 64 237 128 75 257 156 81 72 266 291 155 241 100 119 247 212 3 143 110 283 295 100 105 72 212 221 231 68 104 251 98 288 151 240 75 272 176 269 64 22 199 72 127 287 189 281 116 60 95 103 77 8 31 189 134 0 271 140 164 127 167 250 34 106 114 93 137 15 215 43 51 202 250 296 231 44 28 78 39 100 275 33 44 122 271 251 209 57 92 170 213 140 161 180 46 145 132 233 246 
238 127 151 217 176 87 222 187 240 119 175 80 271 118 27 180 241 121 271 104 53 219 202 86 205 150 269 212 132 11 183 240 179 32 53 135 24 297 47 59 175 292 63 93 295 190 189 131 53 183 289 186 271 15 205 272 52 170 202 72 146 105 96 73 100 90 204 0 274 86 42 160 177 121 287 164 175 269 264 156 138 202 4 152 283 298 223 102 143 161 87 20 281 123 207 177 271 25 81 276 
238 148 188 41 6 212 150 140 295 128 4 260 112 222 236 60 274 170 171 220 204 130 223 286 80 161 18 58 23 36 251 115 140 96 36 171 26 205 49 30 123 119 0 53 291 191 102 229 42 120 137 182 65 222 67 193 203 34 77 74 151 120 207 2 256 94 115 92 62 286 136 69 11 285 21 65 288 29 70 40 272 123 54 53 49 253 98 290 190 112 69 52 121 217 97 48 110 230 225 226 
36 134 250 53 255 188 171 200 181 255 35 267 64 245 26 145 48 107 157 287 97 113 258 273 192 199 260 293 111 175 173 41 109 68 28 210 71 210 165 104 15 94 182 149 263 64 165 280 286 240 3 127 32 214 207 256 260 74 260 38 77 222 75 15 270 13 225 193 23 116 259 207 167 242 219 82 167 286 289 192 51 139 190 43 47 243 129 233 117 121 18 78 250 15 288 238 5 261 222 85 
155 98 214 149 279 263 113 295 222 229 93 228 299 70 259 65 15 280 203 16 23 157 14 237 212 254 276 146 172 39 258 295 31 259 166 8 261 89 52 275 254 201 243 45 150 159 112 148 186 192 154 130 134 67 47 268 269 255 42 49 22 49 262 93 60 29 26 250 52 223 21 270 9 68 79 77 256 207 73 148 197 101 246 38 106 72 178 150 203 158 131 73 174 157 286 181 100 54 43 115 
223 175 88 293 209 273 219 138 169 286 57 110 297 145 82 189 132 99 291 91 84 286 195 154 14 68 41 287 229 267 144 17 16 119 116 215 200 119 16 220 74 167 269 209 252 185 174 269 162 275 25 296 59 16 193 38 157 58 127 133 1 156 226 22 66 136 190 136 169 227 201 57 253 127 204 181 280 101 8 284 85 31 44 228 260 80 257 119 119 103 69 1 158 292 28 101 277 141 189 152 
56 37 75 99 288 115 151 127 8 92 109 146 286 0 73 179 299 194 64 232 48 287 251 207 86 205 131 243 217 188 78 220 17 209 85 238 293 9 154 238 83 12 280 177 183 22 56 137 208 162 226 26 192 257 77 121 59 69 155 43 154 231 148 291 288 222 149 244 214 29 12 34 35 99 190 215 62 237 196 251 31 107 66 159 163 70 109 81 128 121 27 109 20 63 216 246 189 245 223 167 
297 233 86 232 207 246 26 208 102 88 154 132 96 106 145 138 205 14 138 214 29 277 284 261 215 212 154 192 88 262 244 167 20 212 123 110 27 65 74 146 186 289 81 153 211 187 34 244 62 185 238 181 246 77 65 64 204 46 257 29 269 181 48 214 226 225 132 39 135 87 30 135 96 90 118 177 236 2 10 139 179 11 213 33 279 213 223 161 81 297 114 157 32 94 118 26 222 273 40 52 
91 266 131 22 243 244 65 268 43 219 57 194 62 91 156 118 144 128 281 40 111 236 200 169 94 113 75 30 154 124 172 279 299 204 21 136 7 207 77 214 293 25 166 293 152 31 215 44 5 255 168 298 155 172 52 116 49 137 146 167 157 213 171 175 151 194 183 112 164 238 202 168 20 198 201 65 90 101 265 16 10 146 24 114 171 250 229 46 147 251 268 120 207 118 174 24 183 180 278 134 
90 67 177 73 114 32 240 149 214 178 171 233 19 137 160 76 221 283 12 72 182 27 85 217 108 13 73 175 83 126 137 130 229 60 230 5 177 208 24 97 94 273 153 88 13 52 228 285 95 254 209 97 32 189 12 66 297 115 251 99 288 15 201 5 21 218 249 133 263 129 44 38 201 236 90 235 50 102 257 52 83 86 251 253 223 117 241 220 108 204 17 1 180 153 182 278 206 213 272 252 
106 81 193 47 70 185 286 224 107 84 147 165 176 166 158 69 165 274 237 74 178 4 234 175 261 262 235 110 57 221 2 222 56 174 174 176 35 241 66 267 77 250 105 93 262 23 212 200 217 178 140 37 207 234 227 15 113 19 20 107 76 185 297 227 212 133 129 221 131 264 50 270 230 0 48 83 260 85 78 262 150 99 261 95 296 224 139 41 70 20 242 187 268 255 69 284 290 274 74 159 
222 46 245 99 60 226 296 223 192 152 219 168 22 262 89 78 275 200 75 167 242 116 277 50 138 181 291 269 18 197 35 9 108 87 116 118 270 135 248 85 41 227 17 124 104 242 184 198 10 131 31 35 263 209 40 66 216 84 95 216 143 54 273 272 17 218 218 181 47 293 172 214 259 15 180 133 216 5 212 273 227 217 154 84 76 53 56 257 72 287 196 295 296 220 162 87 45 12 100 210 
229 14 181 201 131 93 109 256 162 133 152 169 160 165 89 247 209 161 25 87 204 52 275 97 18 220 282 178 156 9 265 148 67 67 27 119 35 271 24 119 194 127 150 298 299 217 135 151 137 125 282 30 178 41 163 110 270 35 253 209 142 53 74 140 229 40 1 178 288 265 104 241 45 147 199 146 106 283 213 116 154 60 107 8 25 156 89 287 292 262 98 25 196 124 279 53 31 208 36 9 
270 93 121 34 97 33 94 147 40 112 106 295 167 172 289 284 273 131 133 3 276 24 121 249 76 269 255 119 273 269 208 113 294 177 69 11 51 81 8 12 225 24 51 98 68 111 220 171 118 206 34 267 263 124 63 213 107 278 103 62 35 33 260 140 102 275 265 271 220 74 52 30 285 203 243 231 294 286 103 156 220 159 256 9 207 253 40 30 46 237 46 39 181 205 284 217 140 181 188 214 
134 145 211 204 176 176 267 98 199 61 111 171 207 268 121 95 213 192 107 223 280 275 65 229 291 37 41 148 50 224 200 1 238 186 12 10 118 237 35 258 188 280 27 192 135 215 106 49 234 205 29 160 96 83 99 277 258 136 267 286 206 239 93 19 129 69 56 140 267 48 278 271 213 278 108 280 64 86 14 221 273 276 109 154 16 199 9 53 228 0 205 58 82 64 16 284 14 190 119 63 
239 10 121 21 211 177 86 130 250 202 202 225 45 176 292 28 290 53 282 191 90 71 240 68 252 105 37 141 152 296 12 26 90 126 79 57 128 115 28 259 81 22 25 37 288 298 161 86 72 86 195 187 57 118 95 104 187 171 87 61 121 88 60 117 101 238 125 186 34 253 214 285 14 140 185 159 249 19 113 241 277 138 116 227 284 161 171 259 223 110 19 144 176 254 158 277 22 20 54 212 
75 239 265 215 99 122 282 289 60 1 212 52 53 21 168 197 242 239 71 108 32 138 40 255 189 234 211 217 35 185 19 32 17 136 205 26 258 1 273 254 232 96 65 255 284 51 136 277 289 46 144 172 14 6 87 281 16 156 62 265 254 149 200 41 139 166 201 276 141 149 34 207 199 274 120 266 114 175 255 205 28 260 10 278 137 204 84 242 193 32 164 290 93 200 28 291 268 267 62 199 
198 106 204 63 236 57 167 78 191 82 26 183 178 82 128 202 101 58 78 182 108 261 173 175 30 190 163 298 218 32 0 114 279 216 76 34 72 191 299 94 159 264 1 242 109 28 203 64 238 29 9 278 293 132 24 12 143 146 123 175 112 205 206 10 66 58 102 124 249 170 23 299 63 245 91 207 72 6 274 97 80 249 106 197 36 249 289 142 75 30 145 125 262 253 8 157 6 17 120 266 
192 43 145 51 45 257 264 197 99 40 294 140 256 153 25 272 1 240 50 280 102 72 296 117 24 294 11 239 211 245 233 223 209 13 117 24 78 299 13 124 274 241 250 117 128 79 173 93 237 148 260 254 163 108 26 278 238 66 23 214 292 266 63 83 156 170 232 102 207 140 222 100 93 74 275 161 225 169 155 14 242 107 182 237 68 208 151 64 92 26 131 88 263 204 123 231 174 88 122 279 
234 121 98 194 4 291 140 79 140 200 162 219 61 35 118 211 256 15 4 59 94 186 92 276 31 290 216 78 181 196 26 229 269 183 38 5 4 96 91 64 299 152 143 14 159 105 12 275 163 4 213 12 29 210 105 107 273 89 106 0 15 42 57 36 178 205 29 193 235 213 213 78 128 208 74 273 178 73 213 34 62 256 193 294 99 149 11 219 263 37 243 98 162 162 170 262 67 102 252 147 
158 185 100 35 282 226 82 296 280 150 13 42 187 155 153 210 289 173 190 262 6 106 105 3 156 143 126 17 71 61 43 150 118 109 252 258 84 224 24 73 240 38 143 226 139 189 192 286 268 72 129 268 42 36 224 271 248 59 292 252 57 67 129 279 237 237 44 216 24 99 111 98 281 83 76 162 54 245 263 52 82 123 156 40 275 207 57 91 102 204 213 164 227 48 258 72 25 105 293 252 
21 279 80 218 13 258 191 71 197 185 181 260 133 22 240 298 110 98 219 10 101 159 205 96 212 164 276 131 268 101 119 58 163 264 90 114 23 187 209 216 234 3 215 156 0 152 193 6 181 62 184 136 43 192 291 0 44 246 244 219 8 236 53 270 134 57 58 225 51 114 89 5 195 200 60 118 78 251 94 69 258 287 77 273 239 154 136 241 19 128 189 193 232 272 131 1 18 196 159 251 
149 234 168 295 110 144 234 217 81 73 72 110 139 129 288 290 17 55 79 297 233 280 120 136 207 259 166 110 231 123 26 256 121 165 121 49 209 74 10 86 236 227 155 57 26 47 293 10 189 85 197 254 282 43 244 196 87 230 142 166 225 19 247 233 219 209 30 211 151 0 222 184 87 141 50 18 82 107 60 58 148 225 245 280 27 161 287 82 7 277 118 52 45 296 101 265 175 23 252 38 
63 132 162 67 158 298 101 118 271 275 280 181 236 175 84 150 258 246 169 29 183 7 95 24 37 41 125 269 142 114 217 261 271 151 242 119 57 168 129 185 288 288 201 259 74 187 45 188 136 181 32 133 147 182 245 190 214 8 282 183 50 248 97 224 134 77 164 285 208 137 30 197 231 250 232 264 206 232 73 26 150 287 41 22 247 148 214 63 157 87 21 82 280 71 3 51 108 230 127 204 
215 246 103 208 159 72 101 165 153 235 216 145 258 120 122 249 80 242 193 138 172 75 153 59 229 221 56 143 149 1 81 113 102 23 289 217 0 268 231 89 17 44 229 32 114 204 255 229 124 84 144 287 137 0 143 112 175 16 248 111 177 283 171 271 205 284 139 37 110 284 231 160 188 223 109 23 272 203 12 206 108 281 68 127 26 297 14 28 248 201 278 48 48 208 296 170 109 160 210 122 
249 73 104 199 0 156 227 199 54 149 288 285 276 195 244 53 81 136 216 287 122 67 222 21 46 108 112 130 116 141 30 74 6 159 211 185 71 147 296 15 243 141 235 33 121 104 253 69 273 291 50 1 291 100 30 142 92 55 137 32 244 65 238 205 103 30 299 258 100 55 132 75 58 20 98 243 17 77 22 195 73 39 214 11 30 230 119 103 0 189 108 283 191 93 78 270 261 17 145 23 
139 89 62 291 49 294 245 269 122 66 116 60 255 292 260 117 195 246 292 9 55 117 288 19 107 105 3 205 69 249 113 210 183 149 286 224 99 107 199 133 274 111 206 72 286 66 163 45 126 188 246 239 206 252 131 173 54 0 173 290 209 131 90 146 282 183 277 77 288 6 277 178 163 271 41 81 34 80 160 121 142 184 264 153 131 146 213 104 14 232 87 250 35 129 88 184 263 63 19 31 
