199 155 251 206 50 43 69 165 175 172 18 296 50 31 95 118 242 222 24 52 218 39 102 292 22 281 93 106 282 275 62 127 268 250 70 206 270 258 141 25 181 152 175 189 192 199 187 256 116 143 273 134 277 253 225 193 185 40 88 162 172 179 10 13 88 28 257 284 102 293 245 150 204 277 181 89 268 17 189 127 85 199 96 253 264 155 4 1 74 68 84 80 64 237 13 246 287 69 131 210 
198 288 82 266 224 263 41 281 226 157 102 297 173 138 44 261 87 112 160 279 216 169 65 207 83 169 239 185 190 188 270 246 22 6 192 113 254 165 114 171 135 150 30 113 40 144 283 103 102 213 85 40 39 283 236 48 35 246 263 59 187 39 103 88 222 228 154 170 172 176 285 297 5 178 249 228 141 73 245 18 282 267 282 235 39 50 229 269 41 94 133 118 268 144 225 55 162 90 156 197 
220 188 165 291 201 275 45 144 66 80 47 175 281 167 160 100 240 185 31 1 42 91 274 81 287 196 245 27 22 276 163 202 108 201 51 11 36 198 81 208 171 295 133 0 68 228 266 143 70 69 219 268 220 202 14 52 134 90 174 16 131 98 243 102 46 147 103 147 236 255 287 241 174 12 170 255 99 17 257 289 285 254 196 87 281 246 24 275 259 160 102 127 295 279 239 155 204 297 32 47 
247 105 139 213 196 68 114 224 107 21 165 205 241 296 255 173 8 93 17 43 84 204 285 159 143 200 236 204 92 257 110 89 260 98 187 238 89 30 183 153 242 81 125 136 130 187 279 134 68 201 109 192 192 63 0 72 284 297 257 198 13 105 66 79 82 68 16 8 201 108 279 84 138 289 117 204 137 54 141 38 11 15 95 100 67 13 147 191 40 222 35 135 71 18 120 184 271 268 261 90 
53 208 34 189 9 293 226 279 148 163 109 86 268 131 107 161 57 262 17 99 85 15 209 54 170 47 16 133 234 274 19 100 55 212 133 130 153 157 12 41 153 80 234 201 219 33 218 278 78 226 159 208 242 267 92 108 110 14 84 249 291 10 173 230 257 133 155 101 249 236 242 112 198 110 296 140 60 193 112 100 242 288 180 191 278 160 272 260 227 37 19 116 146 291 205 185 205 194 133 58 
192 35 289 98 105 161 201 50 203 298 108 285 229 137 209 151 83 24 76 218 153 277 235 146 19 251 207 12 13 14 195 115 28 46 37 179 120 208 206 7 8 194 3 272 119 129 265 284 292 280 273 170 288 62 4 284 46 8 280 239 56 152 20 182 248 249 237 45 225 133 166 151 87 275 132 110 52 224 29 114 121 31 138 213 28 124 224 129 75 235 164 170 277 106 217 66 196 208 189 34 
103 18 219 183 28 57 8 293 8 286 69 62 38 271 88 22 206 199 112 14 143 260 138 258 54 270 249 200 196 242 294 197 98 152 165 262 276 210 147 60 28 246 176 107 223 142 178 53 48 90 282 129 228 58 191 194 294 181 237 111 120 189 264 291 54 155 161 245 85 57 240 127 250 10 35 294 144 214 241 139 15 38 134 229 63 199 250 219 137 42 261 291 192 39 282 155 51 54 187 50 
60 73 219 191 84 148 217 90 45 133 48 155 204 23 296 195 129 165 20 16 255 195 20 56 116 105 241 205 65 179 46 223 258 251 258 223 264 4 55 63 290 3 145 157 5 189 47 237 152 129 277 49 220 50 210 287 113 282 40 69 36 160 35 172 145 43 70 143 100 56 136 205 124 86 249 246 276 24 263 26 78 283 236 90 236 56 181 291 17 24 52 20 140 202 205 295 211 81 10 80 
90 55 273 273 273 156 90 265 76 243 173 62 201 170 89 160 171 61 138 136 181 233 57 141 217 209 65 294 287 252 203 41 140 148 169 114 47 79 100 238 93 8 1 105 163 256 201 186 130 253 116 119 206 198 142 29 71 57 214 124 92 234 188 78 117 128 186 240 236 269 254 234 214 209 190 212 255 259 112 45 275 219 200 67 206 99 103 155 43 221 13 106 124 185 39 123 85 251 137 124 
50 263 101 64 129 211 245 67 17 248 201 255 243 257 141 132 215 96 209 39 67 18 174 187 166 54 140 17 180 145 168 201 43 52 97 252 89 277 189 180 173 147 121 182 99 293 205 95 180 273 204 9 112 33 168 11 14 273 80 148 298 242 275 31 21 46 37 234 214 113 143 25 26 268 268 134 5 160 20 167 128 133 235 274 15 152 260 147 48 229 259 46 203 73 181 139 139 71 25 23 
288 89 146 37 298 206 240 65 227 194 239 284 141 265 295 21 175 99 101 161 128 164 280 121 223 179 267 76 264 180 174 178 127 182 63 281 193 178 248 141 23 266 70 147 146 77 16 146 123 36 136 248 166 36 124 128 22 132 137 222 250 173 236 104 179 204 18 243 193 189 42 106 91 154 112 214 151 101 101 225 161 257 32 129 222 290 243 31 60 8 118 285 232 6 134 12 161 103 122 282 
99 125 11 114 190 0 122 44 216 249 130 179 116 131 114 154 204 162 263 111 161 223 294 270 126 255 169 130 283 31 148 39 63 262 86 231 112 221 279 250 249 56 292 40 119 294 65 66 168 135 287 255 86 156 110 204 64 179 49 294 26 207 87 28 17 66 4 236 281 101 288 14 6 212 211 182 132 18 158 41 291 183 121 96 157 264 198 16 94 95 252 289 103 292 260 116 274 83 244 186 
89 260 113 39 59 291 90 263 50 47 257 144 91 64 250 180 200 267 181 25 112 203 137 174 220 246 74 235 296 282 259 112 256 157 169 262 64 286 238 214 197 60 281 106 42 23 293 297 233 225 108 247 67 259 62 121 23 165 30 14 65 120 108 62 238 85 136 245 125 112 2 80 233 39 43 283 162 24 151 46 146 266 82 190 149 135 232 115 250 185 84 72 239 134 160 60 55 8 79 178 
127 171 7 83 151 2 78 128 21 255 291 244 225 258 168 95 71 158 190 47 79 73 151 57 264 191 287 107 127 94 22 81 236 49 217 57 137 38 11 152 137 283 194 46 56 0 118 293 226 77 253 193 81 7 299 118 99 201 272 82 6 279 248 200 73 119 167 150 248 138 161 167 76 270 43 288 290 97 175 280 88 124 212 137 260 93 162 290 15 234 4 45 109 103 62 45 35 9 137 281 
272 132 101 174 189 190 99 51 43 225 271 245 115 87 168 108 187 112 189 73 174 76 278 33 118 141 228 252 105 131 280 154 98 50 195 236 172 108 262 26 31 196 136 3 145 238 256 213 0 48 291 231 79 136 31 57 282 206 229 19 46 153 88 281 176 293 98 249 73 108 71 117 102 121 179 170 168 268 293 5 166 252 102 121 118 37 142 146 50 82 245 72 4 158 28 155 24 265 191 297 
88 293 206 272 136 222 79 283 155 27 199 47 53 13 78 294 131 297 96 2 32 221 77 298 10 87 73 211 292 174 241 65 261 121 293 252 181 49 262 213 158 145 133 47 194 24 36 195 134 114 149 275 110 79 85 214 271 200 107 29 166 63 45 296 88 34 57 160 45 27 148 20 280 7 264 125 155 47 216 67 31 141 4 224 59 79 248 231 217 273 49 269 157 114 218 27 45 61 205 213 
208 184 18 32 271 52 235 214 165 146 13 178 38 150 97 122 190 250 43 253 23 142 263 0 180 273 137 293 156 86 43 69 147 248 72 234 298 74 163 221 156 291 79 124 123 1 246 52 113 292 65 249 245 154 154 174 49 65 65 122 61 177 291 238 200 286 237 5 77 115 103 235 25 52 196 166 267 174 68 6 135 205 135 277 291 51 130 13 275 242 295 202 53 257 274 168 276 135 293 58 
140 9 188 154 230 39 62 191 268 132 230 61 228 261 101 164 249 55 142 259 202 232 139 18 202 67 224 154 84 67 118 160 132 138 53 88 201 26 169 179 172 96 230 131 68 199 194 191 260 179 151 291 174 130 0 17 62 172 12 167 58 258 173 211 183 6 148 229 160 61 2 175 141 170 12 247 223 265 210 108 174 18 288 174 131 169 175 3 271 49 255 130 272 120 149 203 138 107 122 7 
269 30 0 82 121 178 129 82 65 5 166 218 128 226 26 178 249 117 115 49 147 169 36 236 229 236 156 261 289 215 237 168 50 20 128 100 270 168 269 54 130 236 202 193 107 137 45 254 1 14 229 182 24 119 220 59 64 156 130 164 81 264 93 135 193 186 106 290 66 99 99 294 155 178 49 98 145 76 200 131 293 200 284 262 20 174 274 87 111 270 200 192 72 0 265 209 53 289 213 175 
32 60 223 10 2 154 164 88 292 87 219 215 294 154 105 173 2 127 275 114 37 235 182 118 168 228 234 269 150 225 186 203 75 188 123 187 208 25 226 83 278 166 71 25 77 190 172 0 150 294 171 118 142 279 219 241 160 203 224 239 204 26 184 123 185 36 117 92 6 20 272 68 285 29 32 25 276 126 24 83 260 139 121 118 90 233 8 25 83 239 30 88 267 63 124 237 101 219 165 197 
22 37 162 50 244 11 153 288 293 83 158 292 180 86 90 247 177 299 104 159 163 26 56 30 123 274 182 152 175 32 72 227 290 44 247 101 30 169 291 1 294 153 157 61 70 170 213 11 267 279 124 194 267 217 115 124 188 101 221 93 279 58 277 277 137 283 36 85 173 211 10 60 113 59 2 249 142 256 239 69 188 114 135 278 179 80 123 3 146 189 65 54 161 166 98 159 190 228 196 231 
216 69 149 42 48 234 192 212 88 120 87 150 100 248 166 119 102 103 207 153 109 21 59 118 126 80 56 262 211 257 48 95 151 255 288 233 229 47 152 135 184 62 150 168 264 60 137 186 186 30 232 297 194 215 275 201 188 8 17 185 291 184 275 59 186 4 112 0 187 296 165 293 254 170 295 242 2 268 23 110 30 252 273 107 275 157 240 80 144 13 85 172 254 262 146 1 77 6 185 84 
114 158 273 127 39 279 99 140 239 290 89 284 215 186 211 132 233 41 139 222 279 45 71 279 92 210 224 296 164 67 70 75 274 172 133 203 257 219 142 43 268 215 94 127 103 100 234 199 145 261 279 259 287 138 96 7 293 22 94 144 267 16 280 272 159 88 239 119 17 164 15 270 107 171 251 23 107 282 237 112 185 178 29 120 13 213 220 3 245 56 200 174 191 0 94 52 261 252 199 299 
104 283 15 25 178 218 199 12 23 72 289 224 31 295 245 192 254 114 74 224 268 277 141 177 254 121 205 237 136 17 84 193 153 123 145 221 236 223 99 103 28 29 233 194 154 150 106 55 85 32 34 137 182 117 242 174 25 197 141 62 244 139 51 15 15 126 282 81 164 220 207 27 280 270 222 230 61 13 253 158 65 85 282 222 139 16 118 275 189 137 173 272 138 241 52 109 292 14 282 141 
248 47 30 44 189 59 211 149 290 197 45 236 236 39 239 171 256 277 274 58 8 33 281 25 272 153 94 241 299 133 132 149 271 281 236 179 277 84 1 245 180 114 3 157 21 147 35 21 283 278 205 227 136 65 114 88 235 205 173 245 100 245 236 130 49 230 118 15 18 85 231 29 31 280 170 18 260 53 242 219 33 265 268 76 131 201 36 73 112 266 246 112 42 134 67 287 262 277 156 196 
134 53 146 250 215 146 47 74 141 213 36 57 291 187 71 235 111 224 10 73 153 40 93 63 255 138 5 201 26 72 25 231 95 70 34 206 196 38 157 277 268 242 236 140 99 196 81 291 203 143 213 291 44 199 81 81 86 79 273 67 17 269 154 154 88 98 122 40 110 278 17 139 193 242 198 283 171 47 127 225 151 14 25 239 100 255 7 10 260 35 0 221 83 93 263 164 149 26 47 37 
221 31 99 137 52 263 91 46 186 234 120 216 147 185 33 278 0 155 186 86 119 100 121 47 200 36 263 14 94 225 216 195 294 193 98 170 129 146 187 2 252 251 205 168 135 220 69 211 30 148 63 146 124 158 81 38 145 193 122 262 91 53 214 124 259 199 135 39 256 283 1 98 112 195 241 49 139 138 2 118 165 222 134 281 147 279 232 33 24 102 69 219 88 288 28 212 177 223 221 166 
18 253 54 298 240 202 253 220 31 9 76 95 85 65 22 183 113 18 129 148 114 61 184 162 17 96 159 57 45 203 125 141 209 122 273 106 211 244 116 204 35 259 242 79 34 237 7 169 92 82 72 148 152 179 42 293 258 159 10 69 121 284 106 244 42 108 295 175 29 292 103 54 155 165 25 21 288 1 30 250 141 68 2 236 12 196 40 215 139 117 194 140 167 282 45 217 50 84 64 232 
166 60 38 213 11 58 224 246 23 54 115 202 29 124 99 32 164 260 233 217 240 260 63 232 137 12 218 266 107 106 63 118 294 226 4 57 40 156 80 261 247 69 217 194 107 118 182 33 179 218 202 289 254 266 244 259 225 28 220 59 143 153 48 219 214 107 210 254 60 229 205 150 132 179 77 21 110 237 148 178 56 124 47 46 155 165 38 245 286 88 139 186 97 91 220 98 28 258 19 269 
136 166 154 109 150 263 63 7 224 91 297 219 33 96 263 68 205 71 252 188 275 117 256 173 29 102 283 228 37 269 256 93 153 79 23 243 42 32 298 9 112 138 172 21 9 295 67 60 142 25 135 270 46 79 7 235 78 91 84 299 206 298 164 246 210 264 245 139 274 97 130 138 89 27 89 227 216 280 134 89 156 46 211 114 218 74 16 53 2 282 176 138 201 42 216 277 118 137 100 125 
52 47 164 270 21 258 73 189 18 185 228 83 185 148 275 289 11 269 101 230 72 19 54 257 187 233 272 261 43 33 267 178 274 234 64 45 151 218 88 271 147 140 75 35 251 89 63 42 41 206 5 70 40 97 219 109 293 75 15 202 296 9 207 181 210 150 81 260 243 13 173 118 31 87 53 27 57 154 288 165 192 91 258 101 10 133 279 225 282 272 153 168 136 141 84 266 290 186 60 42 
141 37 173 17 98 264 298 142 55 211 102 226 13 105 16 84 2 200 285 117 45 231 156 184 9 157 69 10 148 108 36 248 70 135 75 69 276 80 239 17 245 284 164 274 118 196 293 34 48 116 26 105 80 2 77 173 206 173 274 164 47 114 266 25 140 7 272 280 226 182 96 26 11 145 271 236 120 147 190 236 165 225 265 158 110 27 31 220 267 256 288 296 283 9 134 153 272 272 32 144 
102 88 76 264 85 157 266 16 31 248 205 260 51 225 207 152 259 94 156 200 84 128 171 46 52 33 211 4 42 4 130 193 65 116 211 292 215 269 30 163 32 89 154 249 155 62 99 209 219 225 212 189 161 31 222 39 246 125 61 147 7 25 15 237 172 123 263 60 297 13 283 136 129 231 181 64 106 74 158 199 178 43 288 219 155 26 286 138 193 103 205 109 133 116 42 134 141 101 141 254 
279 113 20 243 200 6 117 99 250 247 279 265 124 207 24 223 100 192 242 224 85 177 223 82 278 241 207 220 230 246 88 150 54 209 46 265 288 14 218 141 281 289 27 200 145 150 55 88 17 99 183 84 78 136 282 51 8 152 52 205 290 289 262 151 232 192 136 297 196 90 33 42 9 230 146 2 293 204 38 202 75 233 237 218 264 68 7 63 77 221 283 215 108 99 251 125 74 179 74 247 
34 43 134 210 228 116 215 221 120 141 188 78 288 299 143 38 31 265 18 26 116 103 88 186 134 49 232 264 121 102 186 164 105 49 16 54 77 17 123 249 111 264 178 191 126 61 45 37 68 186 186 77 109 211 260 164 151 45 41 61 295 281 270 179 281 188 64 138 248 251 201 120 112 87 103 277 267 95 96 14 261 165 43 278 119 241 31 175 111 131 265 299 206 224 230 32 30 76 21 92 
13 259 286 216 208 20 184 69 245 137 156 249 27 68 10 92 128 45 208 190 258 257 157 54 5 154 115 107 256 133 288 106 60 236 153 197 80 12 165 126 271 270 256 167 55 268 3 104 99 258 39 22 8 273 20 102 99 153 145 137 123 178 24 131 93 128 23 297 39 283 213 268 240 135 41 271 191 168 21 164 76 106 282 165 241 33 119 112 174 19 247 129 135 140 110 280 32 33 288 102 
32 288 252 80 130 292 255 141 221 250 161 115 87 195 294 58 233 259 173 280 265 37 289 204 188 179 118 127 245 208 11 72 137 221 235 137 36 217 189 138 124 24 138 30 9 90 250 214 28 79 163 128 256 46 149 156 114 263 111 11 116 289 268 109 229 40 266 111 298 278 71 229 184 244 297 139 232 275 56 63 71 191 221 146 247 72 241 99 77 223 210 125 77 204 73 231 283 278 245 202 
108 58 138 98 76 92 234 208 165 150 132 44 168 294 274 13 254 293 89 53 138 233 126 63 80 297 79 33 77 171 154 7 238 63 102 237 14 224 172 257 196 238 103 205 228 155 239 6 141 107 58 217 59 299 160 12 186 167 149 288 182 222 144 181 12 283 146 119 77 138 159 136 166 280 201 243 124 183 223 259 288 264 151 99 102 34 271 20 109 267 53 147 138 173 281 109 34 131 95 159 
173 24 1 227 61 9 297 197 194 186 255 74 159 36 149 55 189 18 108 64 247 169 131 170 117 266 226 137 293 102 216 286 10 20 155 102 19 34 40 151 8 175 226 111 131 81 4 22 114 67 247 115 174 297 104 265 187 50 294 272 187 182 214 171 65 56 212 131 158 294 149 138 105 68 113 289 98 241 43 6 68 268 215 5 52 263 260 153 121 41 161 183 205 141 237 198 176 173 209 276 
80 8 221 261 184 215 220 60 202 82 99 102 138 246 236 163 24 162 266 129 117 127 25 168 112 236 72 263 80 178 149 29 268 51 255 176 183 206 74 100 169 18 147 7 214 62 88 44 13 15 58 234 244 264 107 218 158 143 115 239 185 153 290 144 221 284 96 211 233 62 23 250 205 22 104 203 51 141 240 164 161 27 154 154 235 243 22 253 9 226 267 245 60 108 212 67 121 287 60 275 
266 82 280 209 100 181 290 245 133 54 119 203 223 283 135 87 288 129 104 54 211 133 272 77 107 96 220 109 131 28 170 291 82 29 173 41 260 73 36 238 280 200 75 234 171 198 100 177 201 286 49 131 194 35 45 176 28 5 278 7 99 27 159 120 277 34 93 134 172 260 46 193 276 254 216 92 125 35 15 242 4 286 142 123 37 221 179 29 221 91 37 160 117 223 162 141 47 38 53 41 
71 291 297 2 5 289 107 74 121 241 88 284 91 165 123 27 268 99 238 232 56 282 10 228 165 277 296 274 52 213 25 210 111 34 241 269 147 253 172 103 179 289 4 211 24 66 59 5 295 133 161 62 296 41 96 31 235 101 276 251 56 103 268 47 59 113 5 143 50 94 154 31 31 299 151 177 97 66 7 212 178 3 292 38 236 101 88 190 236 295 99 285 116 288 34 22 199 136 54 15 
131 128 193 6 130 83 160 152 169 49 214 133 125 144 152 192 242 34 134 80 290 211 164 263 290 283 200 66 295 262 27 89 264 178 283 105 270 100 136 243 296 199 17 243 260 114 237 0 109 176 41 273 206 120 280 185 235 110 266 272 95 276 241 150 30 1 142 263 68 136 258 43 170 236 212 250 187 183 246 87 129 207 138 206 105 84 31 164 144 223 155 58 231 10 216 121 38 293 78 112 
121 157 143 251 279 83 150 22 94 248 188 249 230 202 248 6 157 45 236 123 103 83 80 42 148 120 147 78 299 182 224 181 39 152 55 247 11 238 275 256 153 88 78 64 4 46 47 98 152 36 128 262 234 49 49 168 240 178 239 102 52 172 3 53 20 129 89 219 54 295 121 75 249 173 173 290 207 291 5 0 256 108 10 130 156 223 288 171 84 279 199 288 139 30 164 248 270 184 157 72 
228 287 77 99 84 89 205 158 32 125 248 226 187 267 127 82 120 171 252 287 73 104 111 244 299 98 79 43 219 296 4 217 249 53 62 73 207 141 9 48 297 140 292 151 148 235 198 54 180 266 251 108 49 253 137 19 3 18 7 209 138 166 90 114 138 199 209 8 19 25 165 17 27 164 78 144 150 58 48 95 119 184 218 259 170 78 239 276 257 171 169 14 119 250 174 32 273 167 153 172 
35 221 158 0 107 160 37 104 163 166 245 296 217 133 44 254 206 287 89 223 228 172 8 87 101 288 161 118 140 71 44 298 250 193 80 209 223 65 59 23 30 275 260 125 90 197 46 44 283 271 36 12 220 75 293 150 106 40 195 264 17 293 294 45 114 228 166 205 260 47 221 54 83 123 78 266 286 91 63 130 168 44 0 140 201 66 212 90 137 185 195 243 286 17 36 65 54 199 157 287 
135 150 61 247 134 200 250 112 49 104 224 250 49 72 140 82 35 74 16 16 114 157 117 34 157 201 298 79 45 298 33 171 231 281 207 12 7 216 109 134 59 292 84 67 261 272 24 259 122 27 109 174 174 142 130 233 144 135 295 226 185 137 216 82 227 90 75 89 82 33 222 181 292 83 20 74 22 252 266 166 227 289 188 163 163 281 206 145 54 217 132 14 145 248 37 123 41 191 239 109 
16 68 34 279 225 173 68 254 99 267 244 215 280 228 73 247 186 298 160 85 163 241 240 175 153 282 30 278 84 205 134 68 115 88 129 202 32 193 87 123 208 198 150 58 42 83 143 155 87 4 145 181 246 112 208 238 13 213 276 72 200 188 282 122 4 19 130 134 154 49 225 189 145 110 281 264 42 27 99 170 35 269 224 74 45 197 48 94 249 195 222 175 101 99 296 288 56 199 105 69 
232 79 60 57 59 85 176 40 6 40 132 108 72 275 266 46 163 142 195 260 34 9 129 174 63 268 47 113 189 225 227 213 236 92 217 158 244 63 80 110 296 102 259 14 64 195 214 128 240 53 173 114 50 150 196 226 162 161 295 69 9 13 8 186 172 167 291 253 245 34 13 207 266 29 88 91 185 153 185 225 113 147 135 98 202 4 128 73 138 79 30 93 234 263 235 182 143 86 256 96 
190 141 234 10 110 140 182 239 65 60 3 291 84 40 289 48 11 241 140 30 131 294 190 48 166 30 137 211 148 267 116 137 288 15 112 239 215 129 262 151 78 82 167 89 54 152 298 94 207 150 254 293 82 82 11 26 220 288 150 256 193 299 164 56 129 73 86 198 5 54 7 18 150 169 150 191 91 138 19 94 240 143 195 203 125 218 82 212 263 199 49 250 109 274 120 87 123 219 73 232 
231 44 286 288 188 158 263 54 296 160 264 36 276 148 1 111 33 87 119 89 177 108 150 32 128 52 291 136 224 240 229 32 15 198 58 42 180 41 227 173 131 212 236 134 197 17 16 113 143 206 261 65 125 51 178 126 282 65 74 63 6 82 49 167 8 154 276 19 98 226 137 92 130 195 163 30 98 249 87 118 85 229 200 244 187 247 97 161 35 212 160 90 88 239 5 116 62 50 147 287 
130 144 126 164 187 77 30 164 222 69 207 145 97 44 162 59 291 270 246 79 15 298 262 71 174 260 6 71 226 96 68 174 244 81 6 88 232 29 245 98 199 153 240 190 10 181 152 137 281 78 102 170 118 31 283 85 116 149 240 36 182 33 231 41 160 135 156 140 59 197 207 130 240 229 56 198 55 102 141 67 149 20 20 234 204 19 252 141 213 26 30 292 43 248 79 39 210 31 201 245 
30 287 41 279 269 113 206 20 130 8 219 263 239 260 161 114 166 78 21 242 83 235 45 98 157 224 217 249 246 112 72 98 168 252 158 98 126 104 72 56 66 235 234 239 240 149 257 230 62 255 165 116 293 267 88 27 5 248 240 145 133 8 105 147 297 208 31 62 235 60 151 15 55 123 295 35 26 97 251 118 218 271 185 291 224 207 244 25 229 146 33 265 85 265 182 80 177 243 87 247 
104 87 74 219 293 48 266 150 19 26 191 191 20 283 236 188 138 23 33 154 7 12 203 9 263 89 53 298 228 280 48 153 85 14 286 235 40 289 298 112 89 249 135 236 294 280 67 54 80 167 250 286 113 174 119 67 116 298 78 180 138 148 287 109 283 288 202 172 20 228 204 181 25 198 144 289 190 161 217 134 214 115 63 103 225 170 269 161 71 0 258 51 295 44 38 274 116 43 11 188 
225 183 219 42 160 157 157 63 298 257 247 298 117 58 286 235 281 135 200 211 35 193 233 278 219 133 61 232 285 65 44 182 11 11 104 273 181 198 183 281 37 203 277 280 111 113 100 221 255 176 252 255 38 255 86 209 295 54 203 164 111 195 138 166 34 235 274 185 19 44 245 47 154 236 250 108 110 212 64 246 218 102 18 3 119 256 6 232 105 14 69 245 288 61 273 265 15 85 70 279 
192 272 165 241 271 100 234 104 132 75 276 5 42 293 154 86 69 282 120 288 166 152 54 211 270 75 232 46 208 191 224 21 231 182 211 288 67 3 286 18 155 42 108 138 95 133 268 137 226 74 169 156 195 185 147 163 283 137 244 22 99 122 91 2 116 90 225 159 58 96 258 98 165 104 141 266 245 273 226 207 281 291 160 260 170 61 92 156 9 98 40 51 170 114 215 279 43 31 284 35 
124 261 86 14 0 111 63 283 296 70 187 152 102 115 14 141 173 164 288 282 243 199 261 271 175 75 202 31 56 63 14 43 177 252 168 104 79 257 33 200 44 217 33 248 209 244 55 78 82 18 196 154 129 32 190 125 128 49 77 2 19 96 43 219 229 194 91 263 206 199 219 202 257 40 236 140 138 199 82 299 207 114 231 250 227 177 48 110 11 215 227 32 204 227 107 179 25 279 133 84 
129 105 267 155 31 39 194 27 174 52 135 109 27 181 266 177 113 130 199 261 271 290 258 54 239 204 181 20 239 71 262 218 84 270 222 34 199 116 24 242 147 263 195 258 282 83 64 132 43 210 278 126 188 262 134 295 65 163 85 45 148 169 271 113 19 3 279 227 287 73 41 143 174 44 18 141 147 256 182 13 25 91 162 266 273 119 216 12 204 191 44 138 125 110 76 45 98 37 132 267 
224 56 242 16 219 126 132 295 264 236 195 175 147 227 170 152 104 189 48 23 61 1 222 228 176 234 152 219 101 290 85 29 271 71 290 45 163 130 171 174 36 199 76 71 249 99 127 132 24 131 101 206 225 186 94 122 207 49 228 98 92 130 287 237 186 235 199 137 32 92 246 105 3 88 181 143 183 134 164 202 110 14 236 269 298 60 237 136 288 167 128 111 147 119 90 24 227 63 109 31 
208 272 7 297 70 216 129 1 154 222 190 35 100 138 40 214 34 159 74 235 157 204 262 176 163 32 53 201 53 245 285 94 182 282 246 32 103 35 61 149 76 161 216 246 135 243 222 3 0 237 266 126 249 211 201 47 278 32 9 124 51 35 283 219 29 149 61 276 139 197 8 281 218 44 31 267 87 69 113 163 79 268 48 161 131 77 71 100 222 236 1 162 111 162 178 96 275 195 189 237 
178 125 291 91 165 147 31 135 228 295 274 47 5 181 97 137 5 194 57 173 197 248 110 125 288 86 143 9 227 22 113 134 21 281 125 31 180 234 183 37 263 171 285 202 257 88 61 97 34 122 166 36 297 223 28 8 98 43 269 236 241 154 150 163 30 291 11 83 142 21 232 2 90 211 217 204 235 25 31 293 18 292 231 149 92 107 246 8 29 132 241 183 221 101 31 236 207 124 13 189 
285 75 25 4 215 4 199 90 183 76 39 257 253 6 207 202 136 258 172 43 165 195 166 285 55 194 254 106 10 48 278 188 184 289 155 229 68 242 18 26 97 16 291 234 3 34 243 49 132 129 83 236 22 274 209 239 79 116 263 4 173 166 219 13 66 3 253 277 151 116 119 207 121 38 96 143 160 249 106 1 0 120 31 292 116 46 194 35 177 36 139 42 219 24 299 123 145 213 192 186 
95 292 101 218 247 122 277 17 189 195 193 67 272 255 7 121 28 127 232 127 285 210 242 172 111 64 274 6 276 67 16 246 96 68 57 13 83 200 160 66 144 151 56 250 100 74 12 21 36 136 28 295 51 82 299 131 107 35 162 115 203 68 280 188 217 149 202 167 190 292 145 180 154 3 270 114 216 172 285 128 221 159 9 82 76 179 183 162 98 189 129 92 146 170 77 89 188 107 209 120 
238 1 41 127 176 233 268 51 0 198 107 88 96 290 128 256 138 151 5 254 240 13 207 180 281 247 142 204 136 85 242 209 116 289 264 249 32 234 41 82 16 52 102 99 267 54 92 217 2 100 186 274 25 265 213 244 61 60 116 97 153 229 56 193 229 266 269 172 44 230 102 222 144 22 29 265 80 215 34 58 113 15 118 202 205 171 59 82 188 124 82 248 131 53 160 264 131 197 121 164 
166 49 158 116 45 184 24 268 41 8 46 234 65 136 100 294 268 64 108 249 83 241 229 146 62 110 25 175 156 134 55 235 252 158 2 98 29 61 1 70 92 239 139 25 204 259 208 87 34 276 289 233 215 161 56 58 203 24 176 205 291 80 152 279 21 59 189 106 121 138 205 247 204 210 121 180 53 63 91 60 188 211 13 147 298 161 232 229 8 183 264 194 99 128 227 163 56 190 296 32 
166 279 267 245 284 166 186 134 87 285 169 138 12 241 221 234 102 101 137 181 166 18 162 115 234 23 77 4 143 24 23 130 18 204 13 62 2 255 251 123 264 277 241 123 91 109 108 94 73 25 154 84 130 258 2 31 23 127 298 57 29 41 161 54 51 21 219 241 161 93 131 39 223 215 8 29 6 296 195 196 209 201 212 286 186 240 271 234 250 156 33 226 162 120 127 216 20 21 130 131 
261 263 88 111 52 23 50 252 171 150 226 63 257 180 110 141 152 265 218 112 143 216 195 228 190 115 224 54 196 218 102 131 106 191 250 18 287 216 81 58 0 191 0 183 276 271 121 155 78 244 142 114 46 61 107 121 257 176 185 206 265 110 294 181 228 199 230 77 84 296 32 165 203 107 245 140 80 230 128 208 146 152 140 83 287 205 30 243 211 196 30 199 30 50 206 169 292 52 36 95 
275 245 165 201 94 89 111 211 296 37 120 290 7 100 295 92 210 6 135 278 261 67 202 226 275 110 152 192 196 46 195 272 12 272 221 68 148 234 67 68 296 224 25 275 204 9 216 139 71 17 31 185 181 20 137 106 132 13 177 293 269 284 295 108 28 169 15 84 41 106 16 209 8 142 146 242 155 31 2 223 15 237 137 36 216 221 228 119 285 240 108 260 107 272 282 28 205 47 0 144 
81 73 240 0 136 297 196 220 167 154 42 61 128 292 10 83 139 40 159 9 230 256 7 158 7 248 290 151 140 40 171 121 240 39 287 192 4 79 290 144 20 106 16 175 183 56 250 187 188 282 201 145 183 143 246 298 227 125 143 225 82 66 233 298 126 111 226 141 284 101 21 266 290 146 163 208 169 122 196 87 105 223 287 194 4 73 238 136 93 183 158 63 57 230 293 171 75 235 17 224 
161 190 188 78 153 112 276 236 220 242 261 3 56 243 172 149 206 172 235 237 64 5 242 100 243 124 236 112 59 189 43 116 205 100 264 289 181 234 242 60 226 148 100 296 283 189 133 64 15 215 196 280 263 281 60 4 102 191 254 210 246 26 76 186 101 201 96 14 50 252 102 143 17 95 6 141 185 115 10 89 9 65 90 221 180 265 0 68 108 65 110 92 140 97 286 128 50 82 73 50 
165 44 291 45 147 293 183 190 297 139 26 68 10 207 192 129 70 18 205 47 20 160 245 235 205 60 91 72 166 155 155 35 128 85 266 182 279 232 106 7 153 190 65 207 128 177 215 183 153 268 180 293 46 149 70 257 78 73 71 170 183 48 145 255 12 222 275 107 129 229 91 101 284 60 273 276 17 198 150 171 149 51 84 282 105 256 274 56 53 133 31 200 115 145 252 274 18 276 89 159 
161 184 95 259 190 180 111 66 83 148 94 265 110 67 134 291 239 125 148 8 132 208 130 76 156 181 227 298 48 299 205 211 87 16 218 246 99 152 70 238 181 153 83 110 52 223 206 88 199 183 97 67 141 130 54 33 221 145 159 281 136 83 42 226 203 199 63 237 243 146 295 275 246 198 228 33 295 292 163 199 157 116 261 31 10 207 44 4 170 181 115 55 181 87 277 0 285 227 143 288 
14 35 161 189 64 151 214 135 251 290 61 250 298 294 23 11 202 146 266 284 11 17 132 258 46 9 277 253 93 177 145 131 9 263 158 125 70 200 168 298 4 29 81 228 188 170 139 96 40 161 12 61 104 1 90 48 65 47 203 270 203 185 162 143 50 209 138 250 180 89 255 16 298 28 227 213 76 223 175 185 218 298 226 251 57 268 176 288 233 74 202 94 139 134 62 279 266 59 147 128 
226 209 114 25 14 277 258 214 262 15 0 222 163 141 146 267 294 8 151 223 210 194 248 66 174 298 252 75 246 63 282 151 256 45 130 176 162 298 127 234 295 92 29 264 195 80 271 48 119 159 14 272 192 182 202 152 262 135 248 40 112 78 101 108 234 97 287 93 220 52 210 137 169 260 244 177 270 38 115 295 20 18 142 203 271 20 122 182 277 190 107 233 22 96 184 14 205 53 16 16 
62 71 37 220 30 205 173 244 212 142 190 39 169 32 182 292 107 122 284 48 169 263 125 254 94 13 171 277 31 85 53 298 198 55 235 134 140 235 117 50 273 57 98 136 219 235 227 164 156 141 23 100 176 202 74 116 250 228 57 238 189 56 108 161 35 207 50 195 109 80 16 101 205 115 92 170 36 213 172 18 142 97 232 252 148 215 264 10 209 175 126 296 172 179 262 184 212 268 219 184 
195 19 253 208 229 88 159 226 5 107 222 99 122 118 263 180 87 25 214 172 186 60 91 44 54 86 78 248 67 114 73 136 208 187 116 295 159 115 200 275 291 77 221 297 114 195 55 18 208 141 250 215 267 24 252 172 293 233 185 51 71 125 229 287 171 237 35 3 280 38 14 121 44 3 156 182 7 62 204 132 207 163 204 66 267 178 200 198 127 292 190 232 128 217 130 298 256 45 48 107 
241 171 119 165 94 85 52 34 254 253 203 281 268 107 53 93 102 104 184 233 214 186 71 44 38 210 13 260 251 270 95 171 20 163 27 230 188 242 76 107 137 105 228 154 151 76 109 12 116 252 111 18 157 133 116 50 69 291 33 57 160 26 233 296 67 98 139 204 86 279 269 7 10 57 182 198 268 128 227 116 57 176 42 188 7 95 255 26 221 21 239 101 203 11 49 133 125 167 147 271 
199 156 146 282 119 291 94 257 47 105 204 276 237 298 132 107 102 125 53 256 294 228 271 269 148 46 80 6 105 128 234 40 257 85 296 22 282 181 47 35 264 104 75 109 265 114 294 132 25 63 289 209 284 144 192 296 279 39 230 256 185 143 205 218 299 230 47 165 210 249 250 269 111 173 185 173 51 254 128 82 244 232 108 24 56 269 55 10 196 246 14 298 40 241 259 106 49 78 70 26 
151 45 203 150 196 216 150 10 236 49 93 73 39 77 5 89 104 10 103 40 16 15 253 260 278 94 217 63 183 67 242 166 17 225 293 202 76 20 97 36 197 70 106 245 10 167 42 5 57 72 241 205 233 9 42 82 39 70 23 145 121 119 214 288 284 83 268 210 121 295 191 177 104 222 206 271 170 80 291 15 176 135 224 254 197 149 218 49 295 44 112 240 4 15 179 276 28 82 233 185 
253 103 3 243 163 149 94 214 281 124 97 107 152 179 205 93 234 239 289 188 18 261 212 125 214 182 200 290 293 153 116 135 142 193 13 18 144 95 221 202 120 57 80 14 76 156 256 132 58 239 274 40 12 133 40 7 192 142 186 3 219 65 268 297 142 64 179 296 153 275 236 224 183 22 199 15 74 249 40 135 59 157 161 292 213 80 36 90 19 129 216 234 246 158 34 166 151 206 191 187 
257 142 6 195 11 114 123 134 1 152 245 228 83 60 152 204 221 18 231 3 165 100 11 76 246 103 178 66 55 293 21 42 23 253 260 259 230 286 59 236 44 223 252 101 53 298 16 20 173 107 250 173 244 167 35 203 124 50 59 86 253 118 142 94 253 262 214 257 146 6 88 36 125 59 29 105 108 9 135 193 167 138 169 84 122 258 187 234 250 77 157 105 25 229 174 114 278 97 243 188 
217 165 201 290 31 291 104 85 6 182 161 86 200 40 227 253 281 89 212 98 225 169 245 299 203 294 72 258 130 260 180 116 113 205 127 134 114 25 23 248 18 228 190 75 205 13 216 223 147 131 25 237 254 214 219 240 198 233 100 58 173 281 212 130 57 156 270 249 90 231 33 294 32 45 189 281 144 161 189 162 102 5 219 2 0 236 98 193 241 217 232 223 135 266 256 81 149 167 73 226 
75 218 228 287 16 147 66 103 247 220 22 207 73 155 289 125 98 95 259 185 173 207 77 140 213 221 80 185 77 106 257 234 53 166 132 152 222 239 38 185 241 33 178 81 68 241 244 182 46 86 137 105 123 251 158 278 197 222 11 247 140 229 213 156 205 255 227 108 219 277 261 248 117 113 250 76 215 147 128 26 107 246 125 136 163 213 101 44 184 19 269 37 24 144 174 16 277 105 146 168 
89 237 66 259 37 72 117 72 54 172 128 57 45 243 3 22 21 113 238 62 262 190 231 22 92 214 79 154 214 235 252 242 229 115 226 94 192 298 16 218 241 174 237 49 119 249 178 103 134 222 214 264 60 293 161 291 93 184 245 83 129 238 30 132 256 90 116 177 138 143 211 85 148 259 58 192 227 108 146 280 292 234 77 231 28 114 118 266 57 158 124 66 164 74 23 138 164 267 157 77 
131 198 285 74 99 256 64 117 160 31 196 148 164 227 114 186 228 14 15 262 97 124 47 207 129 275 61 186 234 34 176 237 159 293 150 115 295 176 106 5 178 203 140 199 207 98 226 261 42 52 23 155 173 254 82 123 298 241 4 230 227 299 107 218 242 254 171 99 290 257 5 242 70 141 145 118 288 199 212 5 292 98 207 118 230 275 7 209 13 107 97 54 118 190 23 250 201 18 140 43 
117 17 160 62 294 66 272 184 190 1 221 140 165 250 19 18 194 236 271 237 145 283 80 200 234 122 106 216 186 121 272 197 229 197 108 213 171 137 37 5 283 129 136 237 177 281 234 279 238 69 233 91 234 111 280 242 17 260 12 241 14 102 240 68 24 57 129 150 157 17 47 153 114 96 150 109 111 167 20 162 123 162 58 204 16 136 18 48 90 228 236 227 201 238 72 292 184 77 238 41 
5 269 66 25 183 128 231 82 17 184 171 14 152 187 253 179 294 41 101 244 25 298 151 89 232 42 287 2 239 157 64 166 1 94 283 213 33 77 218 291 110 280 264 15 80 203 196 237 38 180 166 188 278 298 132 19 85 196 165 56 103 148 6 250 195 96 246 171 298 281 192 153 270 6 278 138 181 224 107 109 47 275 136 199 185 239 32 254 74 184 39 277 39 291 173 196 105 183 22 281 
121 30 76 27 109 183 38 186 138 280 284 267 90 51 128 90 34 291 175 77 78 132 201 178 255 110 244 116 281 166 240 154 131 234 131 17 240 35 167 55 55 260 292 67 197 36 178 199 57 272 128 248 172 162 234 173 179 253 44 138 238 91 15 163 202 87 160 271 105 54 275 170 116 100 242 206 133 198 185 32 142 187 232 71 70 72 79 97 287 216 33 231 288 40 292 238 59 6 208 286 
81 104 98 49 53 191 15 59 294 69 134 85 285 264 98 231 279 24 31 287 235 18 282 79 10 2 203 77 78 194 258 133 276 252 262 275 250 183 270 83 277 188 104 17 71 246 83 188 207 87 279 270 99 165 136 172 286 265 135 68 115 141 3 228 299 200 216 221 271 234 237 108 8 128 96 248 62 35 114 248 194 232 234 34 199 279 78 216 91 256 136 61 175 253 207 268 88 54 235 93 
196 33 220 12 117 169 69 226 139 81 128 29 80 133 33 299 7 141 233 162 69 237 12 70 12 127 277 224 149 291 248 90 21 284 232 83 226 291 272 296 31 189 68 226 269 168 168 10 111 246 200 103 228 206 56 103 64 211 94 16 252 254 178 204 190 142 293 255 197 78 81 61 116 251 283 80 297 50 190 42 280 212 188 77 76 0 187 26 81 73 9 5 67 229 203 124 164 53 62 6 
84 149 223 253 120 178 201 209 236 131 240 231 264 177 140 170 54 123 114 5 101 268 287 34 165 130 27 65 285 247 40 259 113 62 254 101 186 136 49 243 286 95 281 206 264 30 213 278 32 151 72 64 171 270 27 87 278 282 243 239 147 173 134 115 103 243 88 259 237 75 36 58 148 33 170 26 165 115 203 272 215 27 251 221 159 73 274 29 73 41 203 187 88 35 29 121 42 289 58 114 
183 64 241 173 220 107 186 211 229 196 9 272 76 269 163 194 12 90 76 134 84 3 146 208 298 56 276 65 250 232 259 107 11 95 249 252 103 243 66 242 38 221 276 6 113 191 17 22 60 57 192 57 274 232 273 230 115 46 276 52 111 7 209 216 61 112 155 3 194 274 38 30 123 61 87 283 164 50 241 178 150 125 151 295 107 95 171 178 229 267 65 160 77 55 180 72 85 78 296 283 
155 4 153 179 60 169 267 290 27 33 254 161 278 236 60 58 47 229 289 203 207 268 54 216 32 285 173 40 187 143 212 54 148 204 152 186 144 157 11 23 204 138 201 163 152 116 64 1 155 274 162 153 37 285 160 289 56 275 176 43 251 9 186 195 36 284 34 182 153 53 228 191 258 59 281 140 201 210 82 156 289 142 187 201 251 274 142 293 165 205 68 1 145 233 6 27 111 86 292 51 
78 205 130 180 152 298 287 277 99 218 275 68 178 45 148 49 165 75 69 155 40 229 85 294 254 190 274 284 164 95 69 13 127 80 68 93 252 57 203 249 135 160 211 292 46 98 20 164 47 283 44 79 291 33 193 167 140 178 191 77 21 127 38 81 56 204 171 235 217 40 232 164 185 7 297 161 218 91 272 103 177 15 152 14 63 111 138 19 252 143 36 295 205 270 94 58 205 247 274 196 
243 161 7 223 70 284 49 221 148 110 91 188 219 3 213 87 101 121 132 218 55 123 62 205 140 215 190 181 163 38 250 275 122 262 47 21 28 171 124 194 294 147 126 66 285 3 54 102 279 295 172 257 291 104 196 19 46 256 170 244 264 24 250 285 46 229 96 282 245 0 286 184 174 168 16 281 104 255 179 112 207 267 185 223 258 94 204 129 243 123 97 205 161 75 231 12 239 176 160 159 
123 55 170 133 146 68 290 38 218 186 65 144 124 8 48 132 230 123 95 236 252 285 132 152 159 9 88 259 125 96 229 231 48 40 89 3 257 150 167 104 188 77 96 202 137 89 169 229 101 6 116 287 223 241 122 263 272 267 26 203 61 144 119 174 87 46 295 193 95 187 56 139 255 160 64 7 184 155 275 153 46 274 223 139 41 269 40 280 134 41 257 270 65 150 71 289 20 50 147 152 
207 19 161 100 41 291 231 153 136 286 219 4 21 116 246 30 155 43 281 7 191 247 100 259 258 144 52 243 114 252 77 39 111 290 237 170 56 74 108 15 129 30 276 110 266 240 154 206 47 276 98 142 45 49 248 150 261 295 48 28 283 232 294 222 22 116 69 161 219 168 205 178 31 174 83 196 200 105 94 95 298 16 271 211 138 34 200 36 24 7 272 96 122 230 278 185 52 112 192 182 
269 55 142 172 178 240 96 145 197 93 80 299 21 151 299 102 0 7 65 284 297 20 262 132 275 1 252 153 181 267 107 132 124 65 149 72 134 154 62 206 177 2 108 200 295 69 106 297 110 228 190 10 31 78 210 211 6 154 177 297 54 105 66 43 255 251 91 67 299 145 289 50 138 185 75 94 63 261 246 106 60 241 264 39 105 60 268 106 188 21 156 234 149 186 280 271 178 153 146 183 
206 276 106 81 133 182 89 183 171 156 220 236 258 46 283 242 69 51 111 184 215 182 234 291 39 6 117 105 293 26 198 234 249 217 1 263 294 153 129 185 158 287 163 288 196 194 250 99 34 271 3 5 192 9 95 172 36 164 38 124 16 52 3 240 257 206 217 189 137 142 184 227 168 51 261 253 182 291 110 170 212 108 169 25 111 121 262 129 213 197 259 237 179 61 224 99 227 117 155 278 
295 116 249 250 173 23 90 91 168 27 46 296 247 190 289 97 45 96 203 91 208 145 219 115 194 70 33 289 49 228 143 46 278 92 261 237 13 10 223 18 130 179 251 224 183 244 166 232 212 128 24 29 63 184 83 122 125 251 43 198 153 220 127 2 116 10 28 284 92 255 252 15 85 246 256 183 28 203 29 70 218 66 202 163 244 258 206 86 49 127 274 60 193 208 18 117 187 294 169 231 
