55 75 100 261 69 249 163 71 287 81 156 220 270 150 18 265 83 285 219 169 50 205 80 201 40 260 262 175 278 121 173 283 244 110 117 46 231 281 145 197 53 233 10 114 67 180 57 177 189 38 180 284 67 281 143 213 223 35 281 171 134 11 20 139 101 139 185 276 53 173 61 241 164 125 141 115 185 39 211 131 86 258 241 248 92 220 117 11 76 294 206 38 180 138 18 280 112 47 173 144 
251 38 157 84 201 183 134 227 241 45 291 180 162 297 229 69 165 63 72 16 26 283 65 113 73 32 147 217 103 127 168 36 189 210 185 153 238 65 200 14 232 164 118 194 73 214 97 147 107 238 152 227 97 144 281 223 215 235 230 38 160 232 287 271 211 77 178 20 85 3 36 5 68 153 284 16 243 2 153 47 20 293 168 89 249 295 163 192 28 112 264 11 173 29 101 286 113 181 204 134 
84 231 33 219 111 252 256 39 256 294 200 92 157 95 281 125 175 154 14 141 114 83 20 284 60 149 71 91 140 181 38 126 109 120 273 72 103 189 42 97 0 220 127 167 222 298 19 167 61 42 195 213 123 151 275 82 75 159 85 17 82 124 65 0 199 9 193 176 74 147 123 236 91 84 81 286 96 276 253 295 32 18 221 220 258 41 148 173 201 132 86 92 249 11 144 241 126 7 287 104 
227 291 223 216 249 28 171 259 213 54 295 266 108 212 33 163 230 98 200 235 290 44 6 273 31 94 240 244 225 30 243 256 190 177 169 72 91 94 124 54 55 180 231 15 178 286 63 172 9 84 263 130 22 103 106 143 34 248 24 185 170 158 104 58 298 145 234 184 27 27 161 69 53 253 286 54 24 41 198 10 106 151 176 61 145 25 34 114 80 31 77 80 292 278 203 204 109 255 261 280 
11 211 258 266 118 59 195 176 268 217 218 262 117 201 156 209 75 261 229 227 7 189 87 30 95 280 232 209 158 286 267 297 217 198 118 164 80 204 63 148 156 286 261 110 222 192 290 32 256 64 220 148 2 87 213 206 111 254 238 22 201 108 180 281 295 276 266 112 50 281 9 286 142 292 284 65 13 134 7 5 100 158 231 144 265 213 92 197 5 197 161 281 171 71 263 163 20 104 217 289 
288 202 251 215 205 182 142 132 34 121 78 273 19 271 269 104 148 271 131 233 275 240 298 125 186 248 25 144 235 11 212 231 2 130 253 38 192 205 41 77 10 38 44 34 253 199 70 82 51 53 283 225 118 285 169 115 243 199 113 78 250 162 14 274 184 19 184 271 149 117 13 62 15 252 92 191 79 173 163 125 290 270 167 26 263 202 17 145 62 35 80 256 208 22 44 179 106 207 124 274 
123 138 283 11 206 21 79 260 71 166 28 142 129 19 284 2 104 69 47 34 4 190 289 19 13 166 13 69 292 251 256 52 58 228 163 7 56 119 5 6 35 14 72 35 248 188 106 96 134 260 15 266 83 282 9 18 105 33 126 161 146 95 37 20 94 250 124 62 83 75 41 0 241 29 228 7 43 145 108 296 182 224 236 82 29 116 15 281 56 234 275 270 188 139 34 107 143 69 27 116 
193 37 68 162 231 155 183 47 27 14 146 239 203 76 86 121 84 116 28 116 2 182 175 100 187 298 88 284 177 189 59 174 136 173 273 185 203 8 50 213 258 74 46 0 88 274 62 147 178 261 36 8 247 229 103 223 29 210 279 103 173 146 261 30 250 70 185 280 131 239 65 52 45 54 141 135 295 4 252 125 17 49 170 252 92 127 254 268 80 197 258 292 165 184 168 243 282 238 172 63 
46 69 287 144 249 70 274 248 43 227 267 206 195 30 39 193 271 131 253 294 290 72 257 124 126 178 69 66 99 3 9 66 216 258 1 194 8 162 58 248 288 75 144 210 183 109 118 281 217 239 79 153 25 63 178 18 61 46 48 281 251 78 80 266 273 134 182 37 248 50 184 262 82 44 42 49 173 142 32 114 295 9 1 62 63 185 294 138 4 70 40 231 165 199 110 247 249 292 62 133 
104 277 282 191 77 205 246 28 1 141 204 204 135 174 247 96 202 244 60 257 257 139 9 185 57 285 63 275 140 102 131 174 31 141 88 182 57 264 263 50 223 1 139 233 3 6 268 259 221 226 161 94 154 209 209 242 19 142 210 160 42 266 167 177 267 88 248 127 206 263 258 44 139 172 45 39 58 140 172 251 48 208 68 81 61 207 249 130 263 164 96 189 83 193 142 58 63 123 211 194 
72 179 55 1 137 192 137 62 95 122 261 165 290 286 115 27 208 199 32 37 249 196 76 162 191 191 85 123 87 66 272 200 203 164 65 73 249 182 271 156 108 26 288 224 109 207 182 219 29 15 248 148 185 6 175 224 27 8 12 174 255 260 196 4 279 165 293 108 259 117 13 291 256 37 204 145 244 41 158 21 283 60 213 138 264 145 29 194 113 127 34 210 167 267 158 43 13 240 266 115 
100 63 200 42 63 271 243 239 287 242 35 178 234 274 200 48 88 219 113 276 174 201 115 24 103 33 36 99 115 279 169 165 150 198 211 134 53 283 1 78 143 19 248 208 10 64 73 212 282 286 107 79 267 18 17 234 259 195 154 166 131 11 77 54 242 28 164 66 182 299 31 266 66 264 206 182 235 12 119 160 51 59 68 262 246 6 181 190 283 5 273 184 99 64 191 243 153 139 119 118 
138 9 177 96 93 61 156 141 269 232 151 16 81 170 128 57 1 225 18 204 204 138 297 67 65 273 167 55 78 171 77 178 173 46 38 95 176 41 191 175 36 9 268 130 106 235 222 213 51 174 54 11 128 256 1 145 268 244 152 202 60 222 46 219 175 278 239 79 252 26 139 251 160 167 299 184 113 94 63 185 279 91 41 79 53 105 138 257 79 247 118 233 293 39 41 284 296 273 27 297 
35 222 271 149 98 262 59 85 33 70 203 277 139 210 292 68 149 150 63 56 240 159 27 251 284 221 182 133 53 239 43 92 195 258 199 158 100 189 89 38 152 208 233 102 14 276 139 3 110 179 177 69 118 196 96 56 56 257 203 35 260 151 246 264 210 110 145 145 123 281 221 106 165 204 53 187 252 265 141 299 6 299 151 104 285 138 140 45 15 255 170 205 34 54 93 14 146 181 62 226 
20 39 110 281 120 210 172 0 169 124 247 168 195 136 266 13 9 104 121 172 84 138 63 168 256 168 228 133 50 189 257 290 273 64 69 252 281 30 70 89 177 239 228 86 280 68 142 61 22 52 167 92 199 124 199 226 172 141 150 209 281 140 31 8 200 267 165 233 24 183 202 283 256 228 49 186 80 196 74 187 228 140 191 282 280 11 69 265 128 165 151 59 53 159 171 92 252 91 195 3 
45 50 65 17 118 52 29 132 165 204 163 280 155 229 133 184 95 84 142 144 35 295 48 94 157 226 63 3 108 247 242 231 152 259 226 176 107 67 81 182 186 164 284 271 71 151 56 133 229 251 90 0 69 96 149 150 237 204 3 144 150 220 215 87 205 94 198 186 232 272 173 22 175 236 254 68 237 241 80 161 280 4 192 284 137 32 150 195 17 115 228 63 257 230 145 30 145 155 265 285 
67 233 164 299 148 163 264 59 15 5 83 93 65 123 205 156 85 171 237 126 269 161 82 253 109 101 257 216 194 65 50 193 121 152 203 158 37 78 243 77 3 281 266 116 80 71 56 225 116 117 57 230 17 267 116 20 114 257 163 198 57 234 154 68 267 70 165 265 222 297 99 65 23 150 156 279 274 69 282 37 138 277 112 260 97 145 223 179 84 261 34 287 23 256 148 20 175 95 147 222 
32 160 75 79 205 192 135 256 73 221 159 59 187 297 63 194 266 291 166 259 27 279 99 123 294 212 212 133 219 239 204 89 45 255 123 220 271 223 275 21 91 51 170 128 235 255 157 174 290 224 154 98 51 213 109 243 24 105 236 233 134 117 81 85 186 261 272 263 47 30 9 5 187 139 139 198 219 136 70 36 222 114 267 79 228 36 241 142 148 289 46 98 287 83 150 30 268 275 122 68 
56 70 25 37 68 48 199 32 37 59 68 143 195 51 292 166 198 19 194 280 113 138 10 80 248 23 102 232 181 113 181 99 49 171 166 104 28 264 122 270 126 282 5 187 159 244 189 232 166 12 93 242 21 113 205 41 284 262 53 232 131 47 63 5 84 161 237 258 206 89 55 1 218 63 161 252 12 157 64 96 134 93 186 111 119 162 115 259 259 196 148 29 276 97 159 78 180 140 29 112 
126 280 183 20 146 68 205 90 69 173 190 19 72 247 176 227 271 117 63 85 273 120 219 287 54 274 263 148 21 44 195 37 292 248 2 171 72 291 132 10 125 262 186 43 114 62 96 162 257 34 245 252 22 72 153 262 220 108 15 133 59 244 243 101 156 191 79 275 194 72 295 248 126 246 273 122 62 162 197 249 5 84 103 34 134 18 31 39 273 113 225 156 110 185 268 68 258 23 22 195 
207 281 134 270 67 134 154 251 114 106 256 147 191 160 214 90 273 103 57 65 271 158 178 221 23 211 162 163 46 117 48 111 138 160 248 238 256 254 163 75 68 260 240 113 43 10 65 81 231 267 26 49 77 267 32 77 112 202 270 5 124 225 149 276 49 223 94 239 221 121 248 113 23 222 242 261 69 166 182 221 269 257 254 226 111 47 155 115 290 145 64 275 72 227 52 57 263 216 219 126 
266 173 162 97 139 29 177 106 26 48 133 165 77 191 254 92 69 260 187 8 37 262 203 79 258 283 230 66 140 256 28 74 51 128 33 36 280 221 86 149 88 159 259 145 212 155 290 175 67 20 75 2 298 75 40 23 163 108 262 223 136 266 17 91 148 95 228 253 205 274 65 196 76 193 212 42 267 170 53 128 70 196 239 159 15 213 250 107 13 39 133 165 139 104 69 45 77 270 156 80 
76 99 33 74 163 228 211 11 28 296 124 34 188 108 44 119 198 240 134 53 158 296 202 171 273 196 28 265 242 65 132 93 85 113 171 139 299 229 21 252 149 197 75 2 82 63 158 96 222 224 180 19 124 123 238 130 122 139 96 242 296 15 113 285 154 268 114 212 190 248 245 82 85 68 200 202 64 23 192 120 94 232 235 21 121 12 249 245 242 33 62 160 241 174 131 187 240 52 19 272 
219 288 64 88 19 215 22 204 227 34 95 30 20 141 272 1 176 146 182 28 281 250 9 36 259 148 253 111 167 125 205 227 85 142 193 206 5 272 247 200 45 97 258 11 139 128 86 201 260 90 158 71 28 261 206 277 184 98 159 250 256 178 245 213 6 87 293 184 58 284 112 212 276 164 182 58 187 202 130 52 235 68 276 111 161 112 288 251 166 136 71 103 25 81 39 63 45 185 264 183 
294 226 40 126 158 42 138 47 68 50 79 251 136 52 5 295 29 145 37 127 199 229 78 183 227 164 6 68 18 288 13 270 261 48 48 54 281 25 39 295 249 255 102 153 255 170 88 283 117 145 97 260 265 231 215 48 283 132 159 217 285 66 289 94 207 200 207 102 16 123 241 164 101 240 122 78 160 134 78 244 68 264 173 74 259 12 55 136 39 261 169 57 126 9 211 82 276 236 182 104 
15 137 235 33 153 166 256 70 71 111 67 129 293 257 121 218 157 65 181 27 249 158 297 32 101 195 176 38 180 278 292 159 14 119 26 19 274 125 8 74 56 154 154 262 174 250 124 67 286 70 115 243 224 72 258 214 154 50 55 178 31 123 150 24 196 73 253 288 92 85 109 289 167 103 80 84 50 37 123 29 224 258 17 126 180 88 97 72 9 127 57 163 138 30 24 118 63 227 201 215 
139 246 12 80 237 118 56 210 264 151 45 168 226 215 260 55 160 56 9 297 206 125 165 64 75 69 5 189 162 256 61 188 244 179 28 6 80 242 207 236 294 292 283 149 0 211 188 59 214 100 56 214 138 202 140 133 215 74 77 145 194 293 62 108 101 193 158 187 261 9 24 198 43 132 45 27 235 171 216 73 217 46 79 273 175 232 214 231 35 18 214 259 169 190 44 82 204 64 61 71 
61 237 248 285 19 10 134 87 169 39 5 281 145 125 252 120 171 112 258 165 37 145 114 294 84 283 250 234 11 208 54 3 106 199 250 156 258 239 142 239 187 215 54 79 74 200 203 131 96 222 85 19 227 99 65 11 151 96 168 297 216 209 44 118 110 19 119 252 200 0 222 93 261 246 68 204 45 40 283 104 4 198 18 222 40 95 112 64 63 208 291 182 273 18 229 84 231 140 143 59 
246 106 214 153 8 206 195 207 264 285 69 205 161 159 118 17 211 118 190 71 230 280 287 213 108 161 26 261 247 196 153 40 198 80 149 45 294 49 222 285 4 142 161 226 85 15 84 288 78 193 196 108 109 32 64 91 140 96 153 106 149 69 290 136 221 245 116 63 105 120 177 76 69 157 150 185 175 60 129 232 4 42 246 149 109 64 68 226 57 88 142 203 241 32 265 133 252 160 27 263 
235 115 98 166 96 176 148 264 79 39 269 260 57 57 47 60 253 136 158 81 179 100 288 162 182 173 167 130 53 122 53 55 102 49 258 51 187 252 64 106 193 288 159 188 201 208 32 205 44 287 196 85 26 206 140 57 42 204 255 135 158 263 54 117 101 260 276 73 44 273 258 48 65 126 132 284 132 25 156 206 104 183 218 156 146 40 242 23 76 20 266 269 25 251 83 289 175 270 141 50 
133 127 217 257 223 95 91 125 14 214 268 149 136 270 37 117 123 247 89 289 20 207 40 231 88 94 180 133 22 88 20 182 288 110 86 257 143 85 85 230 207 113 135 113 60 185 237 205 241 107 173 81 127 31 160 65 5 263 112 179 249 42 83 275 208 217 64 4 185 77 197 100 107 234 222 107 108 184 277 234 12 32 171 18 127 185 182 23 138 207 168 282 16 15 210 183 20 49 244 51 
25 71 124 177 139 123 245 134 32 242 158 66 85 242 223 245 173 276 39 210 210 206 63 159 131 241 222 73 90 10 10 73 87 19 198 51 293 31 15 222 196 153 52 69 170 56 20 240 129 234 67 134 181 212 266 52 50 42 179 254 213 272 97 42 112 260 294 90 62 209 97 67 48 231 206 93 80 35 183 238 212 73 146 217 207 13 208 272 45 59 80 81 149 11 273 63 218 51 160 36 
103 214 114 222 152 213 276 132 192 139 120 239 48 131 26 261 244 64 75 84 72 120 70 86 290 38 23 195 115 140 221 183 270 38 115 34 88 19 91 126 80 164 98 268 151 94 2 245 48 195 172 118 168 73 164 81 296 238 59 262 217 123 241 131 17 176 271 116 116 120 87 221 254 246 237 248 115 38 208 194 103 136 5 233 51 85 183 155 91 196 84 85 298 120 87 190 163 62 279 202 
249 82 107 283 121 220 222 127 218 157 284 174 297 152 62 177 122 142 227 207 299 65 23 243 140 135 208 254 195 230 191 162 209 47 236 16 252 128 189 150 118 34 180 299 182 83 258 103 234 286 131 18 9 140 60 276 277 191 120 259 99 17 250 256 74 152 129 38 53 144 233 256 157 200 149 29 243 232 198 214 85 242 175 10 139 180 270 89 160 33 82 183 122 67 156 138 298 49 255 211 
63 49 275 245 126 144 90 298 26 44 113 150 289 258 145 285 46 148 281 113 17 25 294 120 80 56 170 62 259 9 217 110 50 126 290 77 129 274 204 56 217 232 156 108 145 165 198 291 115 49 118 40 264 251 65 273 257 232 172 72 107 162 64 188 182 129 79 213 254 50 38 27 126 278 71 115 232 185 137 50 64 119 25 90 197 215 75 291 97 146 2 274 116 218 248 40 195 244 233 168 
41 83 274 281 203 266 25 291 12 188 299 232 43 130 273 180 228 272 179 164 248 251 222 38 105 210 164 42 253 32 133 123 174 242 104 36 190 22 11 153 196 67 271 253 67 261 223 153 249 199 106 67 286 139 187 227 42 258 281 246 224 21 155 185 121 47 297 284 69 201 144 43 76 102 271 35 19 94 258 82 272 92 27 213 91 2 175 298 179 66 174 285 173 43 158 90 2 102 225 163 
179 134 65 168 196 224 295 284 213 175 287 266 253 203 83 264 204 72 154 138 248 26 192 202 126 66 31 102 181 35 167 223 31 150 69 261 280 19 48 83 228 193 42 265 268 164 94 59 267 212 217 27 33 249 226 249 48 261 17 114 107 258 180 59 167 85 113 84 200 289 6 157 276 136 46 3 174 266 51 14 121 28 48 241 230 200 273 27 168 269 253 177 178 2 191 144 26 142 208 60 
180 195 188 277 233 31 279 165 109 251 118 126 239 158 286 17 87 31 173 79 144 3 262 243 276 20 69 161 48 199 123 105 156 213 51 27 211 208 178 230 227 13 237 134 59 111 128 222 200 214 169 93 270 108 61 85 59 116 58 274 37 62 118 36 184 75 162 167 218 297 107 138 130 1 53 54 187 266 298 249 114 137 281 238 268 35 226 110 141 182 109 187 198 248 208 156 33 64 294 70 
294 203 50 290 8 150 221 219 290 173 239 16 187 11 170 57 100 239 284 150 148 130 210 289 97 73 70 138 53 118 227 187 279 62 181 85 223 282 34 268 39 114 255 177 164 1 104 106 153 275 91 266 22 123 30 275 139 189 267 208 146 259 116 279 114 118 203 79 197 235 163 253 68 114 107 208 170 291 222 154 247 136 161 281 122 115 105 254 24 155 288 60 126 232 153 120 1 246 6 60 
261 74 82 38 44 129 211 15 243 49 141 12 205 154 227 43 287 240 282 76 17 229 112 50 27 33 211 228 245 296 70 209 63 143 175 200 199 155 110 132 109 99 17 272 145 61 84 133 275 55 50 75 152 241 144 188 95 45 130 235 215 86 100 170 231 110 100 90 197 188 101 255 239 16 13 2 254 24 82 89 289 239 201 27 91 256 12 252 60 170 29 279 277 269 128 209 80 263 186 209 
102 263 275 74 52 66 97 183 248 184 29 282 217 22 101 50 164 78 231 81 1 298 297 14 1 36 105 196 141 173 107 132 78 117 277 207 154 27 150 174 12 218 90 173 163 286 97 78 1 110 146 140 78 138 34 104 117 81 108 90 119 169 75 79 185 290 146 133 28 204 156 144 60 236 21 220 175 68 35 155 228 130 220 124 134 18 243 191 259 234 172 79 211 96 10 150 51 94 75 297 
110 185 106 139 205 118 69 42 26 224 140 67 75 280 278 285 163 53 204 197 90 97 22 48 257 19 3 190 169 41 284 198 248 177 69 22 263 86 102 19 194 198 275 16 97 145 199 244 72 13 270 17 206 236 174 40 149 125 290 86 229 246 148 68 110 246 217 62 179 58 250 228 12 150 245 13 254 141 124 175 149 52 37 232 35 59 67 28 160 221 80 274 24 131 0 299 208 134 197 141 
63 228 230 72 297 95 161 47 102 56 44 88 271 143 104 61 5 176 97 46 244 162 21 131 75 150 131 80 274 14 197 154 61 22 285 83 143 70 76 285 265 113 48 151 120 250 248 36 208 265 254 224 206 29 4 180 73 64 154 258 52 270 114 205 279 205 81 54 63 131 117 107 295 142 144 91 237 153 116 269 72 76 47 154 135 154 190 157 69 0 8 110 7 77 84 279 95 176 174 72 
186 218 285 1 116 37 299 0 274 183 33 17 285 227 247 50 198 153 50 7 53 224 222 174 245 65 182 103 47 73 113 221 187 59 152 240 244 35 6 130 32 298 195 79 271 207 243 30 178 233 197 289 207 138 83 184 95 144 261 49 109 70 34 78 257 1 169 267 299 235 176 62 261 36 273 168 154 7 290 2 145 283 282 203 53 47 0 100 98 15 44 137 120 208 168 114 42 181 157 74 
98 15 250 271 295 90 179 38 187 57 26 32 246 48 198 98 70 227 41 12 177 66 96 228 116 103 232 265 261 183 11 298 291 181 91 193 48 108 298 296 24 19 115 254 13 26 145 133 278 286 165 270 239 268 156 197 233 203 37 260 90 183 4 186 160 82 220 93 118 221 190 183 283 62 146 127 93 165 262 76 21 8 253 222 206 83 273 129 175 259 284 286 149 9 143 66 283 198 245 298 
184 51 254 161 150 258 267 172 16 39 165 243 215 76 76 70 281 189 299 287 74 297 297 131 142 205 117 39 278 149 237 260 141 68 67 296 75 79 245 72 261 234 244 95 172 43 35 220 283 251 161 147 230 39 191 71 289 38 250 56 119 291 284 231 35 165 141 171 140 169 41 67 121 64 156 35 204 101 14 267 18 89 96 129 143 82 138 51 290 229 273 141 20 215 40 188 125 22 299 211 
95 175 175 133 138 87 144 280 288 142 224 36 133 7 211 30 177 258 203 38 265 250 294 103 224 251 274 34 219 102 169 86 19 114 185 67 105 256 114 188 266 98 101 14 264 233 91 193 197 234 70 229 278 261 295 189 39 261 153 106 109 59 124 12 24 206 106 232 30 38 118 201 179 132 38 113 291 74 91 106 261 184 186 50 214 5 261 295 140 81 163 95 267 163 272 247 157 207 160 184 
1 123 81 203 72 217 251 9 214 99 44 202 134 278 184 223 267 52 123 226 133 217 16 261 17 39 264 265 228 77 96 8 159 153 235 52 279 258 247 275 45 24 185 56 9 265 91 128 18 116 115 32 293 108 149 220 263 299 61 181 48 143 181 247 190 189 287 226 10 128 191 74 81 253 64 93 176 289 156 39 232 206 181 44 288 65 86 185 26 239 26 156 158 106 111 77 164 215 282 73 
99 210 70 66 164 10 162 43 197 1 219 66 183 78 138 235 159 169 46 63 40 210 68 228 64 102 8 35 35 263 243 223 52 51 297 8 191 106 209 120 195 91 243 205 33 175 178 191 72 36 102 291 58 150 199 183 275 267 210 148 169 288 163 250 236 2 276 115 71 106 105 279 189 45 85 50 225 199 64 207 296 154 53 31 49 149 206 149 295 245 21 208 285 200 177 109 286 252 298 232 
226 58 57 221 205 292 256 191 82 32 237 91 299 178 220 177 291 116 185 133 96 280 262 4 47 157 62 61 36 293 15 129 166 166 282 261 162 128 125 79 46 111 108 64 114 270 50 281 286 115 37 119 283 219 116 247 70 40 202 149 17 285 37 244 213 54 36 119 12 185 151 159 172 60 298 157 239 56 180 189 281 161 242 203 154 47 189 49 152 185 252 93 29 59 193 136 173 129 14 267 
175 166 19 202 132 123 2 146 172 105 237 115 71 292 279 62 215 252 74 46 4 143 245 258 68 185 74 98 133 57 252 50 203 145 204 112 46 263 21 84 175 17 207 294 202 30 141 179 264 190 25 203 290 88 152 286 162 97 193 213 260 284 31 95 76 28 203 185 250 98 262 270 246 99 195 59 69 216 60 86 135 156 22 83 186 114 186 167 275 36 21 261 244 147 167 271 78 228 140 278 
96 162 111 80 276 293 203 169 280 114 207 259 291 148 197 39 53 66 198 233 132 214 252 251 84 202 187 25 90 229 194 78 52 112 89 39 160 209 55 16 63 71 26 19 232 296 109 22 97 244 117 27 127 175 70 118 296 288 256 117 158 278 70 198 135 291 226 142 224 196 231 80 90 89 74 298 117 105 138 8 143 68 110 105 185 238 121 94 112 171 150 151 295 201 59 180 275 29 230 237 
59 274 65 142 185 90 43 270 44 115 161 105 299 41 286 167 263 220 134 271 248 29 279 144 14 120 182 195 253 172 8 12 121 95 124 141 88 115 0 125 140 101 206 214 86 156 93 258 183 45 103 2 1 63 70 155 221 296 146 8 134 158 117 236 134 250 58 246 219 292 90 162 197 277 260 230 274 261 254 69 103 73 240 38 149 97 113 56 262 293 220 177 196 41 249 220 250 200 176 184 
150 169 124 126 175 157 68 277 285 184 166 100 141 132 117 119 53 234 149 132 111 246 291 93 201 62 35 289 93 277 213 279 66 77 263 239 298 294 233 108 121 45 132 132 287 254 97 186 257 272 117 110 174 225 209 236 123 16 219 142 247 145 125 19 201 274 103 35 223 176 148 2 32 216 97 288 56 6 232 38 22 189 238 62 26 268 243 18 292 185 15 95 197 244 130 49 273 298 79 126 
4 163 228 235 153 52 149 204 167 61 99 236 186 286 167 240 202 88 123 144 79 35 112 72 261 278 129 80 48 242 171 35 30 246 182 276 32 198 43 228 106 95 66 134 211 283 237 41 276 297 69 250 176 187 273 42 220 58 289 12 208 54 164 298 122 226 74 187 100 186 47 17 152 84 24 218 99 220 255 105 83 143 56 62 223 217 167 288 159 229 160 246 283 165 54 227 130 204 159 99 
39 100 70 210 221 43 290 135 208 88 66 50 91 113 185 138 171 117 241 266 56 207 222 73 187 129 36 147 8 250 149 229 44 208 192 20 261 290 267 22 209 200 26 74 268 97 216 129 162 266 277 117 293 212 208 49 115 184 55 261 270 204 250 195 295 33 268 242 116 211 220 50 86 124 226 184 82 185 128 216 48 97 135 120 80 232 178 154 111 291 91 217 102 112 51 72 16 88 27 244 
98 163 236 47 174 144 71 200 30 142 93 137 195 167 148 203 163 226 179 201 66 294 199 172 83 84 7 1 187 33 172 78 20 174 160 206 127 32 268 55 242 196 176 231 56 177 56 39 117 155 220 161 226 192 7 296 128 273 92 144 165 52 80 237 188 107 28 45 44 180 34 24 283 218 197 227 295 290 138 242 286 19 64 3 14 171 188 208 283 231 38 267 24 281 103 28 111 128 231 79 
173 167 92 128 49 246 167 251 264 17 83 275 78 50 64 18 202 133 18 165 227 82 234 158 85 207 164 31 66 207 18 117 79 222 207 265 1 286 87 190 24 157 186 143 64 288 68 98 115 71 280 105 204 250 128 199 25 8 263 79 155 249 164 297 276 265 82 81 165 183 217 24 257 127 84 132 86 172 143 227 55 297 267 279 190 298 123 241 294 110 205 143 120 130 234 82 25 100 166 164 
235 285 272 166 25 167 253 201 248 248 181 86 243 107 178 180 193 228 216 153 198 130 6 239 31 230 215 200 138 151 43 12 2 176 24 151 238 237 276 95 152 294 36 114 215 152 154 214 89 38 90 104 87 235 18 168 158 96 220 40 144 193 40 71 121 175 174 247 90 45 277 160 103 63 77 147 24 70 275 32 182 1 222 27 299 247 135 33 268 82 252 185 249 159 290 132 218 139 142 147 
24 122 89 298 1 206 106 182 236 183 260 263 181 292 79 246 281 140 128 22 64 142 236 111 46 233 236 128 180 196 71 274 263 122 16 249 214 81 279 278 233 236 137 113 288 25 18 179 132 7 71 232 280 233 260 259 244 183 191 6 227 242 134 12 117 247 273 232 243 214 140 55 113 225 11 1 140 110 55 76 102 164 48 106 247 51 195 28 198 233 147 222 147 9 54 105 173 122 145 143 
150 235 160 194 126 165 158 255 142 68 125 112 122 143 16 128 297 191 174 82 79 259 199 145 156 33 252 94 103 154 27 194 169 274 131 238 67 94 193 20 224 87 260 24 136 232 7 130 194 91 288 278 209 156 83 289 174 153 99 114 27 77 188 138 194 135 242 191 247 66 41 11 24 55 114 279 140 70 224 125 266 85 182 167 291 73 212 113 249 278 128 94 49 173 168 274 155 292 165 54 
228 90 234 128 273 268 128 101 278 218 116 264 41 182 60 61 109 82 38 286 297 220 231 93 53 11 18 210 147 151 199 218 85 30 275 180 2 121 205 182 10 221 298 116 116 226 17 37 31 235 152 190 34 295 83 195 275 147 195 238 161 158 169 7 246 233 112 86 9 115 203 203 77 212 235 287 13 60 205 261 109 207 187 216 204 287 57 248 295 25 194 55 291 195 254 37 183 169 166 178 
57 286 270 43 137 10 27 271 25 238 233 136 39 296 150 104 56 183 280 29 182 173 256 40 196 79 227 253 88 224 129 0 242 274 147 274 95 22 13 0 245 110 201 215 237 80 222 35 164 176 37 5 246 6 56 250 196 197 148 130 165 207 68 273 188 223 230 265 44 171 10 116 127 133 32 56 67 196 59 136 142 226 3 244 21 93 83 184 151 175 36 1 2 246 128 164 191 276 206 211 
250 170 209 81 61 67 7 274 241 264 88 47 96 197 11 171 249 122 28 54 213 139 35 260 72 189 188 18 143 250 256 169 135 51 170 259 233 40 65 77 187 291 214 149 236 157 153 9 228 169 192 252 102 54 278 102 25 67 273 154 268 97 111 257 69 166 267 264 197 15 135 238 150 171 144 73 268 241 208 238 232 262 51 247 6 20 257 76 262 138 115 76 154 273 268 157 2 150 210 86 
40 66 37 256 152 18 31 123 234 258 80 271 155 148 152 218 10 41 51 64 36 172 81 260 226 170 174 76 69 165 183 96 277 59 246 159 107 65 266 184 69 17 167 279 104 128 84 90 296 120 69 241 245 98 151 299 270 79 138 151 49 117 215 207 26 39 230 204 101 100 146 18 13 31 18 130 103 222 42 265 181 139 271 43 3 28 178 60 107 170 224 213 144 207 138 278 70 50 115 206 
208 95 146 36 134 83 212 153 91 6 231 225 282 72 112 34 177 161 22 55 190 173 87 254 101 150 91 77 257 271 282 113 18 41 43 251 68 292 83 70 90 4 262 162 277 4 100 243 242 119 82 77 169 229 108 263 280 52 222 289 167 188 138 198 201 87 261 165 15 13 155 0 171 200 152 214 248 155 240 122 232 72 99 261 262 42 54 86 261 268 89 4 12 87 245 128 276 197 59 17 
43 239 109 256 186 189 129 295 5 144 156 221 54 213 121 255 183 91 186 170 4 273 17 228 104 93 91 167 279 191 138 228 48 66 185 212 271 160 156 169 294 1 263 218 36 222 271 284 50 122 123 284 53 164 113 277 120 166 121 208 94 73 141 60 298 158 146 271 43 253 273 202 226 216 202 16 286 194 109 151 242 53 74 130 133 125 51 178 270 101 2 233 121 3 185 227 222 251 112 29 
0 260 230 248 241 190 268 252 64 219 240 140 39 269 2 235 250 291 115 3 295 200 196 61 144 92 93 13 246 148 261 47 27 60 12 134 47 291 118 17 74 131 76 75 253 226 132 155 29 84 66 236 104 297 16 265 191 269 162 284 135 158 194 76 253 251 150 265 52 55 63 171 172 223 100 29 92 251 144 43 7 114 136 138 167 133 105 83 178 222 231 86 82 125 38 0 24 219 46 160 
28 25 104 262 198 207 137 185 36 74 141 142 6 74 128 184 226 116 92 246 265 55 13 7 77 29 107 28 38 137 40 79 79 10 37 39 4 279 86 172 93 225 120 160 164 180 291 90 215 26 200 282 201 56 292 77 214 190 9 199 237 61 153 298 177 159 109 9 27 190 88 193 235 9 64 34 231 68 212 121 240 10 75 112 276 204 263 46 16 191 9 209 183 202 209 102 258 85 297 172 
249 110 223 32 70 162 218 91 177 157 20 148 204 122 185 19 99 296 127 34 7 258 127 23 250 194 271 86 222 47 196 61 108 197 210 185 138 260 213 259 116 57 82 127 70 248 223 147 299 216 23 107 238 217 274 160 132 151 179 126 137 164 99 199 18 60 145 61 44 246 174 123 150 294 107 86 244 181 277 269 178 100 168 215 235 197 255 140 200 114 179 143 36 63 81 274 177 131 65 175 
254 105 117 298 226 149 15 2 221 148 218 220 130 104 118 213 113 297 229 40 210 171 125 32 185 109 15 67 299 289 246 159 41 286 45 292 208 122 225 194 101 215 179 160 258 104 36 70 128 223 113 299 202 34 277 238 14 298 129 89 114 40 3 154 6 74 223 277 176 132 238 195 180 280 183 82 49 63 190 1 228 277 83 221 296 130 4 279 153 202 38 208 69 38 229 111 248 164 234 286 
290 189 25 112 254 217 243 69 41 130 229 62 297 68 234 266 160 213 181 21 164 157 219 193 256 60 188 162 66 115 59 278 94 183 99 69 219 196 30 201 153 241 1 257 183 144 158 127 114 149 57 243 74 6 71 135 150 134 283 184 294 222 129 142 84 95 11 30 168 129 105 186 17 284 1 35 203 85 200 91 26 263 224 66 10 262 251 258 181 75 162 28 227 86 5 292 264 157 290 140 
59 230 88 261 217 234 26 155 267 111 132 103 76 231 177 221 298 5 106 278 120 253 246 26 229 111 134 10 63 89 203 54 253 14 118 57 53 21 151 221 156 73 13 5 101 280 21 188 297 87 173 208 159 154 227 90 259 169 257 168 51 162 159 140 39 168 132 267 173 191 257 182 215 164 96 103 43 127 235 256 95 296 47 287 203 187 8 273 283 104 238 133 49 69 138 75 207 113 217 242 
105 45 0 165 286 180 88 261 35 109 204 291 16 256 49 16 138 112 62 42 256 127 228 33 66 122 31 150 247 45 190 66 165 7 107 42 247 149 258 37 290 144 124 276 48 26 255 157 137 145 240 110 206 288 176 60 284 285 203 33 277 256 86 283 178 180 47 30 236 207 194 121 266 9 158 96 143 171 196 68 152 85 131 196 58 237 181 199 41 78 221 37 219 13 38 262 222 62 31 224 
263 257 111 229 77 31 82 257 189 259 265 69 52 122 299 268 298 198 4 196 88 37 166 285 160 17 97 6 90 163 75 96 135 205 214 3 146 260 145 270 271 226 9 38 151 26 47 38 219 29 128 194 124 253 289 113 247 109 73 7 23 20 41 199 20 61 230 285 49 94 3 127 271 143 69 153 151 258 187 231 73 225 194 94 67 171 115 170 266 59 167 222 80 117 123 160 225 206 80 206 
41 222 151 165 174 124 172 150 266 98 40 114 281 149 266 30 280 155 280 178 100 115 69 234 264 194 129 155 152 187 39 231 296 84 126 299 161 279 239 59 262 113 230 35 229 270 299 293 211 221 255 44 129 91 231 223 33 78 272 200 36 126 276 15 137 108 140 285 46 257 82 6 50 89 24 183 35 292 6 204 56 241 189 81 1 69 56 230 190 14 240 28 145 277 114 42 100 5 44 32 
143 278 100 15 57 264 131 229 49 123 258 278 227 202 169 283 160 106 109 154 22 170 192 14 112 134 270 192 37 244 162 51 263 29 53 132 165 231 299 285 221 38 212 59 16 17 60 153 87 191 178 27 263 162 296 143 35 223 248 274 16 278 227 270 17 4 223 103 197 202 147 180 298 287 223 219 35 246 197 208 124 49 38 273 32 198 198 113 47 144 179 255 157 177 115 294 115 65 151 131 
97 176 107 181 195 284 64 91 8 241 189 242 280 79 25 45 29 234 12 135 176 99 48 236 225 169 37 274 68 241 0 253 189 271 48 272 190 182 67 270 176 70 224 193 131 279 0 58 202 149 94 62 19 258 234 271 34 0 282 38 48 136 24 227 45 225 282 45 98 173 223 13 229 188 89 13 186 255 179 153 183 76 277 260 170 263 206 19 217 168 245 222 95 185 235 112 189 263 92 105 
27 80 76 2 172 105 152 296 15 209 1 1 52 263 264 72 223 24 155 57 287 158 163 115 117 266 170 25 25 29 203 35 253 1 167 251 294 15 286 48 124 86 231 34 38 118 68 222 236 189 98 63 38 210 143 276 218 185 253 112 74 155 282 64 20 2 124 168 129 67 71 89 119 129 24 12 119 229 9 75 3 44 106 76 16 148 138 14 234 227 103 280 238 256 102 163 268 16 230 287 
99 128 226 13 134 24 93 156 288 207 46 142 178 140 281 160 80 116 272 112 169 172 93 133 134 38 275 116 238 83 62 38 171 20 48 62 208 53 74 285 290 217 80 147 19 100 40 211 73 45 76 102 223 276 22 132 99 123 124 51 100 79 288 180 160 85 205 55 5 105 26 39 247 7 86 158 81 285 265 218 153 121 223 24 233 127 279 172 111 256 209 277 127 247 131 66 168 48 172 89 
160 272 133 295 269 149 145 288 284 291 256 165 227 246 192 99 229 252 175 37 40 65 267 177 256 69 71 11 74 225 33 207 7 182 105 84 10 199 181 160 116 286 8 194 51 277 236 58 276 280 115 176 65 233 206 147 221 263 249 123 178 284 45 293 41 131 139 2 176 265 289 43 93 69 270 283 197 293 150 209 7 111 27 132 213 198 77 164 92 282 193 207 56 9 172 15 162 154 126 42 
22 78 273 84 67 150 86 63 185 56 203 73 284 81 194 277 266 82 105 179 267 217 222 293 72 75 153 82 30 56 144 219 15 19 246 107 154 67 151 267 283 216 235 249 137 294 192 176 151 58 154 256 48 298 181 180 2 8 201 113 142 9 165 13 77 24 124 184 270 1 289 217 279 110 297 113 125 293 187 287 176 58 163 272 197 83 37 217 274 154 235 277 56 225 150 168 275 117 34 228 
63 199 13 0 205 294 178 122 8 155 68 237 101 129 176 146 148 278 115 58 60 145 48 117 33 16 251 185 157 69 141 166 114 283 227 61 145 76 109 175 13 296 18 39 134 273 82 142 128 181 99 46 289 235 176 53 65 165 143 295 223 246 220 134 133 35 158 246 263 120 195 148 130 68 271 7 99 112 173 173 233 100 260 221 263 163 58 221 177 26 226 291 289 226 152 217 233 85 59 122 
176 73 247 165 118 91 259 80 200 219 52 125 291 113 162 184 239 220 178 66 123 53 58 192 184 278 125 174 191 91 170 289 178 272 18 95 97 56 99 58 25 258 28 165 26 131 26 130 90 51 226 111 293 7 52 82 86 90 34 110 113 218 226 240 183 37 167 149 123 25 167 38 46 173 280 170 134 269 264 251 66 56 263 24 273 15 15 69 24 269 248 75 45 165 115 130 17 112 163 284 
216 192 198 179 148 199 1 230 35 180 143 232 105 151 296 50 53 111 173 94 242 177 10 31 226 138 218 139 26 157 246 102 129 194 216 298 33 226 286 244 189 184 24 52 290 175 35 147 48 229 114 188 233 92 72 185 27 175 43 48 33 151 131 250 80 198 3 41 251 24 209 292 217 108 159 219 156 86 264 254 78 74 15 11 71 15 92 286 54 221 81 28 213 231 239 185 254 46 129 186 
200 54 211 131 205 14 51 38 85 294 44 280 226 154 176 188 214 266 168 165 246 220 253 179 224 185 1 245 199 148 158 101 98 264 214 296 110 164 200 240 208 196 242 87 174 281 256 2 200 285 272 162 3 292 70 297 73 217 222 209 164 181 11 252 7 117 242 99 249 195 127 149 205 244 264 42 137 103 136 165 87 131 85 129 229 52 165 271 80 291 9 105 263 229 31 165 141 203 230 165 
272 43 48 53 108 105 91 298 295 3 23 118 10 117 127 31 292 58 161 120 249 51 183 102 278 212 20 259 27 92 219 97 233 216 194 169 125 273 45 110 28 134 114 128 157 275 93 107 56 168 243 25 132 264 236 83 252 118 35 187 145 277 189 143 79 90 130 272 52 222 222 18 181 88 128 227 195 125 15 14 289 79 215 257 233 83 199 208 96 138 194 224 18 70 262 160 225 280 239 203 
133 281 126 238 264 125 210 171 10 271 207 147 88 87 72 88 168 248 180 81 220 2 69 274 192 2 69 87 85 67 62 261 24 102 32 63 218 41 96 13 1 273 182 182 215 295 71 246 70 251 92 87 135 172 92 74 90 27 212 72 206 107 231 6 101 284 292 0 287 203 245 236 184 174 231 207 267 141 19 160 121 271 59 286 13 252 81 214 252 115 268 8 132 88 137 194 153 153 231 165 
12 12 206 13 124 39 252 123 105 299 121 181 286 142 173 84 30 12 51 56 167 123 256 265 175 38 292 146 86 115 81 119 231 245 154 51 199 20 181 105 123 14 268 125 78 246 204 299 122 295 136 48 205 63 1 62 243 148 270 37 122 299 81 37 18 39 118 278 174 289 167 209 179 166 41 201 259 224 195 194 297 8 296 237 287 267 234 292 112 255 228 243 27 21 180 3 275 77 289 290 
193 2 94 168 199 38 84 148 39 200 164 142 23 200 249 163 17 118 196 193 190 60 221 33 291 281 61 214 140 206 276 8 249 134 221 193 173 20 224 98 80 85 235 93 204 255 200 262 280 86 266 284 85 200 258 102 280 134 289 9 48 177 219 15 152 86 285 76 92 198 17 180 24 45 174 113 140 293 116 299 74 261 1 93 133 118 206 10 112 22 99 108 167 247 41 155 27 206 125 281 
7 101 277 81 162 262 50 242 268 269 218 197 117 88 261 161 75 125 187 9 118 239 32 8 96 72 62 269 147 98 190 225 276 293 69 85 34 41 246 234 86 45 121 244 139 95 181 171 145 136 217 116 14 230 172 51 69 248 223 288 3 218 104 296 250 138 292 104 295 206 247 220 191 215 159 221 90 65 38 287 13 68 69 71 196 99 10 192 117 7 56 276 66 210 194 228 281 239 192 279 
19 101 248 109 216 12 260 271 297 36 115 118 181 109 171 44 144 229 110 260 236 80 116 158 290 201 32 239 221 70 177 146 293 221 51 186 124 140 177 98 7 62 37 215 83 283 242 69 154 30 78 201 290 272 184 17 78 108 263 16 186 205 180 231 117 252 96 220 74 102 250 2 214 152 267 110 149 217 195 173 234 292 123 166 108 291 232 233 250 99 39 299 25 89 25 160 180 60 0 187 
232 208 246 76 161 170 146 212 81 141 161 176 280 164 236 23 80 281 151 214 206 198 251 101 284 38 123 220 280 38 55 173 221 136 154 244 72 95 86 140 74 21 1 31 64 110 43 149 235 154 229 265 162 12 0 249 44 203 110 191 134 94 56 80 200 167 289 220 291 65 138 226 124 262 163 81 146 218 108 267 197 93 7 113 250 3 57 280 285 206 184 82 206 223 108 219 295 21 288 250 
206 166 199 83 95 136 154 299 267 91 76 10 59 51 253 55 286 185 139 208 152 5 226 196 181 7 90 279 129 250 47 41 89 207 36 294 211 250 2 119 245 22 63 156 107 184 222 273 166 227 134 163 19 25 247 97 217 216 287 127 26 13 117 61 196 248 122 163 168 54 65 203 22 24 288 195 267 252 263 254 70 49 237 17 132 34 213 14 64 171 227 43 138 203 274 39 32 205 76 198 
90 262 84 143 80 194 52 163 289 83 247 171 258 258 148 284 30 263 80 266 80 180 209 283 253 184 119 66 79 109 19 256 201 91 230 289 193 151 190 138 163 9 171 198 143 216 149 94 88 250 297 105 11 270 241 84 192 124 44 95 274 218 214 72 293 65 28 23 75 266 47 110 140 265 87 134 115 269 185 186 212 169 100 172 47 191 272 225 105 259 264 4 102 2 34 122 218 108 129 221 
28 262 242 218 204 24 238 171 116 118 119 145 173 61 252 242 298 9 190 263 109 129 16 203 93 222 291 299 201 47 7 49 35 184 68 7 139 26 25 102 204 15 213 34 75 142 6 47 187 113 258 68 189 9 64 264 97 158 168 170 60 284 258 173 92 96 257 236 292 83 7 42 85 68 207 125 122 260 5 284 186 175 81 90 291 80 27 81 13 9 194 248 180 181 239 120 15 150 184 141 
281 74 64 171 113 200 82 107 182 167 282 8 151 255 35 153 97 58 249 216 216 297 100 23 282 247 30 111 0 14 230 38 285 153 38 162 194 28 58 38 223 186 297 71 18 268 38 259 53 95 299 24 140 224 295 1 281 253 298 61 23 111 182 220 217 238 191 117 147 281 294 133 177 110 29 53 7 247 117 294 273 179 237 86 292 119 226 293 192 177 240 46 180 286 205 190 19 154 243 99 
8 12 194 73 144 99 86 227 186 245 2 50 231 201 42 213 100 58 182 292 65 33 172 138 47 267 266 1 172 93 39 133 193 128 100 160 120 53 29 232 7 100 170 97 241 26 23 77 40 109 227 237 47 139 68 38 248 238 178 76 84 287 215 205 270 120 261 1 37 7 114 129 202 204 232 153 142 282 243 178 136 87 296 140 17 45 195 41 259 267 156 23 96 135 262 62 255 31 68 284 
24 231 284 244 220 207 177 113 78 273 291 113 260 33 34 30 53 107 243 235 169 277 194 190 250 238 164 281 244 294 19 242 7 267 240 31 159 103 232 150 253 203 111 169 36 103 292 278 234 55 193 105 184 10 221 110 51 172 263 164 85 161 50 118 248 260 9 206 64 113 102 179 275 111 138 99 68 77 227 32 236 215 12 30 89 260 179 218 72 277 120 78 74 268 174 268 205 190 140 211 
32 109 262 132 248 243 100 114 44 151 106 120 299 221 132 18 225 44 248 134 84 33 26 216 56 207 179 125 272 173 173 184 142 283 297 13 76 145 246 190 33 9 70 283 68 207 171 170 275 293 15 55 122 187 91 132 157 53 256 200 136 64 71 25 117 111 31 143 295 102 184 27 17 254 130 4 145 78 3 49 206 201 141 287 24 261 19 177 286 39 74 217 88 20 291 160 103 124 127 285 
