241 75 197 94 45 266 70 59 84 273 25 153 183 274 195 60 228 263 85 294 3 225 273 251 207 38 26 176 149 264 121 213 70 39 22 208 129 73 215 262 283 283 231 280 78 6 118 63 95 172 276 179 160 177 119 206 166 137 129 15 187 298 158 221 254 278 85 186 145 203 257 0 35 158 267 30 75 145 95 270 58 111 67 226 225 4 270 120 209 290 264 226 214 187 1 154 97 28 265 18 
249 49 79 244 252 226 17 156 15 129 290 10 219 285 97 269 46 91 130 100 161 39 190 189 179 245 187 63 107 132 164 124 145 223 174 210 174 78 116 69 48 223 45 222 88 106 299 75 83 10 146 270 151 265 221 82 43 45 292 44 88 99 42 115 121 253 141 126 13 83 193 77 80 207 205 158 267 186 60 137 16 116 202 63 202 19 33 207 184 147 131 169 176 145 217 131 246 258 121 33 
109 77 67 49 297 249 157 247 126 4 93 77 274 23 259 290 137 155 123 68 28 95 196 159 75 118 294 8 38 175 126 246 235 264 147 80 165 237 231 264 168 213 34 110 95 125 285 7 114 63 211 187 86 52 20 9 53 206 8 111 230 261 11 62 29 152 132 30 3 78 59 193 193 238 10 148 273 7 187 183 20 36 276 90 213 203 275 127 111 133 276 131 107 26 36 19 296 52 147 152 
143 1 154 266 168 32 137 264 82 173 182 29 143 270 123 60 87 220 140 134 47 222 17 220 231 298 239 171 141 114 208 25 164 186 163 92 259 126 124 293 12 43 290 137 203 265 75 10 227 259 236 61 62 238 97 295 20 263 129 246 130 20 250 261 0 233 112 290 265 51 239 27 1 296 142 175 184 24 185 11 5 196 223 217 185 81 144 199 33 255 89 286 101 27 6 296 262 61 30 93 
182 6 1 127 3 93 142 224 238 85 260 131 209 62 68 120 146 19 143 100 118 32 108 177 152 255 27 163 278 280 123 276 38 96 91 7 21 19 267 175 181 190 165 202 275 75 115 72 107 224 270 66 134 200 121 51 185 167 158 121 260 248 139 159 98 261 181 186 207 240 37 33 229 220 256 81 155 169 213 48 231 171 156 258 91 255 298 246 294 61 298 127 133 110 94 210 152 113 298 233 
29 112 43 8 262 287 180 219 17 69 286 205 142 73 226 231 184 15 151 220 281 135 8 296 239 166 51 274 161 96 226 154 3 77 218 98 261 78 106 233 110 215 129 74 299 210 59 2 117 79 169 4 73 58 267 140 103 204 42 238 117 93 242 112 261 197 270 139 4 47 229 62 132 70 215 267 228 234 260 182 82 2 44 207 298 206 52 299 297 59 244 102 45 126 146 268 19 53 146 146 
136 84 134 78 164 252 55 241 220 233 125 111 51 193 143 184 184 218 291 74 110 92 173 279 299 49 161 272 141 213 266 179 202 286 264 145 271 59 70 162 95 130 205 257 213 180 243 235 259 76 71 192 148 16 48 92 69 155 268 211 3 65 227 110 76 81 16 124 295 216 183 177 209 55 276 49 70 43 127 36 279 194 105 13 229 161 70 41 209 39 106 190 70 149 165 223 268 204 150 34 
202 63 231 75 282 202 239 178 107 181 216 112 236 225 260 54 55 211 174 207 273 35 204 151 216 192 223 179 117 125 145 27 198 295 222 226 203 72 254 296 29 183 242 62 154 257 297 62 80 172 5 181 280 9 82 125 234 108 186 254 194 18 205 279 177 294 35 209 218 36 32 52 150 258 108 199 22 50 31 13 3 202 182 131 146 34 147 140 269 31 77 194 41 60 60 131 82 126 227 16 
48 168 146 85 172 196 26 45 226 195 71 276 271 210 298 106 254 18 4 153 175 213 229 65 61 263 295 215 101 112 93 216 209 142 228 267 241 177 81 2 55 193 249 13 118 28 253 128 190 5 8 47 26 96 81 206 22 243 221 25 106 60 206 124 50 72 129 195 123 35 269 186 194 213 84 255 123 40 186 172 265 243 243 234 109 271 146 238 228 119 72 255 20 30 41 164 149 108 125 196 
28 56 253 183 293 188 25 19 250 282 245 115 195 215 47 223 163 217 112 56 279 149 4 52 81 101 283 177 56 266 221 90 222 114 142 199 38 29 71 123 243 209 288 19 192 210 118 212 242 267 206 36 107 55 134 33 140 75 260 142 182 72 41 62 12 31 52 250 44 79 87 42 130 34 40 287 201 284 176 236 13 241 229 162 112 202 266 168 102 2 167 287 2 16 0 19 162 155 202 190 
58 149 88 149 87 85 208 3 264 165 298 48 28 143 192 203 59 54 299 264 113 91 248 217 62 60 271 69 44 284 56 125 162 92 283 142 139 246 166 28 158 249 220 70 19 64 76 298 110 178 217 282 142 133 49 15 105 202 153 276 50 137 219 38 3 60 171 251 60 217 266 133 127 167 101 49 2 118 4 3 94 148 266 116 5 174 155 109 3 143 231 5 120 217 267 122 25 177 209 32 
7 221 65 203 176 125 157 194 209 67 177 51 240 270 48 117 131 180 33 71 232 86 121 211 178 285 151 80 104 267 77 236 53 136 231 164 79 161 198 175 120 132 231 17 274 89 287 169 2 169 149 186 196 209 54 47 160 149 296 96 52 261 178 275 116 20 35 58 274 84 17 126 263 281 177 25 190 117 168 249 112 147 147 249 67 86 58 256 287 141 1 30 177 257 141 89 102 90 258 37 
231 205 205 39 19 105 103 108 78 73 294 260 239 170 76 169 281 166 218 146 229 244 239 223 219 157 17 214 129 213 187 227 124 142 40 269 278 50 134 109 296 279 234 34 177 152 264 61 10 133 74 153 135 231 26 158 86 165 51 147 99 47 183 174 184 177 126 64 117 278 6 52 99 289 240 68 68 255 38 125 54 39 257 110 42 291 213 264 182 159 243 280 195 194 81 25 47 35 156 4 
97 6 226 74 42 96 223 281 70 133 207 101 114 139 256 172 64 166 296 179 248 150 279 31 216 120 258 149 212 272 14 162 188 38 43 150 115 32 288 193 158 220 182 142 288 63 119 259 167 220 244 257 150 217 246 250 44 3 130 85 81 216 7 237 184 230 145 40 201 129 226 180 20 209 284 279 177 105 113 56 297 171 101 62 294 45 214 144 142 43 88 153 217 299 36 225 52 157 163 12 
120 255 90 219 160 207 240 288 110 30 234 101 20 285 150 33 146 122 244 254 290 162 97 117 16 188 56 50 15 84 201 147 256 249 220 241 234 16 19 290 186 10 99 237 111 88 248 189 40 172 191 175 116 230 60 290 242 152 80 29 11 92 168 36 193 156 247 11 142 14 196 216 196 80 184 25 34 186 27 297 174 122 132 235 132 45 190 291 56 199 11 146 123 115 252 216 80 252 227 120 
272 274 21 110 238 18 188 63 97 75 258 162 250 270 266 90 262 117 174 221 52 241 178 203 119 177 76 134 95 185 273 120 124 84 83 129 71 102 168 70 292 173 153 74 95 214 86 157 183 11 173 155 55 190 201 274 51 120 9 250 287 242 225 91 246 20 180 36 154 245 3 131 227 179 201 64 141 291 176 179 85 114 54 49 125 161 287 222 215 238 223 168 136 277 6 110 39 78 116 211 
177 235 66 257 26 248 94 209 48 141 207 197 241 100 159 271 219 107 237 72 127 112 132 137 219 180 237 112 249 273 2 110 199 256 184 88 261 189 267 96 243 207 275 245 240 191 69 266 159 21 206 278 51 78 91 52 78 280 26 97 274 274 259 66 108 135 78 92 220 62 197 25 221 35 69 85 20 168 6 257 35 124 11 122 100 56 62 17 191 141 239 158 92 137 47 126 192 97 56 66 
7 15 63 41 7 39 69 141 67 295 170 144 101 247 55 216 232 54 250 17 233 63 235 150 297 102 265 247 171 243 17 265 175 215 258 298 290 172 6 231 151 24 196 76 143 257 267 63 160 31 294 11 75 249 24 21 99 197 21 263 166 235 122 177 290 183 10 166 30 290 77 37 222 258 97 107 180 253 3 295 45 37 183 139 59 72 15 16 292 237 97 57 27 145 82 147 137 60 258 189 
279 17 30 66 115 191 289 244 196 240 202 108 125 2 104 121 256 212 167 74 15 224 214 82 171 115 6 186 17 72 246 190 294 148 172 155 277 97 267 96 42 262 100 291 26 246 158 118 238 245 101 295 27 244 271 212 51 119 221 262 76 263 127 37 193 281 267 135 242 109 163 125 0 295 190 195 186 279 16 237 5 155 92 108 134 37 169 226 77 270 116 40 80 3 61 10 197 118 272 298 
57 243 118 166 285 286 52 232 63 24 259 99 161 62 241 135 123 265 287 84 66 284 267 147 8 42 147 202 191 128 267 265 82 2 280 236 177 89 193 74 92 228 275 131 6 221 7 31 298 107 243 23 99 13 241 171 288 254 126 80 89 218 19 250 265 112 204 26 188 154 142 126 160 256 291 177 140 57 271 205 47 262 61 226 219 181 99 93 63 65 114 192 45 134 157 168 198 279 219 240 
31 6 55 216 237 228 40 57 63 234 73 167 202 251 74 117 105 11 120 24 195 151 30 298 270 122 164 20 57 68 60 30 48 273 75 234 138 216 201 100 71 148 240 20 284 214 158 104 167 132 81 4 27 282 6 67 80 132 17 40 70 195 140 121 16 151 102 2 99 11 155 185 28 135 129 192 123 175 224 136 80 176 277 165 47 205 279 83 118 150 280 223 42 195 75 52 111 239 65 99 
0 259 25 265 131 66 283 44 68 13 261 41 152 211 297 36 31 95 125 236 134 164 276 193 263 226 224 75 106 74 180 201 141 190 244 170 238 182 103 63 152 230 196 57 123 141 152 40 67 273 27 0 235 204 53 199 206 26 83 51 7 228 186 213 234 189 147 282 147 95 80 229 253 8 102 238 133 142 211 162 160 287 14 90 233 297 180 88 92 160 30 19 20 277 16 34 276 60 184 153 
80 85 67 219 100 120 19 175 286 21 134 80 296 33 81 135 68 74 121 100 123 108 106 131 283 1 190 189 109 294 4 249 63 36 136 140 6 158 130 213 186 227 4 4 12 94 205 173 217 272 227 172 53 106 270 216 98 80 218 132 230 69 169 184 54 35 250 288 130 266 95 234 69 144 30 234 193 175 30 154 218 263 239 99 149 42 279 117 268 101 175 150 248 215 279 145 143 171 197 260 
179 7 211 236 203 192 175 69 205 233 11 274 176 154 61 205 294 55 40 50 61 117 51 84 285 181 241 37 149 273 190 275 215 234 86 27 57 94 296 265 98 78 244 8 63 191 280 279 222 74 91 248 277 288 31 8 151 171 272 135 128 235 265 221 9 183 263 193 261 176 72 142 270 238 30 172 116 288 244 268 248 279 284 17 247 174 122 288 168 109 160 199 100 157 282 107 217 214 163 32 
117 268 72 284 3 131 13 262 137 130 94 212 100 38 276 48 237 206 157 255 142 102 136 130 49 209 291 140 211 67 181 288 251 135 292 32 291 159 176 23 196 137 258 119 226 170 99 34 78 286 159 130 160 115 168 142 59 229 267 88 111 73 286 111 165 113 115 126 248 80 76 170 23 101 155 186 254 17 256 289 31 216 141 67 158 297 137 293 14 194 140 15 21 218 18 171 17 141 249 196 
101 200 245 3 120 114 230 140 28 69 128 132 58 5 6 145 287 282 259 287 130 148 34 146 193 68 28 76 69 229 164 36 294 83 22 163 118 7 150 170 208 75 167 263 20 29 83 5 17 26 61 171 287 107 131 264 59 180 105 280 216 219 145 169 151 243 51 104 280 213 240 158 34 199 299 159 109 267 292 18 163 271 76 105 166 223 296 54 3 298 180 17 181 228 75 12 180 283 221 93 
4 168 184 151 299 161 95 143 86 237 172 280 257 179 244 293 77 115 196 286 26 49 58 266 158 140 92 244 137 290 292 203 285 180 185 186 209 0 193 148 137 257 191 283 115 163 211 152 133 208 176 134 206 51 82 48 2 42 256 69 130 5 31 92 215 25 243 233 185 242 110 52 155 184 207 116 2 27 168 273 179 66 151 130 240 38 141 266 269 228 220 255 279 224 47 59 22 146 144 119 
32 297 269 245 229 10 34 26 192 223 241 64 89 17 251 132 41 163 226 96 47 88 128 135 89 59 55 13 130 128 65 36 204 198 66 163 178 231 76 190 250 159 35 206 5 61 64 162 103 38 38 230 24 187 247 196 42 113 80 244 299 155 245 269 203 296 39 184 289 278 262 14 53 162 225 30 234 237 175 236 36 222 253 205 253 93 234 158 143 71 18 55 118 83 73 197 180 229 266 66 
216 21 179 296 127 214 296 72 216 151 120 64 167 29 150 64 284 110 236 270 177 142 72 55 241 204 36 96 134 155 99 112 242 198 236 232 45 13 39 121 254 113 294 120 235 29 286 236 234 242 226 39 238 184 222 2 157 46 4 102 51 51 31 3 83 282 37 144 32 111 87 35 222 68 18 203 266 107 256 19 156 0 135 33 80 77 253 63 219 104 177 280 226 49 194 62 154 153 169 82 
63 86 43 225 187 67 99 110 199 71 265 299 160 97 48 121 297 23 25 286 181 83 144 89 39 97 263 261 73 290 117 294 289 93 24 240 85 28 106 96 54 281 224 232 132 249 9 126 271 172 237 96 92 219 217 118 122 67 18 180 19 179 20 150 152 279 114 46 116 109 30 113 203 284 150 256 82 240 21 236 129 166 98 228 5 52 299 146 219 14 149 248 137 106 7 220 235 145 76 250 
116 199 221 41 198 114 203 53 56 262 240 268 215 127 256 262 167 293 51 85 290 83 149 268 205 196 165 235 42 207 11 72 213 130 16 221 107 257 114 151 264 70 252 33 257 35 98 191 161 156 156 7 211 2 125 89 268 41 107 252 289 73 94 45 76 198 245 88 282 118 291 220 52 293 226 267 294 124 220 185 233 91 291 213 142 255 51 38 102 104 33 90 243 66 210 144 31 139 128 207 
24 88 48 278 227 99 229 106 189 45 27 95 98 183 188 262 24 10 279 255 48 87 170 97 155 0 46 22 275 56 44 236 211 185 38 152 265 252 215 211 111 233 295 178 132 256 234 79 11 22 134 256 80 124 135 249 254 169 103 13 205 26 294 230 276 35 260 15 138 260 128 105 217 149 143 72 47 201 245 46 176 169 80 270 71 188 199 83 253 262 16 159 243 125 169 234 100 228 212 218 
218 94 105 73 279 37 228 96 187 252 259 177 276 277 192 104 294 155 63 98 284 247 234 52 287 101 54 62 77 34 138 189 145 0 38 93 149 229 217 275 124 135 201 180 77 263 283 74 220 105 246 287 55 15 273 254 291 138 89 217 153 109 291 68 55 192 10 7 31 272 183 116 170 123 194 221 1 159 172 213 184 185 29 104 63 12 296 147 81 255 169 231 186 67 127 176 184 151 297 251 
210 239 206 235 261 120 111 166 15 288 56 91 256 149 180 67 282 100 68 287 112 78 151 164 186 139 77 276 268 200 129 287 52 87 141 228 106 234 187 38 2 191 234 131 3 183 294 20 238 96 164 72 40 197 178 141 212 208 213 40 240 161 164 109 275 226 180 104 207 244 12 226 228 97 19 194 293 12 119 101 269 136 201 284 84 45 122 78 104 179 85 57 266 260 178 237 241 284 196 78 
269 164 66 9 176 184 191 258 157 232 32 12 101 144 267 246 198 118 9 253 150 276 243 290 112 126 276 149 200 279 97 14 261 44 191 163 174 52 9 274 93 6 233 49 204 63 225 295 269 187 121 140 90 74 47 283 240 259 85 291 247 13 98 121 249 73 212 193 70 223 38 75 1 136 10 66 68 254 179 209 245 25 34 106 275 139 202 21 84 163 259 135 162 144 192 118 103 206 219 197 
92 171 181 204 207 124 41 285 92 102 106 115 11 141 213 216 212 85 247 171 102 174 235 143 104 78 11 69 253 141 220 138 16 254 119 281 172 211 165 185 32 73 126 14 81 45 114 92 150 217 167 177 24 135 83 245 151 143 258 15 265 104 251 133 202 218 3 38 192 9 244 239 120 191 230 256 104 53 216 257 190 191 50 60 209 124 91 296 294 225 213 11 238 65 102 136 94 64 62 288 
159 29 62 218 40 230 119 100 60 251 224 120 48 215 195 19 217 23 206 13 141 91 229 89 32 58 224 190 280 275 95 86 298 89 128 286 156 252 32 50 194 25 197 127 24 53 39 66 103 17 201 6 184 60 202 25 43 23 123 35 201 61 279 32 167 207 10 167 52 206 150 55 16 169 88 145 199 184 293 190 161 193 136 150 259 241 199 240 167 270 128 172 179 176 62 171 287 240 231 18 
224 292 129 174 40 109 272 242 267 181 246 25 278 109 98 146 91 230 93 201 60 177 226 196 20 169 167 126 283 180 104 18 116 198 96 115 72 241 282 143 278 196 54 86 210 191 27 256 246 107 35 253 118 162 229 231 274 236 223 97 42 291 169 180 124 164 188 27 254 267 73 3 154 5 220 26 210 104 29 271 145 271 282 251 129 175 75 30 47 129 1 1 247 168 121 238 193 285 248 237 
60 158 230 138 145 236 16 283 164 16 221 143 25 79 130 95 185 5 54 240 253 219 114 125 88 117 12 62 113 175 129 53 64 253 221 193 238 268 59 68 89 163 58 53 200 136 150 97 206 11 50 33 62 164 146 173 148 72 87 280 262 132 18 192 37 61 209 39 76 239 5 41 237 16 273 244 4 68 186 14 49 187 236 50 57 142 55 58 75 78 46 178 194 245 84 49 83 98 47 76 
285 167 281 239 293 221 133 16 19 55 159 149 200 31 280 286 166 150 44 6 121 110 80 10 119 117 230 100 270 144 10 100 68 161 260 141 67 288 156 70 175 231 161 46 77 244 233 133 205 204 251 88 66 186 206 120 188 246 273 61 2 18 267 136 181 212 86 7 45 2 154 65 286 282 291 166 66 230 243 179 70 175 225 17 90 20 127 14 208 206 297 265 79 46 142 67 28 102 74 142 
237 47 160 53 114 14 126 276 249 197 80 41 173 53 121 87 105 202 244 30 97 166 229 187 133 250 50 74 61 297 152 293 157 246 234 287 2 285 178 24 244 189 137 162 106 280 200 169 191 186 140 227 26 178 74 112 32 259 163 196 116 250 53 88 248 125 259 141 210 107 270 235 265 85 133 247 181 121 101 179 24 0 96 34 111 246 239 270 72 272 178 169 177 101 49 264 153 10 40 190 
14 246 30 248 159 202 42 295 122 224 265 78 48 274 12 102 152 229 241 107 118 259 215 25 145 242 255 140 82 134 8 99 106 121 63 75 174 160 128 2 237 192 212 5 4 243 115 111 97 173 135 11 296 254 285 257 66 253 292 8 110 265 284 162 58 235 13 112 17 15 84 56 15 47 97 77 98 274 254 37 246 208 54 277 3 103 157 16 137 265 87 108 209 75 48 38 26 213 63 296 
138 95 122 10 262 263 288 288 272 40 168 85 11 51 69 85 100 180 255 86 143 295 245 125 219 203 267 175 14 67 174 210 76 59 45 175 0 137 58 12 196 85 158 86 56 242 193 23 277 234 130 8 274 119 273 154 244 226 1 90 79 61 109 15 44 208 150 191 263 117 187 1 176 53 143 33 158 4 10 123 28 148 154 189 244 25 124 36 256 60 167 154 219 178 9 118 244 10 120 63 
41 71 194 149 14 159 4 116 143 247 215 66 8 176 292 93 279 293 290 90 123 221 141 204 187 123 22 167 53 105 200 50 296 255 208 166 12 156 208 49 288 69 109 40 140 8 100 149 21 118 98 244 114 229 118 234 252 221 167 58 175 1 89 148 150 72 133 103 173 233 216 112 186 119 131 179 14 237 21 112 197 121 125 74 63 108 23 74 160 78 172 100 214 173 144 173 234 187 208 125 
29 180 48 143 175 1 266 297 149 227 92 198 211 138 14 33 235 249 68 108 81 58 142 44 11 7 81 142 196 180 285 207 112 157 243 76 281 239 234 249 265 10 172 88 186 25 86 152 231 49 56 182 57 247 285 150 296 85 271 231 132 251 253 1 154 298 266 275 7 40 266 140 182 189 246 152 96 162 136 139 145 240 147 210 22 79 284 163 75 160 242 242 122 20 280 239 151 201 208 226 
272 202 166 49 216 170 189 297 60 9 133 251 243 26 94 127 151 144 64 34 278 24 16 277 162 26 133 266 267 40 14 219 250 107 143 100 183 227 98 80 114 217 217 51 219 111 5 234 208 216 157 127 207 204 102 159 28 298 229 1 30 285 256 197 24 156 153 297 299 173 97 95 211 123 139 115 35 38 179 90 201 91 66 251 93 30 35 280 80 12 51 213 132 180 61 237 194 72 51 89 
281 256 297 261 149 283 220 68 118 184 73 83 189 119 271 161 132 136 273 21 294 204 60 8 69 75 181 42 280 297 138 167 271 95 171 290 13 5 227 40 192 65 166 298 15 135 293 53 155 191 132 229 126 226 192 245 230 16 293 240 210 293 121 203 118 144 10 95 267 252 129 278 149 165 163 213 32 158 260 139 56 135 117 209 285 281 186 157 173 25 61 91 168 173 181 146 167 61 135 143 
228 142 105 235 144 272 28 234 49 65 171 172 30 43 228 159 57 63 226 22 256 188 144 284 118 273 274 123 192 175 21 66 190 173 208 81 203 77 244 297 186 216 103 287 237 129 16 113 216 18 2 63 265 102 223 234 37 213 159 6 71 214 33 25 67 34 197 95 14 174 55 129 179 159 71 161 201 207 194 127 44 275 107 248 90 58 169 49 155 69 109 244 78 13 263 107 285 237 141 166 
127 293 194 190 116 293 264 249 146 230 97 183 215 121 84 57 249 158 143 270 213 32 131 100 155 10 190 28 290 5 212 196 131 235 221 296 98 207 114 219 165 54 250 99 143 94 107 215 96 36 101 260 208 152 77 246 273 11 18 33 204 56 193 67 42 236 147 164 207 42 124 15 244 271 72 247 198 216 128 290 214 297 218 184 10 59 273 35 203 125 145 61 205 88 273 235 180 203 81 201 
145 188 206 62 172 272 36 297 295 0 176 96 87 249 194 228 213 210 149 294 51 200 188 144 248 258 115 271 94 45 51 75 58 61 145 295 2 226 206 15 198 110 14 191 131 4 155 278 55 140 277 163 20 152 126 79 41 6 88 255 98 175 275 255 80 27 169 258 252 166 5 292 187 262 152 246 126 274 182 77 126 47 38 230 210 32 124 189 136 224 103 79 174 143 200 264 286 4 9 180 
44 94 277 217 225 260 135 210 20 146 50 102 29 241 88 24 57 30 41 126 73 159 13 48 100 33 60 290 175 166 142 292 56 286 28 237 59 159 122 142 25 5 252 20 183 87 150 220 93 72 59 234 4 145 142 45 290 203 148 149 189 239 180 78 142 120 116 264 14 104 70 78 221 275 279 27 258 73 296 39 51 19 214 158 229 68 57 94 55 175 211 254 123 231 246 131 49 74 25 2 
267 259 154 70 216 152 41 248 205 135 268 244 61 71 108 29 268 1 30 3 102 115 122 140 85 280 36 118 156 233 32 52 10 4 116 11 154 196 38 270 124 200 248 211 288 59 22 16 185 35 110 21 177 49 80 144 167 201 155 23 277 149 236 41 83 143 104 272 212 174 132 5 263 246 292 96 192 293 39 241 165 52 217 207 219 250 206 25 173 197 111 39 159 178 58 125 111 163 247 205 
160 292 236 97 186 103 233 196 138 111 156 158 170 182 47 38 36 253 143 207 95 97 223 4 142 48 214 157 232 10 109 39 8 152 92 151 109 224 74 290 248 258 36 251 245 211 202 261 68 100 96 74 170 9 16 201 106 86 139 80 231 42 161 45 258 231 0 162 193 113 128 66 52 114 225 126 91 77 125 140 283 33 25 139 84 265 289 91 291 226 130 270 217 108 120 75 152 8 180 94 
48 125 115 157 173 231 99 57 47 204 134 115 189 269 177 145 274 248 215 112 205 2 170 228 37 212 269 26 188 233 143 100 171 174 294 174 134 28 87 244 108 206 286 71 118 56 161 25 125 195 241 183 56 219 272 185 94 105 41 273 272 56 125 163 35 54 34 141 161 262 45 145 52 246 44 139 175 114 76 209 135 199 89 132 181 220 299 165 274 296 267 200 203 266 255 128 266 250 74 58 
5 93 116 186 102 207 284 60 126 234 11 23 257 234 220 132 86 183 144 121 172 114 192 204 17 55 117 133 6 66 31 106 90 17 173 214 97 62 284 52 236 142 177 122 88 296 168 2 172 254 287 68 172 105 132 95 110 183 250 180 41 258 293 140 0 202 239 210 27 199 129 149 106 268 147 219 175 103 45 138 12 186 267 182 137 101 110 60 282 182 255 264 13 33 191 265 87 148 135 245 
299 98 150 291 198 9 13 157 13 57 134 81 204 167 281 267 81 160 158 228 229 19 87 10 9 257 61 260 203 62 65 223 65 118 13 200 42 69 58 240 284 148 224 218 250 153 280 288 163 84 182 245 47 31 127 101 197 244 248 249 164 153 164 72 29 80 294 274 68 87 295 169 247 218 15 245 117 3 109 40 64 203 160 98 232 158 210 17 196 163 272 168 186 165 284 17 7 84 242 25 
170 5 219 103 278 227 45 39 132 151 103 244 74 127 244 119 276 12 201 67 8 269 288 134 149 182 74 277 236 154 13 71 107 33 23 130 137 293 293 119 165 127 219 183 102 89 63 85 139 105 48 253 284 172 133 6 33 287 206 33 198 34 206 82 107 220 118 102 196 183 113 285 75 268 72 269 40 176 16 87 182 252 162 142 120 166 278 221 219 170 3 27 290 184 258 233 158 218 45 264 
115 52 98 246 258 282 71 106 160 62 212 290 291 243 44 55 232 64 72 193 217 185 154 61 128 87 48 117 252 183 163 187 98 9 83 256 174 177 12 99 51 269 235 272 60 96 81 150 285 270 3 52 37 197 66 271 9 244 161 65 277 134 125 108 33 46 77 250 51 232 114 7 251 210 72 191 175 240 90 6 89 104 266 202 221 2 172 12 143 179 57 57 289 105 143 122 256 147 95 37 
81 196 258 22 114 217 88 14 158 202 242 167 273 106 97 25 11 200 264 108 128 132 103 117 76 154 280 253 256 43 94 7 120 89 243 129 106 274 218 122 295 16 98 274 182 71 106 219 82 162 285 207 171 131 7 14 154 218 97 85 131 155 269 127 192 231 130 75 217 220 243 38 240 216 213 290 206 145 278 187 105 93 112 253 299 223 18 227 211 164 273 235 35 160 62 109 286 82 102 68 
242 245 114 298 208 207 96 243 122 94 136 250 86 6 168 187 186 178 24 149 63 270 249 210 130 80 214 78 24 69 168 245 233 295 256 283 51 129 115 158 87 7 214 35 196 210 209 109 223 14 288 46 295 74 52 46 34 163 211 133 291 158 24 136 253 231 37 84 117 230 161 218 240 155 116 182 203 92 213 45 50 140 47 136 185 125 271 76 109 243 49 22 108 215 293 36 284 205 196 205 
22 22 183 167 36 232 123 80 111 3 278 21 287 15 45 11 151 139 50 190 105 238 223 2 25 245 20 162 221 20 282 294 178 188 20 114 213 84 155 87 52 130 260 288 38 21 201 41 203 200 88 279 13 90 146 44 260 88 8 132 244 102 82 112 265 185 169 26 58 208 139 117 162 102 112 59 191 256 239 140 155 64 145 224 13 221 29 260 295 87 218 157 245 89 61 294 295 233 50 167 
139 192 11 154 37 11 238 40 78 173 260 71 218 290 39 235 297 243 161 111 112 191 201 174 169 282 186 293 244 196 242 294 272 108 181 197 109 125 33 270 119 280 236 271 199 239 239 51 208 226 74 232 158 117 98 17 38 61 202 299 256 102 45 293 160 279 230 86 175 44 218 110 214 1 282 155 212 212 280 241 236 217 235 239 13 83 76 80 229 162 93 154 72 182 220 215 150 219 149 45 
265 239 272 54 43 116 251 287 128 138 280 264 157 23 289 93 121 78 224 287 298 208 150 42 266 109 83 265 75 58 136 71 104 51 128 221 171 156 206 172 55 60 251 244 57 101 187 97 126 129 222 120 250 240 73 122 180 155 41 281 112 113 195 243 89 292 113 127 12 206 84 92 65 85 30 165 9 163 54 135 140 266 241 261 139 222 267 202 248 128 191 230 93 24 39 181 211 110 108 49 
128 274 292 146 30 20 109 8 165 105 157 67 103 187 210 282 35 234 80 66 12 40 288 36 162 146 288 286 193 221 156 122 161 116 115 239 86 14 271 212 197 278 201 234 55 261 112 253 124 144 231 278 106 175 145 124 12 25 233 237 229 44 18 82 109 244 113 257 237 119 193 81 254 88 33 51 272 160 260 136 76 140 249 111 0 148 66 41 53 55 143 222 174 173 218 222 211 221 281 31 
152 87 70 144 70 89 274 14 258 292 218 91 238 197 38 53 229 284 42 299 111 257 293 10 147 298 67 65 226 232 92 133 129 241 59 92 63 26 188 132 286 68 176 136 110 108 137 266 257 7 257 71 224 31 164 79 138 248 134 127 228 249 61 184 269 75 139 281 263 262 274 20 290 237 85 85 7 189 30 292 220 77 189 24 50 201 212 288 166 258 278 252 272 128 5 283 105 183 115 124 
252 79 277 211 7 183 247 17 27 204 110 150 246 25 267 86 59 110 68 138 283 130 252 117 98 113 87 138 99 166 79 64 125 247 180 175 106 26 27 201 181 277 273 109 167 121 82 182 109 120 0 243 273 70 28 21 58 168 276 170 149 292 150 105 193 156 140 70 86 158 44 68 233 143 190 207 79 99 80 163 299 281 121 194 20 219 273 261 188 140 112 10 250 268 68 248 154 248 20 123 
146 139 75 14 191 267 142 135 178 200 97 109 17 162 183 295 204 157 75 228 208 102 178 2 61 268 202 52 15 184 129 211 220 32 19 91 183 125 280 58 188 36 230 29 95 250 177 227 10 132 147 74 218 242 30 3 12 202 8 205 68 11 279 21 135 270 105 252 118 17 233 54 137 119 262 89 53 155 104 217 180 296 261 179 3 236 202 76 194 255 198 259 221 3 153 185 91 57 181 8 
186 31 101 78 18 32 239 292 119 171 203 102 195 268 108 88 257 79 195 69 199 11 10 159 66 42 16 112 279 165 150 163 292 2 59 62 153 260 122 59 177 247 55 196 168 241 77 36 65 89 56 134 115 21 175 76 39 73 167 125 297 206 12 154 161 60 155 255 0 195 274 12 191 51 284 261 173 11 108 187 256 164 271 44 198 47 43 247 165 156 247 88 236 255 288 176 195 79 147 144 
245 129 4 234 205 103 49 237 88 138 100 102 140 129 164 106 272 147 223 166 110 139 107 181 56 197 54 217 116 160 28 297 246 122 87 1 247 43 86 270 119 294 77 236 283 292 172 181 289 218 218 159 263 121 236 125 214 217 281 166 90 286 241 195 154 42 217 18 30 34 241 226 276 178 52 5 223 12 235 36 1 196 216 110 125 292 297 187 132 236 226 2 39 231 291 261 220 288 282 84 
244 154 295 177 230 200 133 186 222 239 0 83 228 181 67 34 146 190 263 148 99 181 209 165 194 17 37 131 130 33 23 227 231 5 43 237 53 234 279 118 155 139 24 14 187 217 177 39 191 208 210 294 271 111 101 260 102 289 133 85 35 153 176 104 49 72 47 240 148 129 111 269 278 101 202 234 160 75 206 93 177 293 125 31 169 125 34 50 33 211 179 284 215 24 32 198 4 94 47 157 
121 264 204 231 162 97 139 222 96 72 211 64 167 279 33 103 243 92 197 195 198 167 153 196 54 261 140 21 219 133 24 209 3 297 59 233 265 23 278 238 276 156 99 77 140 84 101 68 79 180 70 16 193 193 132 203 264 282 271 282 161 267 198 290 198 46 267 255 290 190 104 287 178 179 175 20 294 250 138 296 27 133 88 95 62 44 138 231 157 73 158 280 88 229 196 179 39 272 45 79 
89 32 76 116 284 197 63 75 4 299 191 135 269 158 212 142 201 233 103 219 113 59 52 279 199 3 186 225 156 235 97 211 31 103 296 185 137 101 110 152 130 144 249 175 88 137 293 297 186 257 63 15 108 200 166 103 78 97 278 130 82 203 186 222 234 108 65 167 213 220 93 290 16 84 8 222 163 220 240 191 42 93 224 180 219 223 168 241 193 166 121 33 213 76 201 8 95 138 101 77 
119 186 239 158 218 5 3 123 76 260 17 120 75 16 109 253 252 266 149 72 260 92 74 90 146 257 17 130 166 143 92 111 1 299 205 115 76 177 247 139 270 13 283 172 142 45 172 118 184 95 162 105 143 169 199 202 39 223 3 271 44 185 197 141 62 299 235 285 46 293 23 41 89 38 214 268 84 191 182 4 188 51 178 243 154 18 268 176 222 119 118 83 139 118 121 152 210 157 164 52 
200 229 56 245 177 65 119 51 187 79 242 182 166 242 130 86 57 43 226 68 153 154 79 75 85 44 108 239 249 119 252 229 90 249 13 11 242 160 90 61 221 61 69 272 192 148 237 294 65 299 161 47 90 51 26 150 288 291 205 175 15 99 285 191 289 172 267 48 160 24 246 3 4 237 246 171 69 216 80 188 168 100 264 188 223 61 222 208 146 269 72 46 113 246 100 6 111 168 297 3 
236 229 164 272 106 194 138 50 164 200 194 51 43 140 204 283 110 107 155 78 265 277 75 83 209 215 32 39 58 259 124 141 108 283 144 292 110 141 44 97 47 286 109 27 251 4 120 33 6 250 39 115 271 130 283 159 72 128 234 213 12 190 212 32 49 265 9 84 279 239 177 177 217 35 238 257 230 128 297 217 63 86 207 167 71 101 179 128 34 211 253 284 7 256 228 98 296 257 7 194 
99 66 117 129 6 71 291 208 238 136 222 91 1 247 222 51 253 114 12 21 160 162 27 265 289 243 81 67 215 241 143 269 265 258 23 41 46 61 168 40 78 135 60 291 172 136 297 2 257 277 249 146 148 111 180 231 220 49 190 213 12 106 81 42 189 69 91 45 33 139 56 278 205 159 147 298 128 126 79 224 203 89 120 92 128 162 233 22 247 168 276 122 17 175 140 147 167 37 295 18 
131 175 104 241 257 218 294 3 285 194 262 45 127 231 269 90 95 53 62 171 230 6 106 294 64 10 97 11 43 192 12 179 168 110 148 241 17 85 254 11 191 82 70 126 213 176 245 184 76 226 130 237 245 260 153 235 152 41 287 123 109 8 297 97 236 252 283 54 221 247 250 68 162 38 217 182 97 109 272 162 133 295 262 8 51 9 161 99 244 34 67 297 42 222 108 146 64 116 225 149 
117 246 51 200 43 52 104 198 27 77 213 157 289 170 37 168 90 59 17 53 202 91 21 47 264 185 281 216 174 120 87 89 273 144 128 79 280 274 94 112 4 239 173 249 204 240 196 198 186 128 14 38 257 152 188 13 216 103 25 143 59 214 201 35 69 123 198 88 18 230 204 230 106 146 263 124 34 224 131 201 9 25 55 145 101 295 296 94 87 34 220 269 76 255 122 74 69 149 149 151 
2 82 145 116 31 231 4 184 35 48 161 114 48 178 81 170 194 130 103 186 47 291 89 152 243 235 199 86 18 142 40 276 38 91 47 64 125 18 288 176 195 70 198 263 107 135 175 225 128 143 18 181 50 238 65 128 286 118 71 15 78 180 143 79 104 160 2 28 82 115 282 57 234 255 239 142 138 63 226 235 195 148 144 296 98 227 15 207 288 167 267 102 126 221 168 189 139 127 91 92 
12 250 294 125 272 171 212 71 78 248 197 99 51 70 6 45 277 261 252 215 268 252 239 10 255 247 264 78 114 262 150 198 41 34 205 166 161 54 196 92 241 132 61 294 285 132 23 171 285 134 195 88 280 211 298 67 171 256 226 296 171 278 110 220 44 273 271 268 18 43 164 151 29 40 262 246 83 164 133 207 40 120 269 104 271 185 76 298 168 269 248 9 45 119 56 257 276 85 223 233 
57 48 280 52 188 219 51 221 234 196 236 55 205 52 142 125 125 286 67 218 16 25 138 20 172 137 31 174 79 111 62 212 63 83 95 289 184 203 189 35 291 97 85 238 228 14 253 286 222 93 52 7 73 118 177 18 256 15 136 90 140 110 67 94 249 29 253 292 296 210 243 10 204 103 128 145 5 273 151 236 210 59 38 6 174 26 217 266 129 11 63 93 95 164 23 252 162 106 23 181 
51 114 186 216 123 122 268 291 180 123 223 33 69 105 219 182 206 82 253 104 91 283 91 295 0 139 22 67 213 1 65 70 163 105 201 69 199 198 98 220 249 238 34 84 275 285 151 131 139 106 153 252 10 160 228 137 87 20 163 135 180 276 194 237 223 164 141 91 111 210 1 236 20 115 83 2 40 28 279 45 156 102 27 43 115 6 103 254 109 15 119 290 74 289 215 189 175 154 138 88 
241 243 22 40 185 170 251 185 41 97 271 45 57 161 56 52 268 156 204 79 264 216 237 18 34 41 259 127 207 97 127 207 236 149 125 159 153 239 153 268 152 126 218 110 226 97 67 67 134 184 174 34 1 135 206 46 206 132 283 41 95 127 285 245 8 284 165 218 78 109 14 203 146 249 104 285 91 40 122 153 174 28 82 9 253 271 21 15 261 166 163 194 227 5 31 69 33 76 190 299 
101 25 202 219 264 139 39 37 168 7 225 89 46 133 119 52 230 41 151 140 271 18 34 131 76 207 22 231 287 84 6 48 75 47 220 55 244 108 48 166 86 170 89 27 112 15 70 206 261 53 239 285 108 165 224 202 160 165 225 223 246 77 70 141 38 23 85 95 92 32 258 200 55 52 102 204 94 21 7 6 127 131 102 222 276 88 150 14 248 94 113 154 86 55 273 144 208 189 80 4 
143 126 179 292 204 167 87 95 186 9 261 23 287 119 232 272 112 136 252 167 161 68 65 107 111 58 53 223 252 133 170 21 164 143 47 193 74 241 81 92 175 65 21 246 148 180 92 130 182 64 29 262 29 41 238 143 261 194 146 101 121 62 55 266 93 40 223 279 223 159 291 196 248 18 30 201 236 267 123 273 255 195 102 154 105 58 224 268 209 107 241 99 149 69 178 3 129 71 291 159 
161 125 266 218 95 296 92 172 226 284 36 183 64 20 218 63 286 114 194 168 121 12 121 96 283 170 255 273 204 232 26 64 6 295 93 82 35 167 1 69 38 87 220 262 39 136 114 274 219 227 57 75 171 126 24 104 87 265 79 263 282 289 93 58 136 12 5 124 120 166 107 266 80 288 34 150 45 211 18 126 67 131 96 59 289 105 211 92 105 206 78 106 127 208 147 230 134 238 38 125 
66 299 150 230 36 183 47 101 47 145 145 59 76 184 236 210 45 205 104 226 169 68 59 45 135 27 269 267 4 55 235 44 125 240 131 94 10 287 235 49 272 110 140 238 173 228 40 224 237 285 79 101 219 276 235 164 202 52 130 113 265 0 117 282 146 170 270 244 22 5 213 270 147 249 234 289 134 156 281 43 131 111 172 270 151 210 157 167 120 127 223 212 251 260 207 122 7 37 214 70 
104 125 137 250 34 107 252 71 19 219 7 53 290 249 37 251 173 170 286 295 218 166 236 65 13 145 274 256 289 156 268 252 272 91 173 259 24 264 5 197 36 119 101 121 178 68 261 155 42 176 190 39 50 284 76 203 283 249 189 288 240 53 191 265 295 130 258 240 9 208 166 81 173 242 160 24 123 176 282 254 164 131 44 231 9 200 76 119 141 222 201 167 137 150 236 45 183 260 3 182 
77 123 30 194 170 97 115 181 117 212 197 217 128 29 196 84 220 139 227 200 220 262 198 88 122 108 110 192 1 147 262 20 20 137 82 172 283 180 179 60 156 226 293 239 107 180 103 53 169 93 210 94 262 57 75 155 73 159 82 131 262 148 127 266 58 173 166 112 180 203 231 5 64 32 14 76 51 85 61 174 278 122 196 45 64 217 268 53 197 234 107 17 260 271 199 276 211 264 181 37 
250 33 228 105 65 115 198 217 198 259 209 228 234 93 182 158 102 100 255 41 133 7 266 166 137 175 186 187 299 210 220 200 291 92 201 27 183 263 3 205 31 176 56 202 220 175 220 0 237 56 185 27 291 48 231 223 288 46 35 178 174 247 62 179 89 286 55 84 106 236 145 84 285 226 290 168 290 73 21 63 175 15 17 195 6 70 29 126 84 46 2 173 21 282 280 84 10 176 2 99 
291 161 265 223 142 18 202 39 159 292 49 140 142 66 216 174 282 17 181 210 287 100 285 45 286 293 137 87 68 173 125 240 188 3 263 153 101 120 224 274 11 47 33 278 277 180 89 139 191 173 130 36 32 180 186 37 155 90 154 150 93 247 285 119 18 163 258 166 74 112 265 109 226 117 221 125 199 119 214 175 133 290 209 94 143 46 81 245 138 290 75 167 135 180 281 129 266 179 262 250 
25 166 173 92 84 121 84 186 250 193 211 13 76 91 178 35 188 77 191 238 85 145 299 25 253 214 290 105 83 55 249 254 298 37 103 284 233 144 187 32 249 135 78 125 20 133 16 40 223 143 7 199 106 78 287 209 191 7 223 295 248 273 108 21 21 102 16 256 181 78 182 23 28 133 212 167 297 248 195 216 248 294 162 288 47 147 86 26 277 4 273 91 47 111 294 292 270 294 15 157 
176 183 116 119 206 123 260 4 71 132 248 299 179 71 96 42 83 214 73 116 18 204 232 130 91 118 181 97 237 290 213 13 159 255 121 73 285 264 267 143 106 52 295 253 53 166 88 280 189 76 107 148 40 125 239 28 259 282 265 267 231 229 226 198 236 293 126 164 281 2 128 141 299 250 143 203 216 158 195 94 143 169 213 180 51 173 103 43 233 291 239 55 106 34 277 228 152 203 279 205 
288 67 137 128 208 64 65 36 265 44 276 25 216 96 34 270 137 137 143 249 188 173 83 147 167 112 135 165 244 187 87 195 155 12 66 282 163 239 117 100 81 181 104 123 180 267 239 238 3 97 252 93 100 23 200 22 239 224 203 283 250 190 83 170 178 105 228 59 154 223 150 140 126 235 19 51 275 24 256 295 237 17 125 104 113 239 151 288 88 54 129 134 244 223 186 286 269 73 43 225 
275 200 168 59 278 235 40 82 269 48 168 281 143 112 39 88 200 191 123 146 136 70 35 144 261 136 209 136 121 158 70 258 49 121 272 57 231 256 155 102 235 23 48 264 170 88 73 295 267 84 157 59 282 91 47 91 0 279 156 99 76 58 210 181 163 279 182 195 159 232 33 174 71 69 295 145 52 35 248 21 187 257 88 119 109 27 1 259 67 9 86 87 260 122 138 63 275 134 109 160 
189 277 210 38 78 74 98 79 275 162 292 105 164 260 273 46 19 36 274 278 61 182 252 241 179 22 235 15 4 114 90 72 93 132 1 283 125 33 36 54 133 232 8 299 203 103 60 89 191 135 282 126 146 262 225 260 91 146 56 261 38 19 52 7 227 185 191 272 274 175 146 219 176 31 205 167 270 139 120 55 257 155 280 286 54 177 205 140 98 137 134 238 293 153 212 242 262 148 276 81 
159 32 124 49 199 57 266 150 271 256 49 117 229 86 136 59 81 262 218 106 58 125 205 92 89 219 9 108 88 216 223 131 274 240 117 148 281 204 116 267 168 110 101 6 35 99 220 219 159 22 274 240 206 92 244 181 142 194 44 270 273 6 240 53 181 139 137 148 284 110 286 214 231 229 185 282 187 221 277 225 280 229 209 25 94 139 140 209 232 258 73 51 167 123 12 191 42 268 50 278 
283 240 281 235 23 76 272 1 9 65 162 270 140 195 188 134 22 289 116 223 143 291 207 39 239 221 227 34 151 8 209 93 38 41 49 251 175 84 16 112 145 163 33 36 232 132 295 137 274 152 173 83 88 145 219 178 205 276 216 81 299 239 33 210 57 183 241 226 249 57 69 194 119 234 126 78 178 223 137 197 150 254 250 293 9 107 100 81 297 218 84 276 78 81 56 40 28 152 18 2 
108 167 36 220 136 252 182 260 71 122 182 175 162 245 228 270 156 2 171 215 64 61 242 143 244 86 106 123 291 57 115 137 112 258 81 156 286 207 17 231 268 283 288 157 42 91 131 5 235 226 139 212 100 142 143 83 153 13 272 27 203 26 173 194 189 241 191 132 7 112 286 146 255 167 268 26 270 80 18 106 192 275 205 1 87 149 214 7 161 156 262 81 30 207 275 54 95 165 179 40 
217 299 154 205 290 269 161 23 138 154 93 122 165 149 25 201 83 22 156 8 220 177 275 76 161 31 78 35 122 50 144 230 254 220 156 189 156 187 261 22 259 271 133 148 96 119 46 228 134 225 209 85 150 245 104 265 165 56 145 108 295 284 283 16 268 42 73 289 240 291 156 122 191 181 222 256 92 158 240 27 131 137 88 118 103 295 196 226 288 120 81 50 68 259 275 274 193 295 88 73 
