267 21 132 135 176 226 224 176 71 64 159 186 92 182 231 156 36 91 206 222 136 56 13 177 251 169 82 12 107 143 210 66 206 243 104 153 86 81 112 275 198 77 35 28 90 237 206 49 61 13 161 96 250 132 30 184 94 4 46 170 87 212 252 280 216 259 95 197 215 39 205 297 55 235 77 2 239 190 264 202 222 82 175 228 193 0 212 246 37 52 236 224 290 247 96 134 85 266 74 126 
216 134 90 164 96 258 220 294 241 93 108 260 206 97 177 120 207 219 34 90 254 216 131 26 158 111 186 229 165 132 65 192 26 252 263 146 182 234 89 218 250 250 51 182 264 92 55 106 17 6 181 156 116 169 71 118 117 18 103 280 8 93 215 208 259 234 233 187 233 155 235 282 197 84 208 136 82 273 216 282 68 193 144 28 63 224 85 238 274 102 103 75 99 288 265 117 17 240 8 110 
37 80 231 20 298 240 8 103 111 181 196 2 214 200 188 3 199 91 25 89 121 16 81 155 120 163 242 255 114 218 107 151 15 111 277 166 152 250 251 174 263 160 121 284 297 299 53 188 59 286 167 232 130 168 242 163 252 128 135 287 248 232 90 154 85 278 192 179 205 130 176 21 290 157 236 108 4 18 250 136 113 263 145 22 88 86 62 196 12 132 220 172 97 201 59 212 201 122 124 280 
188 216 232 56 236 26 84 44 206 200 167 42 29 44 118 79 233 149 128 120 243 163 132 30 159 66 120 228 209 83 143 16 145 99 206 176 149 285 226 198 289 114 101 282 37 254 132 215 253 22 28 53 292 208 96 114 109 251 253 82 195 136 274 131 104 88 263 116 273 91 85 165 124 44 84 8 6 289 195 239 214 262 299 222 237 93 295 30 275 204 215 66 274 163 4 165 173 47 2 93 
52 72 103 2 59 62 59 121 232 281 237 186 33 39 13 232 21 212 2 53 233 21 70 53 158 14 207 51 213 24 136 65 95 23 248 264 262 259 211 160 279 198 143 253 46 45 117 98 219 130 180 216 171 21 217 55 26 74 247 16 162 223 117 242 44 178 150 195 149 149 227 50 276 143 160 98 165 94 232 16 173 51 118 213 233 110 204 166 92 235 49 284 245 131 168 140 40 207 22 207 
184 162 8 153 149 193 53 211 191 16 53 159 290 43 127 235 71 278 80 24 67 20 125 204 167 226 221 217 256 15 138 137 147 15 90 47 296 124 249 204 234 32 117 209 42 213 44 266 193 170 105 112 159 127 114 291 50 34 149 283 130 146 130 116 34 180 184 156 271 284 66 255 24 246 299 265 133 274 61 219 84 49 111 127 144 254 245 117 196 72 200 190 268 244 286 205 290 180 78 278 
236 257 40 134 7 250 184 232 235 7 261 1 14 201 237 203 62 238 133 219 123 71 193 64 105 224 185 158 141 161 34 191 13 130 40 109 141 256 196 228 217 226 185 281 200 28 263 194 190 283 91 160 169 125 25 283 8 140 295 125 232 217 181 286 292 293 250 6 37 59 166 84 181 219 0 289 11 87 278 296 262 197 118 196 81 236 296 231 215 178 145 250 252 1 198 264 60 204 117 115 
218 213 167 140 292 244 259 251 161 190 10 80 251 291 271 116 26 101 17 138 25 131 219 139 143 249 231 4 41 196 278 51 158 88 278 85 119 159 109 155 84 197 94 266 162 114 198 167 186 200 268 146 270 158 224 94 95 149 136 262 51 232 224 163 280 73 288 182 24 193 119 11 258 28 206 50 261 251 270 225 124 133 242 110 82 93 293 43 211 244 78 243 210 250 8 154 256 111 20 139 
8 14 53 101 249 182 264 173 154 287 152 27 220 188 271 27 289 202 13 208 114 199 93 189 70 88 201 160 206 168 247 145 200 122 126 292 68 184 258 54 103 181 27 39 34 4 258 207 223 155 201 211 206 94 292 130 279 23 272 246 166 226 209 131 227 157 147 285 107 42 52 57 78 228 176 155 146 75 116 205 244 94 24 295 106 233 127 2 153 99 209 266 88 222 121 141 184 194 183 7 
46 152 187 59 174 123 130 263 248 79 132 118 280 259 179 237 182 204 124 84 240 264 123 142 140 44 207 264 65 78 223 146 41 30 106 46 190 299 282 246 181 248 99 160 224 100 218 272 50 215 48 236 221 138 87 22 270 36 33 99 29 226 214 187 0 275 231 217 56 260 15 216 203 4 253 218 66 100 116 264 210 193 74 62 106 8 160 145 179 194 0 190 200 151 161 72 115 77 155 181 
167 246 202 145 219 286 33 292 131 210 138 73 274 155 216 179 8 231 227 283 245 165 291 61 202 12 259 111 290 210 180 60 215 33 39 2 22 49 155 195 244 287 43 252 42 69 62 114 4 235 199 0 2 218 288 45 291 264 93 104 113 203 14 153 196 132 113 282 178 274 77 82 191 91 112 284 159 155 273 271 268 252 73 125 124 109 51 121 87 202 175 146 56 135 273 273 166 293 237 209 
177 93 92 289 94 282 148 277 51 53 153 35 178 214 241 77 277 146 249 82 278 23 268 29 4 108 79 206 185 2 46 68 253 158 43 297 172 127 216 172 263 90 213 33 273 160 182 240 67 57 222 227 84 127 233 237 123 8 231 223 141 180 65 138 124 104 103 93 212 259 67 0 56 15 102 105 156 228 236 190 288 189 285 136 189 286 217 119 266 276 31 265 91 218 245 163 225 25 227 49 
64 55 178 158 36 61 211 136 37 196 297 100 283 243 27 169 178 203 125 150 66 172 60 226 189 246 227 212 103 263 5 77 179 117 85 164 61 13 273 120 251 77 50 206 239 8 11 227 33 156 120 298 37 176 101 205 188 226 75 116 192 283 73 270 5 257 143 272 37 146 28 100 34 87 142 166 98 189 142 293 236 159 123 64 109 188 14 250 241 95 44 167 171 101 137 299 290 261 137 61 
186 151 287 293 222 209 3 6 15 181 127 123 1 93 178 171 97 59 201 86 298 157 147 285 236 188 110 45 82 7 138 104 247 175 138 297 115 4 225 277 158 131 255 226 242 110 152 43 129 262 168 80 113 184 287 155 199 2 150 167 193 153 43 68 203 183 42 187 13 261 25 192 283 138 249 213 169 33 269 260 180 157 263 180 165 287 57 152 20 217 217 237 267 221 172 285 92 63 235 83 
16 142 107 157 22 255 143 12 296 288 183 267 280 256 175 147 269 48 276 49 243 98 183 35 116 171 204 212 165 283 292 82 121 79 234 211 96 254 42 196 198 1 227 171 236 191 267 83 275 81 185 76 293 293 22 26 117 33 107 36 154 238 30 227 258 274 226 83 267 63 228 180 82 73 72 37 72 145 109 71 294 75 251 299 176 37 253 213 76 241 274 37 75 138 104 7 188 65 97 131 
120 93 89 92 94 204 68 60 96 160 10 136 238 18 127 206 117 20 102 112 134 197 253 123 160 181 47 152 208 294 145 10 152 110 153 172 137 297 227 296 164 90 156 216 51 169 297 180 121 252 34 88 232 75 287 199 190 220 231 8 44 203 98 0 9 32 54 37 51 162 18 197 213 248 71 30 9 258 264 233 174 126 220 112 108 148 105 232 91 223 231 163 154 140 137 146 88 264 107 150 
8 41 137 44 297 297 91 203 188 51 121 141 250 158 9 268 232 263 62 78 76 217 203 183 164 223 169 119 198 166 290 52 212 83 231 208 117 223 150 242 96 149 55 5 263 216 188 221 243 38 39 230 205 144 41 146 132 7 159 283 102 45 263 293 232 136 209 293 162 260 99 163 105 224 243 55 251 255 150 210 140 287 136 167 223 2 242 144 145 179 195 235 39 271 160 204 102 156 102 64 
194 270 92 162 156 220 16 250 96 49 166 55 161 67 16 170 252 140 185 107 227 268 256 30 3 58 282 26 123 31 299 276 99 90 90 180 151 244 99 7 132 124 177 221 69 70 27 9 34 162 16 285 297 102 243 116 133 211 180 213 164 288 179 85 207 155 128 268 95 282 208 12 6 129 267 247 0 224 247 286 191 292 191 1 9 81 151 241 185 54 103 196 219 256 147 240 100 112 182 222 
257 248 46 236 114 264 159 289 82 225 137 96 297 37 207 56 14 208 129 178 131 131 82 215 222 67 295 148 240 64 238 251 171 99 178 88 72 216 117 111 215 108 92 196 3 194 168 64 232 257 121 294 91 37 83 227 67 125 210 113 41 0 218 6 171 23 187 63 272 159 183 190 59 278 53 205 281 148 185 152 275 66 154 286 169 290 150 163 120 2 164 204 262 297 286 219 223 15 54 189 
26 283 198 145 110 239 295 135 82 64 174 253 264 184 188 213 249 60 64 299 271 5 158 212 79 216 15 99 193 72 210 54 226 105 85 145 296 271 176 63 8 133 33 185 9 190 268 91 199 68 49 191 282 279 84 61 220 272 252 165 44 27 216 143 248 21 70 32 142 54 216 155 274 30 155 271 91 6 30 136 35 58 36 272 80 40 286 299 89 135 83 217 72 118 220 199 217 187 253 228 
6 167 25 46 180 282 19 251 291 82 37 125 290 25 62 254 253 140 2 107 246 291 1 263 73 81 261 31 171 138 143 269 213 168 68 57 143 238 103 74 283 80 38 225 142 287 6 259 261 231 263 256 63 82 8 28 39 62 135 69 299 167 224 265 288 143 135 46 221 98 295 99 48 258 245 136 24 74 221 253 224 140 119 83 192 237 112 275 198 40 199 211 174 55 115 238 181 85 110 260 
63 286 192 198 227 249 188 251 81 179 99 51 198 93 15 147 274 235 97 217 142 62 197 49 46 131 249 60 218 257 261 275 65 6 162 56 195 284 126 125 207 242 75 141 271 52 82 8 191 178 149 241 95 81 296 165 221 82 29 205 250 257 119 264 268 253 116 232 191 269 137 74 12 58 89 60 127 254 112 218 180 252 3 83 81 185 25 9 182 211 0 35 228 87 36 26 66 40 139 102 
257 10 30 275 55 141 90 287 218 266 187 58 26 231 161 219 20 133 264 20 228 241 113 86 206 52 189 121 0 104 186 15 96 284 296 67 212 25 34 215 197 230 112 235 191 108 168 10 137 55 256 171 209 53 29 268 199 128 46 274 63 26 126 34 112 203 256 218 70 31 48 110 210 188 218 185 61 298 175 87 182 145 297 89 24 107 248 75 23 291 98 68 258 217 94 267 277 51 253 89 
171 267 173 190 275 186 123 9 230 32 110 198 8 40 112 270 253 91 241 78 126 189 294 147 108 68 207 198 23 247 156 2 70 125 116 47 138 74 171 197 148 129 7 68 236 44 177 267 192 205 293 158 88 273 173 20 51 258 17 92 286 13 120 280 71 120 98 283 113 236 231 40 174 230 272 132 113 297 163 294 253 40 55 141 189 96 232 254 206 220 51 256 166 107 262 64 258 217 211 116 
78 130 63 183 52 160 121 38 22 243 31 198 28 273 60 297 73 218 258 145 9 6 246 279 227 226 154 64 235 237 118 238 111 178 246 140 178 264 7 79 13 61 232 48 129 100 207 146 84 163 28 254 244 288 109 23 69 134 159 83 218 86 228 87 155 246 257 182 224 273 61 290 165 136 7 78 280 237 77 111 299 95 246 31 111 257 125 66 20 166 98 17 176 88 288 213 254 128 23 210 
118 41 221 55 58 20 288 283 190 220 185 32 292 13 103 59 226 27 49 128 277 60 146 59 87 57 287 211 279 261 101 283 196 238 196 98 203 137 166 219 13 136 156 161 273 55 116 11 85 192 246 176 234 258 208 28 284 259 84 254 40 248 203 293 218 22 36 260 246 79 153 271 190 163 58 59 44 259 92 93 204 141 256 250 85 237 175 109 48 111 284 93 208 199 96 156 52 238 1 56 
230 9 54 150 274 195 294 297 247 202 128 136 211 142 22 242 120 277 228 208 5 154 162 56 123 288 40 221 286 249 291 247 95 24 165 164 235 81 213 263 216 127 211 200 250 86 96 252 269 29 111 231 169 277 203 283 154 64 121 27 157 273 144 272 250 97 169 182 127 220 234 18 193 252 290 42 150 119 208 57 151 115 251 145 98 259 231 195 3 111 176 242 15 148 107 215 1 61 11 67 
217 270 186 237 108 27 0 109 253 35 255 281 57 89 136 243 170 30 77 19 239 181 240 99 61 296 170 204 121 95 223 211 20 137 205 4 267 241 166 13 249 19 216 22 177 12 115 48 8 76 114 232 262 65 166 121 112 294 157 248 146 210 96 267 170 215 66 219 133 154 208 127 80 275 169 198 130 148 88 76 52 67 53 152 173 89 169 228 198 73 242 262 217 185 110 182 150 285 17 55 
74 90 133 150 236 59 38 228 168 229 283 8 126 160 51 45 170 15 51 37 201 16 98 178 164 73 106 200 288 46 219 267 286 17 6 214 287 78 220 285 179 190 14 215 134 298 299 287 283 276 272 155 284 90 176 205 193 62 212 289 132 221 268 252 1 66 150 40 23 65 218 12 111 173 292 233 264 79 234 96 242 76 285 54 159 52 165 226 102 108 147 86 142 81 135 21 215 110 46 147 
211 101 10 37 216 16 215 290 184 85 132 6 277 50 266 267 217 47 0 73 25 70 124 246 162 120 33 94 88 21 130 83 239 119 81 160 274 200 71 79 214 253 72 60 115 44 78 53 140 100 83 155 193 82 274 262 20 84 249 271 149 243 129 21 39 146 58 266 69 141 42 119 154 239 46 47 115 268 214 236 83 194 62 159 269 42 158 248 224 137 276 29 288 224 263 195 263 253 238 146 
46 154 61 123 20 19 220 234 3 103 185 232 22 231 290 185 183 151 224 183 231 69 282 223 266 11 141 76 75 203 264 4 283 65 27 233 112 189 163 197 38 33 64 286 13 1 227 173 98 253 211 240 79 83 142 21 108 225 163 149 123 177 82 157 226 228 53 87 143 96 154 293 76 282 279 37 28 142 240 148 74 219 283 185 93 238 136 68 100 190 252 272 71 211 112 296 85 4 54 285 
243 145 11 157 73 37 181 22 24 183 174 273 271 167 62 49 10 179 157 219 100 130 89 160 99 225 19 129 270 293 24 181 26 188 162 233 17 95 214 267 35 271 208 129 213 7 257 188 216 238 133 278 62 241 213 221 168 159 239 173 19 195 123 69 150 69 8 245 228 53 279 198 14 276 299 35 260 196 207 55 281 167 136 190 72 255 253 96 220 40 247 87 78 77 64 197 61 116 89 30 
226 8 100 135 198 248 247 27 233 86 201 297 287 201 108 78 149 107 261 116 48 149 128 79 282 116 119 139 250 240 52 67 96 35 192 257 69 165 119 117 22 37 58 86 72 202 4 246 276 102 248 9 97 255 205 266 170 120 15 205 292 278 221 280 88 137 160 72 93 48 263 294 248 108 152 62 15 212 82 7 239 148 214 32 153 239 279 111 216 237 273 126 145 19 194 106 119 57 100 216 
20 148 29 261 64 101 179 222 248 160 242 188 85 57 285 136 126 280 21 22 119 15 36 299 48 32 37 292 138 276 299 257 12 296 78 230 56 114 96 257 219 266 257 189 98 76 174 297 235 69 12 83 115 174 5 79 21 216 30 198 123 210 133 252 183 179 77 226 110 152 215 156 56 265 43 94 22 155 24 92 219 149 172 191 240 69 103 86 136 214 258 129 224 243 139 157 295 134 131 152 
208 54 207 202 239 215 55 264 137 116 261 20 64 89 128 257 126 93 79 132 13 261 212 132 251 131 241 18 159 258 291 188 0 234 197 35 128 190 254 134 155 16 141 113 105 241 49 198 106 174 173 258 252 274 225 67 282 133 22 249 35 24 11 95 201 202 104 231 199 55 143 221 121 47 109 127 294 9 110 13 242 212 80 267 237 297 105 207 28 278 255 221 31 35 187 140 58 44 69 287 
176 226 67 19 109 141 201 183 131 84 196 278 167 106 289 56 5 218 131 267 297 130 103 135 171 174 156 7 217 278 192 266 203 170 78 134 296 161 140 28 96 48 294 113 241 262 75 116 66 52 224 143 196 57 55 50 231 112 162 189 57 60 28 25 1 45 31 150 155 80 210 239 257 195 5 19 93 222 175 103 153 165 147 8 67 263 122 158 163 142 88 156 122 184 225 178 76 93 227 293 
224 102 153 51 190 78 165 239 117 295 180 297 147 107 69 76 281 23 141 143 175 140 195 27 156 212 221 275 282 7 5 73 245 171 130 264 95 101 21 93 171 297 175 75 142 283 234 281 179 115 4 218 52 138 246 27 31 10 241 188 221 71 77 106 220 299 268 38 281 155 289 118 182 44 164 240 84 53 157 27 127 17 94 222 64 119 218 130 59 80 108 151 83 85 101 122 187 34 241 194 
42 18 235 89 137 155 178 228 199 160 262 233 130 14 20 127 196 88 287 119 176 259 295 262 230 4 67 295 213 27 53 115 255 152 220 98 262 23 73 263 129 170 150 63 224 294 45 162 281 2 144 190 91 190 137 81 84 270 247 144 233 167 133 245 77 74 223 77 144 241 295 170 233 33 193 157 41 212 94 18 269 203 281 216 6 119 124 158 208 141 282 66 149 246 229 193 282 288 89 207 
71 102 45 233 51 186 102 204 282 93 10 215 58 155 204 16 158 192 204 143 18 234 188 104 192 124 252 122 228 50 45 111 294 9 250 62 170 21 198 99 177 138 198 2 262 40 118 286 52 26 83 211 278 81 124 278 26 0 131 96 18 203 117 126 267 197 128 31 32 246 209 218 260 41 218 190 11 28 10 35 286 245 254 167 100 269 286 285 15 8 25 40 39 276 177 31 142 137 19 275 
56 292 102 218 57 138 257 47 52 177 101 46 130 137 207 110 244 72 116 135 23 250 111 105 297 254 271 18 265 106 88 123 210 77 153 194 234 71 220 174 109 125 94 219 15 230 18 164 158 116 287 50 42 203 128 3 43 166 148 23 253 148 159 233 283 135 279 258 82 147 242 129 94 104 23 63 104 287 255 121 298 14 258 62 137 107 37 42 109 175 35 95 122 47 111 160 237 191 36 199 
28 45 12 139 299 28 136 97 199 141 40 262 40 298 119 150 62 77 58 159 15 52 297 93 16 187 180 281 293 153 187 148 234 278 77 149 32 100 118 53 159 264 260 234 176 88 106 66 246 163 30 285 57 24 277 222 152 187 128 6 247 16 5 117 87 198 210 241 249 39 233 76 80 160 285 241 79 255 192 14 46 151 190 281 51 176 153 128 68 240 273 6 248 30 133 230 15 260 170 54 
22 22 112 52 90 205 280 252 3 260 29 203 116 130 25 30 261 40 181 9 114 74 91 145 58 297 92 288 70 90 210 221 139 41 132 148 49 146 232 162 122 280 136 92 246 92 184 216 132 272 190 201 28 153 247 284 123 138 241 134 8 278 242 72 172 80 8 241 149 264 117 95 18 112 46 113 158 1 6 115 126 144 16 154 20 245 232 210 105 161 281 161 217 257 97 165 6 170 297 189 
246 47 241 36 65 111 62 115 238 120 252 268 52 51 102 130 164 117 127 239 214 161 220 204 149 127 100 220 175 200 63 123 64 47 294 100 277 212 129 153 137 19 209 38 71 274 233 36 66 179 136 16 40 188 5 75 189 192 166 115 164 243 109 123 27 92 160 127 124 206 198 231 206 136 55 121 189 146 200 289 97 73 122 80 61 172 193 66 287 224 268 260 138 225 47 14 88 174 80 22 
53 138 162 29 231 12 155 106 100 52 200 52 61 112 170 231 0 270 79 146 60 266 133 159 79 26 31 195 201 92 186 80 196 72 289 240 259 291 35 244 174 35 108 265 162 211 23 129 261 222 100 298 57 63 50 74 53 148 150 114 84 247 65 129 233 92 118 99 138 156 11 279 101 18 1 249 268 192 82 235 168 88 167 46 24 67 63 267 203 73 43 28 55 111 29 21 128 2 98 223 
116 89 154 20 152 148 3 130 279 9 107 64 189 247 133 295 43 62 39 258 261 111 211 208 100 56 283 41 225 89 16 3 105 212 129 102 78 158 205 286 263 287 9 97 12 268 22 192 156 171 271 297 134 84 241 98 233 193 187 32 252 266 269 211 49 214 24 53 149 100 12 5 184 122 96 73 5 136 165 33 45 152 274 294 152 272 187 195 136 104 193 231 17 261 292 95 61 191 214 65 
84 46 63 282 174 14 297 164 152 289 139 255 49 99 220 288 122 241 209 166 24 103 140 173 280 190 62 52 147 102 135 191 215 87 243 261 30 95 268 198 53 55 223 108 48 245 243 112 68 10 12 159 241 179 196 18 149 189 298 85 184 85 248 14 190 269 75 262 14 4 116 136 289 12 270 187 146 58 161 260 66 82 208 271 167 252 82 222 13 181 25 146 81 206 101 207 241 122 156 186 
219 50 46 97 126 126 111 129 151 274 286 259 136 82 12 69 278 49 214 38 10 208 7 96 8 206 169 141 216 99 26 208 142 77 250 197 141 183 147 56 203 236 155 90 283 254 285 105 86 268 95 9 129 164 251 274 171 193 249 16 44 236 296 84 5 297 74 45 267 285 21 159 174 54 28 199 261 98 258 7 131 239 186 211 207 130 38 232 176 247 28 56 167 124 18 147 270 130 29 212 
79 160 150 183 132 242 288 29 139 61 72 280 289 99 238 145 295 109 19 167 225 215 287 18 182 209 53 144 92 195 77 298 36 118 194 174 81 49 108 180 270 216 39 107 32 52 264 42 128 223 159 86 153 151 130 253 230 285 1 195 158 282 7 64 284 157 216 34 57 262 187 185 252 220 82 284 132 206 127 226 56 78 225 41 195 9 80 101 269 169 138 137 262 217 30 165 146 163 289 103 
292 239 82 199 203 115 93 220 262 40 20 117 246 136 226 197 185 46 89 139 273 201 78 80 187 197 115 285 293 270 124 0 55 138 236 46 85 197 178 130 56 167 123 264 278 111 246 161 54 25 235 66 100 101 144 251 21 21 189 37 19 171 110 289 8 256 222 271 284 252 10 179 219 108 275 175 83 67 240 21 202 176 279 178 20 44 266 15 116 159 237 159 59 41 274 146 85 125 200 185 
158 246 108 41 84 49 72 20 207 294 77 141 257 233 180 264 188 63 180 122 188 217 66 122 69 146 285 60 112 81 221 24 21 237 93 202 254 178 68 133 113 198 124 98 83 234 16 243 240 239 232 163 121 36 73 219 249 100 283 194 155 64 25 157 168 299 268 193 124 125 104 173 110 273 62 247 108 185 59 195 27 205 239 74 131 96 218 76 87 140 19 292 105 13 282 142 75 228 135 123 
296 252 151 28 24 129 178 21 193 231 270 128 219 220 195 204 167 277 176 280 216 290 181 210 157 210 145 2 266 74 106 211 133 228 67 251 64 135 265 94 64 215 133 279 131 191 32 112 139 199 20 175 118 158 103 81 37 33 97 186 117 204 2 257 162 253 164 217 122 174 191 192 178 159 59 211 195 45 290 235 128 149 109 274 26 108 186 216 236 34 208 108 284 173 19 38 249 103 19 35 
103 56 63 247 260 177 12 85 227 99 84 55 179 253 164 144 88 19 13 72 10 3 238 239 207 22 88 41 85 18 260 135 97 167 297 137 200 262 286 152 124 185 134 234 134 169 124 86 233 296 97 48 215 231 276 147 6 179 54 266 198 45 110 183 73 124 50 20 20 106 258 196 296 127 37 276 171 129 258 190 207 259 37 56 7 41 30 297 86 192 164 89 112 234 78 235 120 123 286 164 
206 137 171 25 240 29 161 231 196 135 222 246 72 284 63 188 238 134 299 44 165 160 75 35 120 235 167 177 241 216 40 47 148 86 115 112 65 54 185 129 151 22 95 37 103 31 252 213 128 10 43 241 112 204 51 3 176 137 70 87 83 106 293 27 261 122 46 24 65 116 58 274 75 265 217 272 259 215 183 10 130 137 176 2 244 1 295 74 37 299 270 77 16 187 261 107 64 86 141 21 
113 213 103 84 40 73 249 126 118 237 112 172 126 190 136 201 259 173 119 234 91 183 108 213 23 201 271 268 243 184 168 60 202 65 189 157 149 126 179 231 99 186 5 65 33 79 19 178 75 68 45 189 159 119 84 29 167 213 223 233 177 92 250 24 171 14 287 232 172 40 215 16 278 167 295 139 100 214 114 59 286 120 162 83 91 276 249 116 62 171 190 42 82 128 36 25 239 51 242 94 
44 166 223 104 143 107 229 54 73 80 28 242 42 247 205 6 73 290 151 95 39 14 88 108 138 6 33 172 148 255 110 141 101 229 130 147 162 221 257 112 34 129 67 246 2 23 47 164 155 69 160 249 142 100 72 257 25 16 70 64 181 127 118 248 208 22 50 257 91 240 171 131 94 116 152 120 278 6 39 69 287 257 69 54 99 203 103 227 287 48 2 265 142 251 67 68 163 3 223 243 
162 285 4 203 96 99 169 207 162 40 167 79 52 201 265 114 251 52 284 70 69 226 206 67 147 99 132 231 99 72 211 140 195 196 164 298 286 8 222 247 198 127 127 68 293 82 286 266 292 199 60 209 45 116 118 123 296 130 266 16 44 199 267 213 22 297 262 202 271 240 143 141 110 150 224 47 60 24 232 1 95 43 15 20 92 85 129 180 73 22 88 207 195 254 38 52 292 235 123 274 
59 263 50 15 70 80 34 45 96 247 28 211 116 110 72 83 51 132 224 215 242 41 167 173 246 179 189 79 135 76 138 223 58 49 94 295 2 142 108 133 113 111 186 245 128 274 299 163 160 134 142 62 215 136 71 157 158 116 247 110 32 38 80 196 40 237 205 297 210 48 39 127 87 11 277 18 185 296 202 299 25 131 48 156 56 179 247 79 224 182 130 119 12 226 57 125 109 240 179 0 
246 294 258 255 26 180 162 234 125 24 258 207 84 203 297 22 209 293 47 40 167 124 74 12 17 232 252 82 169 70 266 212 83 99 6 122 106 154 260 298 298 62 126 220 7 265 266 250 135 24 264 87 178 100 180 57 45 200 257 20 156 11 139 169 3 164 263 179 100 205 148 5 142 162 164 277 229 234 95 155 176 134 34 40 115 196 168 176 35 293 137 2 106 251 65 168 207 50 216 23 
178 73 57 47 236 231 140 62 18 135 75 181 158 140 96 268 97 241 17 263 278 164 32 68 252 146 129 268 212 31 193 124 13 137 248 77 216 266 199 175 105 289 22 169 187 246 67 50 180 131 296 233 16 85 253 207 160 19 82 253 48 103 232 236 142 247 233 110 29 79 56 225 260 27 81 118 153 8 103 210 248 266 32 67 204 144 221 82 263 71 258 108 197 284 6 223 299 17 151 254 
5 238 269 163 146 244 16 256 294 269 299 184 189 213 42 68 282 285 264 70 58 298 217 140 222 76 102 223 254 4 199 81 291 62 35 122 59 143 82 44 32 190 91 53 19 46 133 72 2 171 117 221 107 204 12 189 135 1 141 26 173 164 28 156 147 93 160 45 163 225 60 96 270 124 28 172 154 107 238 143 0 88 152 5 108 261 51 51 95 269 222 160 190 56 83 206 153 289 256 152 
219 34 154 195 192 169 258 82 278 209 113 206 296 202 190 229 252 176 33 23 248 240 51 199 167 114 99 188 166 263 243 243 153 178 91 114 234 281 240 61 203 232 169 112 22 238 19 218 135 162 15 192 217 32 40 201 138 168 33 149 296 15 48 163 226 105 23 23 244 138 43 203 278 95 179 242 231 104 34 35 148 267 244 275 46 80 242 129 30 255 168 269 0 97 3 167 62 162 227 85 
190 266 71 180 281 20 202 139 185 163 244 60 49 143 57 119 255 35 185 60 7 83 177 152 218 248 53 187 286 71 135 229 284 246 107 239 189 129 191 271 33 65 256 50 61 110 18 60 52 142 4 181 61 259 224 203 239 93 246 104 120 54 270 105 258 114 271 208 215 219 153 38 72 76 27 35 208 159 10 102 226 161 240 192 52 165 296 113 233 245 269 141 254 36 149 264 224 90 92 191 
97 154 289 201 212 253 80 66 178 284 177 274 143 240 8 137 240 147 138 142 222 202 255 130 274 280 107 115 143 182 74 240 181 165 23 179 51 4 184 28 223 283 120 299 260 178 165 241 249 158 217 43 72 180 207 220 102 152 209 64 25 49 292 16 106 226 34 56 95 256 47 127 232 189 163 197 10 96 143 35 267 54 62 259 237 253 70 234 221 186 207 142 31 273 299 259 143 75 226 8 
74 91 216 242 219 237 153 149 75 203 145 200 119 127 88 2 184 211 27 40 151 87 44 145 102 20 50 19 66 121 165 276 27 243 48 297 205 37 63 262 225 57 15 190 191 204 4 173 292 31 175 55 207 131 21 30 160 210 246 126 278 280 0 128 278 133 38 29 270 95 57 40 238 138 206 175 4 182 106 70 163 145 210 1 139 294 97 212 47 217 258 19 83 32 10 122 99 101 23 185 
199 61 54 48 248 212 278 135 11 66 49 288 76 201 175 17 94 292 84 271 118 100 67 287 181 164 293 52 245 275 214 57 270 181 30 245 165 33 30 160 94 21 214 144 227 139 82 184 88 208 260 180 208 170 193 157 240 266 9 33 54 66 96 18 33 75 222 219 119 239 239 88 7 26 204 156 60 178 89 60 197 263 219 41 139 228 31 73 28 128 271 14 113 176 61 115 63 265 254 19 
289 256 217 31 297 56 144 167 271 299 289 252 270 213 213 285 14 26 214 19 109 115 255 33 123 191 276 208 271 177 241 56 199 296 19 183 179 58 253 182 68 94 121 8 213 154 223 201 181 236 153 228 248 155 120 129 66 184 45 270 71 5 192 2 25 225 9 146 267 281 140 267 144 183 227 257 171 114 149 211 208 281 265 143 75 119 54 31 211 178 18 16 202 115 102 289 227 294 124 203 
208 113 136 52 273 34 291 102 20 92 218 62 111 43 237 84 19 277 71 165 6 123 248 174 72 208 160 282 9 174 240 247 214 210 98 293 176 266 6 28 133 294 278 195 122 184 270 184 241 171 169 50 248 149 66 84 89 119 78 200 127 90 76 49 161 232 74 105 62 293 136 29 148 22 139 48 185 189 0 86 167 178 8 170 51 42 238 31 257 94 291 232 53 286 289 25 93 206 167 236 
149 105 88 147 107 121 194 219 132 162 174 146 159 46 205 66 277 40 108 110 284 239 91 153 76 262 246 171 86 66 238 258 43 287 275 166 12 2 270 4 40 294 76 97 239 258 231 77 36 267 161 94 170 171 163 7 262 165 20 92 112 246 106 175 94 106 284 280 133 115 177 154 103 131 35 218 233 236 187 35 90 269 153 2 287 38 47 94 296 0 59 103 147 186 248 84 204 284 12 199 
73 278 83 189 162 299 251 165 296 134 93 69 145 276 51 198 235 96 210 179 215 160 14 237 295 160 64 9 24 127 58 274 0 12 117 49 178 219 31 171 15 81 160 166 31 106 92 54 151 164 5 21 65 251 49 296 161 15 276 36 185 165 199 138 113 241 95 79 189 191 124 251 280 205 57 78 283 97 123 227 297 240 80 72 112 37 133 102 47 62 235 47 37 276 219 230 278 129 160 142 
153 275 154 193 142 74 79 17 261 106 165 80 274 250 170 181 70 204 242 51 59 54 11 149 43 60 141 38 294 272 9 234 9 142 216 101 21 156 143 288 33 8 245 153 179 27 135 190 37 118 59 50 195 179 33 51 215 175 298 226 89 269 33 279 8 193 46 288 233 290 289 194 155 137 196 103 43 207 96 38 24 69 109 50 189 93 88 180 181 123 225 139 195 61 177 198 156 209 57 45 
62 85 216 32 63 39 129 161 25 129 161 90 191 267 256 118 75 23 253 100 221 166 203 296 73 52 180 235 4 124 69 45 25 253 212 257 9 251 194 71 223 35 261 140 82 72 139 195 251 35 195 163 191 282 219 266 249 86 235 164 288 126 237 199 232 210 226 257 25 265 12 154 28 203 153 43 221 270 170 67 148 259 7 22 136 172 66 124 16 211 194 223 188 261 30 67 268 271 126 112 
263 221 281 77 131 82 84 184 52 192 170 201 294 200 205 20 178 87 211 58 198 242 168 275 272 19 220 221 241 262 175 131 56 183 273 16 194 156 59 206 95 293 199 74 185 98 160 130 58 1 164 136 56 132 54 113 288 85 289 10 100 5 122 85 14 98 99 163 4 213 273 117 158 150 24 105 248 28 104 86 265 204 270 171 176 38 211 123 64 291 292 161 219 293 111 70 271 3 112 251 
117 176 79 17 129 123 22 62 278 136 190 18 1 109 123 18 116 17 20 255 149 161 191 178 108 226 108 15 137 186 140 27 289 106 85 3 44 292 140 222 164 4 230 50 256 48 251 13 62 268 184 221 201 99 55 46 42 104 236 7 274 55 114 280 8 36 26 166 156 292 103 207 199 117 227 232 296 5 125 101 100 86 168 288 233 268 27 160 260 62 109 62 192 170 42 244 91 64 227 90 
99 176 175 151 271 99 38 14 275 51 290 172 85 142 24 92 270 214 124 224 204 141 0 57 17 114 242 102 224 126 167 24 258 85 191 202 272 174 283 135 192 280 98 165 165 73 227 193 86 3 273 258 177 53 168 299 156 121 231 143 156 296 119 75 266 245 131 47 155 169 233 132 262 298 40 57 123 155 13 248 207 255 3 191 51 274 2 220 100 45 112 37 240 152 14 47 269 236 80 222 
38 50 20 204 251 238 16 10 145 64 107 72 171 112 89 130 194 24 9 217 23 90 182 67 122 271 237 205 101 192 266 39 210 283 201 275 138 184 3 91 10 115 89 213 200 165 76 160 10 187 58 12 244 222 56 289 83 69 0 208 273 263 120 191 188 273 120 102 255 171 13 17 198 94 234 111 33 193 252 12 231 118 140 24 235 84 184 244 204 134 70 244 81 159 51 281 254 295 280 63 
278 93 201 147 89 219 71 267 253 229 244 294 257 210 4 266 148 143 58 211 296 86 140 130 168 2 175 53 126 191 42 5 235 256 64 285 296 15 288 45 66 93 221 158 256 91 190 112 119 152 11 118 270 184 25 141 128 72 111 3 219 43 225 133 2 157 169 47 193 274 128 167 187 89 58 205 156 261 257 197 133 251 151 169 4 157 198 17 204 167 155 100 13 101 2 245 271 212 97 62 
225 96 227 223 184 8 240 42 189 88 162 253 88 0 89 149 5 169 190 190 120 74 12 260 287 215 73 104 83 24 296 101 132 176 78 124 5 196 86 58 184 207 216 173 265 42 250 186 49 56 122 25 48 296 294 141 219 277 61 98 28 283 293 280 191 187 197 282 182 251 165 83 135 163 52 8 165 279 125 218 176 254 5 41 212 158 148 49 188 181 246 80 111 195 116 228 272 101 23 98 
195 258 180 63 236 264 297 174 198 193 19 95 90 39 44 127 17 204 203 167 170 254 65 61 21 257 211 120 49 94 157 139 273 21 77 286 245 26 0 116 161 93 176 48 99 186 63 125 281 166 290 56 241 195 114 49 260 85 19 272 192 110 151 166 26 195 241 18 188 233 269 269 299 267 111 218 203 244 145 177 241 259 114 54 74 141 144 213 214 11 263 281 71 133 251 165 183 162 198 5 
187 4 99 1 171 95 248 187 242 129 267 187 250 256 259 179 175 228 32 48 150 59 4 154 121 146 28 287 121 248 52 270 168 96 246 273 220 40 120 21 48 261 24 218 206 114 76 27 117 167 78 246 19 0 145 11 210 106 208 141 194 38 174 214 18 270 255 240 4 287 167 60 290 131 241 126 295 175 193 205 104 68 173 296 155 131 228 249 6 37 8 237 48 36 249 248 257 188 298 118 
30 140 100 58 166 65 161 267 111 67 115 29 209 213 61 9 137 32 269 174 40 99 103 137 101 98 65 64 237 182 31 188 286 123 240 145 110 125 25 121 272 244 50 31 98 151 19 297 197 203 225 245 210 191 26 276 227 99 17 231 78 190 172 289 280 180 82 233 216 144 157 133 204 4 281 52 73 206 175 228 47 263 196 155 47 147 32 139 281 236 277 295 232 282 232 121 296 274 59 4 
218 90 76 7 57 141 133 43 68 266 180 271 215 154 17 150 248 205 134 180 199 126 222 82 79 203 5 48 138 255 147 196 42 270 122 205 154 61 138 204 217 27 247 17 13 202 37 217 271 170 71 246 64 3 272 196 271 229 283 63 58 125 97 49 250 258 133 125 175 92 99 208 83 84 275 23 33 252 40 20 113 186 268 278 14 287 50 16 20 144 212 249 156 141 230 17 1 100 26 154 
276 52 264 177 229 270 57 103 183 72 20 140 266 0 181 279 196 124 225 2 275 264 161 155 216 279 177 70 122 77 52 77 133 8 86 10 121 157 109 72 56 146 80 164 55 30 249 45 210 272 137 126 146 112 193 87 171 234 111 83 3 141 281 205 102 47 225 148 18 217 102 199 222 213 26 25 170 294 204 36 172 148 264 37 278 45 257 119 99 256 75 181 235 11 173 42 223 278 216 181 
116 158 200 154 38 267 275 269 68 213 108 273 211 252 265 94 216 91 132 183 65 79 190 163 174 281 117 192 84 297 68 108 207 27 93 132 277 18 214 86 206 283 239 171 205 40 198 237 202 114 248 1 282 292 147 9 108 109 121 84 254 48 28 206 183 105 190 257 289 31 43 44 35 264 101 207 115 284 36 15 78 182 29 31 276 3 83 275 57 60 152 109 219 134 121 165 36 180 62 282 
12 57 164 221 210 187 59 251 22 111 86 191 83 62 156 289 25 207 170 198 74 234 167 151 148 8 11 120 23 272 298 186 129 102 123 143 17 290 96 105 248 171 201 237 257 232 1 185 88 286 123 189 9 35 149 159 126 179 201 80 130 73 185 177 107 256 36 113 39 43 225 97 202 94 104 270 71 266 191 57 272 238 199 9 115 203 235 240 83 205 3 171 146 79 261 159 164 264 232 276 
60 187 78 45 109 200 196 120 231 177 47 208 235 220 225 224 241 113 56 198 169 130 102 260 260 185 126 129 63 190 243 259 195 234 282 39 176 231 12 62 272 248 212 299 284 204 174 84 101 110 65 298 214 292 126 27 22 28 201 146 84 50 276 198 294 131 118 55 22 14 269 13 62 165 119 285 71 18 189 217 45 114 6 199 132 241 174 165 285 144 266 267 191 16 179 41 236 264 257 131 
221 24 287 239 237 18 127 186 268 41 55 121 83 73 46 89 118 83 287 141 298 141 156 271 128 75 274 149 2 251 132 73 224 130 293 79 61 64 218 114 263 75 164 118 29 179 177 17 216 144 213 135 212 130 132 2 223 72 190 25 66 149 294 76 67 84 88 21 2 67 29 110 288 170 247 164 25 255 285 94 86 268 7 276 6 157 113 200 284 103 130 186 9 54 56 197 234 258 215 162 
57 91 90 45 95 235 180 65 85 98 171 292 135 89 197 298 130 72 172 130 239 284 204 59 139 61 54 91 224 75 123 13 88 104 57 48 185 293 177 71 116 104 38 143 90 226 256 284 95 28 177 155 261 151 96 248 33 36 11 202 56 249 71 195 292 277 173 9 4 226 223 9 58 109 236 212 24 214 60 95 113 81 215 64 272 159 31 173 61 249 280 42 191 10 220 170 230 19 207 187 
185 96 17 120 19 85 177 118 258 46 160 133 196 258 34 239 277 118 77 227 232 141 232 280 110 111 245 20 228 74 282 259 241 193 25 155 71 71 66 282 264 34 81 117 20 221 40 162 101 154 269 217 219 284 100 283 177 220 255 197 48 122 183 271 266 251 191 74 154 245 95 82 262 74 22 208 125 36 90 141 110 184 24 295 25 294 103 44 168 296 106 103 244 115 50 126 274 230 100 85 
268 221 47 192 156 217 56 9 155 4 75 274 58 76 61 290 285 18 190 149 280 117 221 48 110 4 214 256 123 276 108 209 253 216 62 216 163 100 31 40 114 165 100 127 212 17 209 208 237 274 229 216 51 213 37 56 101 15 96 257 55 252 182 73 241 281 174 216 249 48 34 293 243 27 168 159 223 216 3 172 48 184 279 157 43 33 61 261 105 274 207 118 197 41 258 85 69 278 237 50 
0 35 93 13 212 133 101 255 57 166 284 275 218 141 292 42 294 81 74 109 41 10 283 123 21 148 118 234 299 161 163 74 278 193 177 15 258 33 147 130 261 181 72 195 78 237 277 241 230 281 68 191 231 223 186 114 183 265 216 183 1 295 57 66 65 104 262 95 50 145 80 260 167 161 154 251 262 3 298 82 185 140 2 108 194 180 266 1 287 199 144 240 101 48 146 104 124 238 99 230 
90 154 25 82 87 28 31 208 166 9 79 155 85 155 116 74 246 90 195 151 288 284 171 294 33 152 48 260 167 217 145 71 44 151 140 62 249 20 138 77 252 57 230 178 29 11 87 216 272 162 274 29 225 134 272 276 23 15 4 232 53 251 32 282 178 134 133 27 197 99 224 10 281 88 126 298 5 106 35 235 118 138 259 89 211 54 64 162 33 176 180 114 228 232 231 140 58 261 272 298 
223 175 72 175 181 246 25 224 13 164 115 113 33 102 193 186 183 164 71 177 190 85 168 293 15 114 22 96 15 202 115 93 71 249 279 49 144 142 147 191 269 95 164 9 65 72 217 233 157 208 88 84 286 252 79 90 58 128 290 18 277 59 45 123 165 40 44 119 231 262 101 63 5 125 121 195 91 102 90 240 65 250 288 263 212 30 286 279 45 197 99 214 40 4 168 292 110 286 8 221 
96 256 287 232 237 203 99 252 57 18 65 210 288 169 182 103 58 174 17 271 248 294 280 41 264 115 281 105 296 281 123 100 96 49 28 255 29 297 122 75 273 214 81 7 56 2 123 2 147 174 191 95 24 83 10 30 209 70 71 221 93 202 8 279 156 233 205 243 257 27 249 0 13 118 175 92 115 37 239 11 99 292 216 285 7 176 204 226 67 219 250 164 255 81 96 290 27 36 158 209 
185 1 85 148 223 100 234 252 291 282 93 83 139 57 62 196 218 72 219 184 62 212 20 123 284 202 22 50 64 89 114 255 290 246 5 178 105 63 39 271 30 233 129 288 113 169 118 148 226 96 19 172 218 274 107 241 98 104 99 214 17 98 125 251 130 144 162 162 1 46 298 26 55 237 228 205 10 100 167 22 45 185 175 134 291 192 95 194 231 45 279 186 73 297 204 157 15 225 279 121 
50 294 2 288 9 228 46 194 14 289 178 157 45 101 163 263 2 232 157 119 66 135 152 111 248 63 51 159 167 46 21 214 288 219 40 93 150 60 146 156 274 278 250 193 4 120 204 58 69 124 125 147 199 71 289 215 290 271 89 279 128 42 95 17 251 37 19 1 49 6 65 6 204 81 69 27 288 280 158 167 182 201 186 202 146 237 160 37 115 107 35 193 117 179 114 214 175 235 176 37 
94 261 179 4 154 179 279 150 43 63 124 247 87 167 120 108 267 136 282 190 203 117 28 143 173 263 298 238 28 267 135 152 289 171 107 87 134 260 81 286 299 11 143 201 206 66 133 178 210 126 142 0 98 291 197 195 282 231 42 28 42 127 243 159 22 270 241 70 26 243 135 116 199 14 31 277 117 38 114 91 235 49 137 6 248 219 165 148 247 67 47 5 17 208 72 165 125 243 82 113 
205 90 188 50 235 52 7 32 6 98 218 84 150 2 234 56 261 25 241 59 252 143 188 167 249 177 219 206 118 298 134 121 82 59 181 295 51 291 203 5 252 195 119 292 115 33 246 111 281 11 161 115 29 250 50 56 71 236 40 178 202 159 212 245 99 219 245 216 203 14 188 44 67 17 13 207 70 45 157 78 117 272 84 228 194 202 288 128 209 187 10 110 287 6 5 177 99 202 133 243 
167 228 274 41 262 220 261 53 172 196 258 6 275 179 295 142 79 61 135 214 292 108 198 53 242 38 40 293 286 212 293 131 263 122 276 69 183 96 107 283 27 224 113 257 29 5 97 294 64 212 126 258 281 141 264 123 112 272 254 74 268 192 124 232 263 76 155 11 173 108 22 240 21 26 31 205 17 226 91 283 145 295 110 248 234 267 155 297 59 116 222 119 149 183 254 159 88 286 42 28 
173 121 235 232 192 118 124 234 177 254 196 102 167 297 39 284 177 137 79 110 261 226 129 133 65 169 32 119 172 203 78 23 125 271 197 128 226 68 279 238 11 4 61 105 188 132 104 279 233 237 233 198 112 214 167 67 20 298 102 181 36 64 275 284 34 230 85 91 89 296 25 295 257 293 85 210 253 194 274 189 257 25 241 254 154 243 99 53 51 158 59 175 45 126 256 203 140 106 198 281 
267 109 30 156 114 14 165 29 187 68 224 80 207 26 178 101 78 266 298 131 20 237 292 27 149 267 213 89 115 142 129 282 191 36 137 218 150 253 117 96 96 258 35 134 2 272 149 255 24 119 243 222 164 162 17 257 14 47 251 293 128 24 58 43 177 257 294 156 229 174 16 85 238 20 163 206 194 127 13 261 115 94 255 57 248 230 101 179 118 152 46 243 281 198 288 40 253 140 294 290 
