72 111 284 271 179 164 63 278 126 253 45 154 234 109 26 29 193 61 283 189 35 271 73 210 280 124 271 119 296 148 188 228 43 116 65 83 146 297 26 128 269 274 154 233 287 29 240 229 263 218 119 100 236 169 125 84 87 119 268 199 239 190 237 201 169 244 129 47 37 105 189 28 9 188 237 3 1 132 237 205 3 271 218 140 232 2 162 0 242 26 74 77 179 19 280 90 138 199 26 45 
169 97 157 58 235 218 109 136 114 140 268 125 231 290 157 201 101 3 207 211 287 90 18 227 226 69 274 255 299 120 26 20 240 65 74 275 201 30 147 4 37 98 158 38 198 184 4 8 297 260 293 44 257 23 184 216 171 61 114 133 102 285 293 240 100 257 91 14 260 50 47 272 38 2 243 103 184 132 182 44 130 213 92 43 288 109 151 5 50 35 5 103 28 272 148 138 112 136 69 19 
33 215 132 32 97 4 62 20 173 180 176 121 186 85 251 224 16 99 184 217 155 51 90 126 126 30 166 272 23 292 175 219 2 229 46 102 42 140 295 241 209 246 289 212 3 93 90 252 9 182 275 204 54 256 222 136 107 11 284 165 127 295 82 13 153 0 227 236 285 233 200 91 108 252 186 120 0 134 138 202 199 219 239 79 267 84 57 19 218 38 194 298 71 270 205 17 201 104 168 141 
186 60 102 41 278 252 254 41 281 26 195 127 18 204 180 16 262 253 198 234 237 5 243 49 279 265 233 156 261 120 256 121 57 17 108 240 299 42 38 168 62 141 204 258 199 201 0 285 91 4 181 86 39 170 72 289 27 144 230 1 47 201 29 13 222 220 192 182 180 184 106 183 111 273 214 271 4 180 212 18 186 28 56 190 267 166 112 87 7 158 63 232 38 131 187 44 21 205 106 241 
27 145 17 205 8 164 185 254 94 11 298 170 64 207 176 142 31 61 184 102 91 280 44 210 146 34 287 235 211 127 143 165 117 128 288 139 53 15 43 272 234 236 26 165 55 3 240 115 134 127 232 226 135 66 59 73 83 170 77 204 98 164 167 84 255 38 126 191 26 142 163 104 246 233 256 215 204 170 278 91 252 103 227 75 211 196 297 172 57 266 192 197 135 74 117 136 247 119 160 260 
155 117 23 202 28 215 267 65 8 46 70 169 121 234 293 230 239 198 61 132 144 255 261 290 295 6 242 9 263 15 281 38 284 296 176 203 66 65 35 218 146 287 33 186 245 68 216 298 56 260 253 295 84 41 171 49 261 264 293 129 174 9 234 114 10 58 281 250 22 173 57 42 41 275 291 164 29 121 201 47 12 181 189 8 153 128 263 172 0 299 167 206 47 86 254 171 207 265 239 299 
215 25 121 198 207 173 75 30 203 213 215 142 241 54 190 203 87 24 4 151 66 156 231 292 52 67 102 53 33 35 25 118 69 118 206 72 199 164 57 260 72 0 179 274 25 223 52 153 159 40 51 4 54 160 30 249 20 178 30 201 262 36 88 120 103 280 281 251 156 85 19 107 269 9 240 63 298 16 274 141 139 258 188 213 116 25 112 287 19 211 277 246 184 126 283 297 39 11 205 112 
204 296 47 202 256 169 268 258 106 116 69 31 229 196 50 189 211 251 200 193 13 0 144 252 270 16 107 15 160 146 31 29 246 4 265 21 199 80 55 34 79 261 184 32 195 207 133 201 257 160 95 100 66 111 118 144 75 65 264 256 250 159 30 137 170 75 246 285 128 78 22 63 228 205 12 163 275 83 227 280 45 222 232 114 138 281 48 5 69 258 265 11 261 24 271 65 12 123 61 25 
205 267 209 210 181 257 84 120 231 283 105 222 156 235 292 226 261 219 70 147 103 163 95 116 42 154 74 172 256 153 64 185 156 122 83 170 81 281 205 80 297 273 38 215 212 109 194 233 159 298 211 114 13 268 45 20 3 129 286 174 239 121 108 254 43 224 233 31 222 257 187 30 204 183 116 76 258 9 31 281 161 201 91 75 247 16 184 250 29 168 244 55 207 3 59 63 25 185 6 109 
143 20 285 234 112 118 187 148 50 22 106 25 257 110 219 193 105 169 83 43 297 261 75 288 93 27 21 60 226 257 75 185 268 259 191 237 185 18 60 171 229 54 92 297 104 279 95 29 167 141 291 245 17 230 32 112 113 208 105 97 270 296 200 62 270 182 43 158 183 190 63 114 149 163 173 78 59 262 242 202 165 133 163 154 234 104 122 291 196 283 64 179 277 157 100 45 103 149 10 133 
34 84 251 172 215 294 104 123 44 120 41 128 143 65 61 174 225 47 246 86 20 172 26 81 139 270 151 92 104 76 15 2 94 278 69 101 148 179 114 100 113 280 31 215 198 12 186 219 197 58 128 116 247 19 222 264 40 297 254 65 157 63 176 126 55 193 52 22 182 238 42 90 21 176 73 104 272 236 16 155 89 43 79 165 88 84 128 127 100 39 201 148 35 161 157 268 241 217 193 146 
103 38 133 216 183 274 55 194 158 115 3 285 243 272 207 178 266 46 294 218 239 32 71 219 284 47 231 276 40 42 75 217 278 41 39 114 53 115 152 145 165 250 170 262 130 226 174 94 291 43 5 161 206 183 273 224 6 181 10 139 209 95 239 4 255 221 183 296 82 139 132 214 215 61 182 13 86 81 129 177 254 93 59 293 51 101 167 131 247 7 177 92 130 41 217 170 97 111 1 91 
182 158 189 284 82 188 147 14 15 189 119 59 27 237 128 161 256 35 40 270 173 92 61 48 160 117 264 175 222 95 166 166 105 52 200 235 189 90 276 118 85 233 10 229 230 2 288 25 267 163 236 235 131 58 293 165 48 256 257 7 157 140 294 238 195 272 76 40 139 80 257 151 264 239 26 38 35 70 90 122 234 173 24 50 180 75 14 213 145 69 235 183 82 72 104 66 200 139 11 34 
218 191 183 260 252 297 216 267 262 171 226 267 131 55 296 225 66 268 7 71 234 131 91 110 121 33 61 54 296 9 25 113 229 173 126 262 13 36 152 123 11 126 197 20 240 231 267 42 116 85 261 168 229 157 208 229 55 120 132 50 63 278 31 237 56 166 125 255 47 188 197 106 234 143 275 254 136 267 178 4 206 290 36 171 45 28 263 239 138 149 130 151 42 6 65 23 99 196 297 282 
150 52 239 84 231 178 207 83 27 257 24 80 224 166 71 296 94 32 55 68 79 187 271 128 107 228 82 254 6 141 165 63 151 238 88 114 50 246 50 238 288 38 62 28 246 54 242 204 287 293 205 172 102 160 14 97 235 46 202 239 9 230 162 99 276 16 245 83 256 277 195 56 293 113 235 275 128 178 135 198 270 103 229 36 212 174 191 55 163 234 99 113 188 151 292 33 255 199 5 271 
127 25 115 123 181 292 81 270 106 182 239 162 86 89 230 39 163 58 7 273 297 233 234 76 8 240 266 153 78 167 214 259 129 127 218 166 124 217 157 227 237 30 157 24 275 253 69 121 93 28 78 71 43 122 66 188 75 253 105 260 71 103 248 46 68 175 155 162 259 201 181 53 219 6 259 289 114 129 165 151 52 184 156 178 36 51 5 138 54 169 68 265 125 29 236 36 242 81 282 225 
288 64 61 48 105 181 93 208 41 222 95 292 10 182 135 233 111 70 219 141 86 86 56 124 95 167 34 154 290 240 200 122 112 90 196 113 232 144 280 210 161 39 158 36 150 161 154 124 70 68 5 41 129 118 276 206 103 278 221 223 39 73 213 26 99 2 7 171 46 239 16 233 214 262 111 4 204 50 151 248 180 137 79 47 157 169 45 21 136 258 98 227 95 16 168 23 50 262 5 142 
113 298 100 99 69 1 270 74 187 97 278 280 73 205 216 90 260 165 118 96 282 207 192 79 49 225 18 212 95 264 131 175 148 200 45 136 128 45 106 125 129 134 260 240 13 36 181 166 176 145 224 232 157 61 120 81 269 180 158 69 32 209 109 45 178 283 134 250 93 78 116 26 177 81 293 192 132 129 229 200 60 140 235 75 281 123 126 208 179 240 121 247 191 297 126 56 285 137 156 163 
198 192 251 111 259 13 116 13 90 57 209 275 147 231 262 184 102 138 5 85 47 227 251 145 134 235 155 277 28 3 110 239 141 246 56 271 219 55 242 58 151 60 256 239 291 122 222 196 136 218 113 170 57 239 163 39 187 265 263 130 83 277 101 284 289 6 166 231 118 187 290 60 175 214 99 100 259 69 242 225 31 243 99 150 145 1 82 85 180 297 207 210 210 175 77 288 237 270 238 105 
94 41 121 161 287 199 190 27 267 211 187 297 68 132 131 173 28 89 35 116 204 216 166 162 17 296 21 282 283 175 255 171 108 5 135 19 13 198 204 251 79 246 132 84 257 175 104 180 236 198 263 212 83 70 145 0 92 265 129 43 154 29 190 5 64 282 207 234 211 164 242 33 247 52 258 200 44 126 203 174 250 278 277 291 273 15 107 263 243 54 171 58 278 71 275 37 55 34 154 248 
35 254 227 156 231 266 84 107 239 82 203 156 67 63 130 291 198 274 237 219 290 91 84 27 215 283 293 233 47 35 263 55 243 225 140 172 212 208 175 277 52 139 237 148 33 74 113 123 78 8 11 33 37 292 255 294 157 247 193 49 62 86 298 155 53 208 152 189 216 253 299 92 289 133 97 76 210 155 63 111 69 150 296 192 105 157 38 184 28 148 142 135 170 238 33 258 55 234 192 148 
188 227 67 114 60 131 162 120 272 265 220 256 155 130 217 117 292 105 297 60 153 74 133 241 21 197 242 26 199 238 215 12 289 244 96 251 236 10 269 58 113 154 163 273 189 252 221 122 151 277 269 71 150 17 118 207 50 285 45 158 103 225 263 177 225 5 109 85 288 110 49 296 276 188 285 87 53 126 281 181 147 233 2 271 244 172 199 3 36 247 235 171 218 171 169 0 154 62 207 146 
90 279 119 101 49 88 113 264 32 190 192 98 263 153 111 230 188 137 279 159 249 147 112 88 292 52 59 264 282 223 62 241 241 201 58 102 271 262 84 122 7 93 175 271 194 236 157 228 200 146 12 270 232 69 183 45 173 184 249 113 231 111 185 291 145 160 131 22 200 102 109 153 24 151 42 226 222 104 7 287 98 204 243 189 249 117 160 127 109 282 210 24 40 176 32 191 2 111 97 45 
3 55 273 59 233 148 192 218 242 159 2 13 0 83 275 131 112 278 37 256 244 103 207 196 225 148 64 249 112 215 5 51 268 223 204 258 76 208 18 296 297 62 257 254 88 262 137 172 149 233 71 6 126 235 28 225 57 12 149 285 276 100 27 149 164 124 97 242 67 222 3 271 213 25 93 264 176 254 144 220 100 174 69 261 196 106 48 71 22 275 230 232 188 130 158 6 273 63 60 49 
13 151 251 279 69 280 174 217 114 76 273 72 262 53 5 12 132 112 3 87 83 295 288 65 81 41 287 255 196 267 75 297 258 228 64 125 285 178 135 28 13 246 24 159 137 6 163 299 207 20 286 20 92 250 282 36 15 4 289 186 281 250 195 145 209 286 92 99 37 224 220 190 17 288 16 201 250 52 4 38 30 131 281 11 145 137 141 182 287 28 69 289 261 74 51 202 208 164 115 28 
82 110 83 174 206 164 65 51 142 205 60 126 207 21 27 167 91 176 73 10 187 121 50 176 14 261 109 83 258 37 202 193 54 80 145 28 188 133 276 88 31 155 134 234 44 30 289 116 224 103 253 176 213 167 17 257 102 81 81 252 67 12 81 44 242 98 9 116 271 194 277 185 123 119 243 282 143 238 222 286 21 110 170 249 251 214 274 138 3 26 16 181 4 74 299 252 182 148 45 43 
31 252 51 44 168 33 138 167 10 193 239 134 211 40 15 236 195 117 88 251 179 174 106 123 3 3 233 53 227 1 169 192 208 75 143 295 136 16 16 60 12 246 208 175 236 291 56 297 200 34 11 190 36 156 250 141 101 55 146 112 275 146 266 92 7 274 21 197 142 277 12 149 84 54 256 253 221 77 203 65 154 255 256 245 100 155 84 44 66 185 195 188 76 27 268 49 66 127 272 3 
53 77 67 230 60 173 36 141 207 271 70 87 45 145 27 99 46 144 58 50 163 187 291 65 96 8 74 117 254 148 12 260 283 30 33 280 171 299 19 206 217 60 45 151 192 35 15 265 230 279 189 125 290 55 239 260 149 36 261 24 8 254 214 12 163 268 165 18 217 263 173 144 122 58 225 129 213 231 273 214 188 135 208 45 13 58 199 16 30 285 280 44 62 33 106 128 73 113 196 109 
126 131 88 112 176 255 182 266 28 203 241 82 108 114 13 228 194 96 290 169 118 73 288 131 218 177 75 174 173 103 97 196 62 209 142 261 150 104 259 221 51 160 150 234 26 294 248 8 95 108 252 119 275 77 216 49 7 178 266 112 75 268 81 199 153 2 7 71 128 141 208 231 199 214 56 224 262 80 162 96 43 104 87 27 44 161 169 40 260 167 210 130 71 218 299 286 260 254 176 150 
178 186 23 42 284 81 141 206 248 28 211 145 233 294 148 49 249 5 95 190 275 277 136 43 206 186 80 234 41 113 269 203 283 146 234 117 122 145 38 164 136 114 26 190 255 127 18 199 266 276 45 298 183 244 124 263 98 123 191 230 89 294 29 25 278 87 249 289 26 161 177 269 23 34 80 175 204 87 135 259 151 299 147 209 244 76 281 230 292 139 141 110 61 150 252 9 208 255 249 112 
270 254 278 225 123 35 48 89 100 29 259 100 176 46 171 110 286 13 35 145 9 88 278 219 147 137 168 242 270 183 189 109 236 16 213 32 134 222 119 99 199 179 43 190 229 13 122 165 169 170 111 203 19 119 57 44 69 15 218 140 276 227 266 220 194 115 17 83 34 215 285 185 25 227 299 258 183 212 251 254 85 160 117 296 276 128 211 57 13 212 45 179 90 26 180 62 258 115 246 233 
117 22 245 3 62 206 190 163 220 47 48 234 190 72 124 41 182 167 75 135 201 159 243 164 53 210 210 29 230 219 81 62 193 271 75 290 198 284 109 90 209 101 241 236 276 291 57 153 55 7 194 169 284 94 264 262 159 157 5 264 220 237 26 251 224 109 24 25 286 29 271 217 3 51 271 41 31 212 100 172 262 206 287 95 13 19 53 133 118 168 24 280 299 111 244 70 181 274 280 264 
140 181 49 190 132 289 214 3 144 194 260 3 118 274 15 194 6 211 278 102 16 263 232 75 203 86 288 222 155 116 138 48 277 251 2 277 214 95 57 60 133 268 233 9 57 44 42 25 78 114 162 216 63 114 1 124 68 145 133 132 88 276 171 220 114 216 255 208 176 200 125 192 220 3 44 182 290 296 43 24 77 207 254 123 13 148 46 212 198 42 248 126 299 49 155 276 297 228 115 245 
133 294 285 53 219 3 237 278 249 69 99 71 183 44 93 164 4 79 151 234 125 31 256 155 192 281 173 17 240 71 120 207 147 247 278 149 184 108 183 78 142 21 297 63 76 75 244 237 155 237 245 34 217 273 206 32 287 6 153 62 53 101 191 211 29 184 219 60 129 129 75 93 133 226 202 35 232 261 194 77 134 143 32 264 138 28 38 96 52 109 60 67 250 209 214 68 271 85 97 144 
104 112 64 28 30 181 149 204 232 126 252 37 261 100 219 189 20 96 47 219 140 130 2 141 106 124 61 282 217 182 208 207 188 275 291 181 225 2 115 228 82 201 290 7 200 134 255 152 28 145 54 297 81 229 190 231 197 78 164 221 123 126 187 28 261 171 24 250 127 193 84 17 259 120 263 266 35 191 99 241 288 278 70 223 292 218 149 165 231 139 273 246 297 122 278 168 235 88 18 23 
190 173 115 219 236 85 224 191 230 268 280 153 129 204 96 116 70 228 38 184 179 211 239 248 227 162 203 166 54 53 185 251 187 119 140 228 87 1 280 284 265 217 270 35 180 68 91 92 261 112 26 38 251 101 60 76 285 190 247 138 294 28 31 46 175 227 264 86 250 112 160 12 204 142 148 39 131 283 72 60 62 274 192 289 251 55 64 145 91 170 149 177 63 147 217 16 152 45 135 177 
195 130 219 100 55 167 235 266 240 0 179 59 250 142 217 245 13 83 269 295 82 86 279 157 205 43 130 262 76 41 240 163 28 202 38 238 83 135 54 163 166 137 75 221 152 24 129 225 142 6 280 226 8 241 49 260 56 124 175 114 78 103 108 218 116 82 153 41 126 144 241 150 64 156 216 7 143 151 155 89 6 175 64 139 2 60 216 150 224 62 191 267 41 70 107 297 258 256 255 253 
146 144 106 296 56 279 80 72 149 176 204 149 273 180 142 257 17 51 208 134 14 4 164 2 135 239 12 129 192 285 64 183 113 204 95 248 129 103 136 168 77 235 55 190 8 15 61 132 248 114 60 128 260 264 178 237 171 122 139 221 13 261 53 62 121 15 64 162 3 96 111 71 147 20 193 175 9 210 223 49 110 128 48 64 167 292 170 15 13 287 281 129 189 83 190 186 273 219 178 6 
262 125 123 58 167 7 181 248 210 295 24 15 233 131 90 15 36 277 104 205 109 122 102 150 280 185 294 180 288 246 105 229 226 31 144 128 257 92 220 230 137 74 213 34 96 13 108 68 34 174 299 6 87 30 105 226 286 69 282 194 240 177 92 54 175 255 175 278 85 26 286 284 20 185 202 106 158 247 102 219 292 213 232 46 255 40 271 47 131 112 222 243 144 16 287 154 161 143 204 199 
203 210 226 290 22 238 86 92 197 165 109 112 144 156 238 145 209 132 151 245 180 22 277 32 136 19 220 208 297 243 178 43 247 136 265 201 66 11 58 215 272 47 77 200 85 137 274 256 157 238 42 63 255 78 163 235 132 257 188 8 29 273 33 190 97 12 34 284 14 150 297 56 291 260 125 283 246 258 92 54 156 78 276 125 117 166 225 279 32 196 66 58 270 55 199 185 122 133 169 183 
289 76 276 62 10 129 13 135 289 91 195 248 244 155 128 295 23 4 195 25 48 82 100 211 165 247 257 263 100 217 252 22 283 108 55 105 2 226 42 178 273 82 79 136 146 163 246 154 27 213 64 159 280 116 246 90 156 275 286 288 96 230 265 134 116 172 253 53 221 79 56 179 194 141 170 216 199 180 156 225 55 89 45 263 172 286 33 167 121 71 184 121 187 161 104 266 144 26 46 3 
36 136 235 183 108 86 141 244 121 239 151 108 225 224 145 49 53 299 129 263 34 169 207 285 103 86 234 7 155 3 235 278 203 33 70 44 240 99 299 106 218 255 170 252 91 185 157 288 165 117 145 201 69 240 204 292 286 264 131 160 133 135 12 230 87 53 125 264 80 105 198 248 205 2 58 44 272 142 37 44 69 18 166 257 197 255 79 223 95 213 110 237 299 126 56 108 206 105 169 187 
217 259 158 45 149 170 234 156 151 165 260 13 6 71 215 247 26 159 295 249 5 231 292 230 167 183 176 251 262 49 250 72 139 159 52 2 200 136 56 200 114 27 227 84 266 296 25 236 123 264 37 238 274 39 40 176 254 216 32 299 265 65 83 19 267 135 79 182 257 32 92 269 276 275 129 276 91 297 168 196 162 254 180 151 241 113 91 222 45 35 211 81 117 52 264 240 219 220 293 277 
232 174 48 34 117 123 214 265 0 269 23 113 242 248 61 10 226 77 56 260 50 93 157 224 29 164 227 296 113 254 7 276 89 134 205 208 185 21 24 159 32 90 178 117 31 68 204 70 1 146 88 63 119 106 107 248 128 271 10 186 231 77 123 25 172 131 285 86 92 191 121 295 105 294 262 283 61 172 288 140 18 286 211 210 62 197 217 38 296 102 29 294 127 265 205 39 209 78 152 4 
150 155 225 201 90 198 75 199 201 257 21 98 113 151 224 29 257 192 70 169 288 33 273 176 12 165 201 251 76 139 142 178 104 106 181 135 171 241 92 194 213 86 232 211 202 46 167 93 47 185 139 13 116 64 137 5 33 94 85 199 165 294 162 37 260 43 257 151 80 149 266 79 126 297 277 143 186 62 89 184 76 109 23 70 104 146 227 297 72 272 192 42 117 147 32 252 263 64 80 228 
133 100 216 243 137 93 263 155 247 149 142 297 216 264 7 5 124 184 184 274 40 155 144 236 154 86 45 107 254 139 98 43 262 91 211 80 8 81 27 298 282 69 158 69 275 254 7 37 100 103 126 78 181 3 222 34 117 286 65 63 103 241 121 166 179 42 119 272 164 38 128 21 104 44 235 222 93 254 254 287 268 212 13 124 171 211 161 279 159 44 31 295 84 178 10 63 181 289 87 207 
66 148 215 34 243 108 20 47 74 209 176 65 85 246 277 273 18 44 257 147 182 40 124 219 267 30 56 94 246 56 299 215 105 158 196 175 209 221 227 189 122 132 90 114 149 52 224 263 198 238 32 39 8 210 163 100 90 12 69 14 67 154 253 278 104 158 34 111 296 229 216 162 105 4 272 35 281 69 101 181 116 233 124 186 136 73 45 177 288 109 53 271 289 81 78 283 153 2 118 135 
146 295 53 32 127 16 17 126 82 186 130 152 146 137 69 244 149 206 137 270 60 210 1 177 66 19 285 67 275 51 291 70 118 70 39 275 121 123 150 78 266 147 204 186 57 126 224 2 149 102 284 176 276 105 165 173 176 105 188 273 22 269 290 132 52 59 93 74 185 116 283 43 267 248 194 198 222 115 169 7 83 75 66 170 199 90 252 258 273 194 243 61 14 88 110 234 236 118 96 129 
152 60 219 6 264 273 240 188 7 157 111 135 47 25 242 272 229 95 95 60 163 232 247 232 3 43 200 283 109 259 79 80 255 87 50 273 120 257 96 161 82 72 178 190 53 106 176 14 130 154 249 171 233 45 4 264 141 208 67 279 25 9 144 184 20 165 265 251 149 189 284 272 245 116 24 137 233 24 74 173 162 73 195 8 118 150 157 120 176 257 12 218 88 21 63 71 45 2 236 237 
142 213 68 149 166 284 158 3 227 41 281 136 221 22 68 87 108 251 226 33 24 3 23 161 248 164 121 20 57 137 30 161 11 289 221 37 7 206 183 45 163 67 216 236 236 213 265 46 66 168 69 53 1 62 211 191 6 91 10 184 115 115 4 42 48 1 22 154 266 216 189 77 249 103 241 83 97 28 38 123 44 176 119 271 251 149 117 157 46 149 289 97 13 120 105 265 161 248 193 235 
106 215 92 146 77 32 88 167 97 114 262 181 174 137 251 291 23 90 264 65 0 265 67 70 174 36 202 9 106 287 191 53 155 211 233 57 288 264 234 120 29 258 2 81 136 133 111 198 259 239 141 221 181 154 287 160 290 183 26 46 155 227 86 98 241 279 108 244 100 189 127 188 111 249 217 141 262 65 187 51 137 257 287 257 119 85 102 166 181 252 62 244 196 57 186 137 224 101 4 70 
287 284 190 229 269 147 220 11 65 153 76 254 199 144 71 31 28 46 172 68 271 5 154 100 101 64 275 79 228 255 266 259 267 117 52 143 89 79 250 235 171 172 146 260 287 131 281 165 34 181 264 122 212 236 133 237 287 47 239 215 177 162 297 196 278 136 152 8 25 147 4 83 157 16 8 260 40 192 232 211 115 82 18 165 124 282 92 7 224 57 113 77 163 278 22 160 170 248 67 18 
96 149 66 190 184 263 211 230 233 229 128 275 230 164 51 144 92 79 178 191 161 3 31 277 175 227 224 195 177 111 116 40 218 226 147 49 26 150 82 287 136 255 66 299 118 129 251 216 66 298 64 132 99 113 206 108 299 136 12 69 282 135 192 55 242 218 247 82 73 229 118 193 288 50 130 150 105 295 213 115 263 152 213 98 253 131 257 269 288 38 50 147 181 249 195 222 218 237 259 7 
299 172 126 223 157 62 131 89 198 239 210 59 32 218 178 122 18 25 276 140 131 34 225 189 290 5 264 77 293 231 131 171 26 106 251 294 279 110 170 207 49 252 250 240 19 46 3 163 208 178 65 46 242 194 17 181 137 106 16 168 47 283 2 79 57 277 249 72 254 152 171 88 30 116 251 60 6 20 155 41 254 67 30 258 75 290 232 273 134 10 70 256 128 14 69 1 280 183 211 96 
150 278 181 212 61 297 76 169 36 266 95 241 63 48 219 220 245 204 159 76 9 159 223 212 113 148 120 132 294 177 210 23 231 117 208 20 142 248 219 195 20 239 102 70 265 101 21 61 131 46 253 126 238 282 278 185 44 45 66 297 121 98 217 179 29 101 114 215 93 41 257 108 204 102 253 4 67 158 99 48 183 133 120 192 245 263 212 270 66 101 39 151 24 272 185 78 241 265 152 162 
279 136 169 90 127 20 243 39 161 102 23 165 280 85 160 133 106 170 76 103 287 15 36 138 87 141 169 40 161 47 268 216 214 113 244 172 233 293 261 140 119 206 102 72 34 26 162 242 210 158 28 236 248 293 205 2 106 138 234 263 19 121 162 101 231 35 109 159 194 60 250 130 166 163 222 74 221 148 174 233 95 104 201 298 187 5 285 180 298 183 152 257 141 32 162 29 143 55 1 34 
82 263 115 158 4 214 43 218 53 178 299 120 283 136 33 28 78 228 209 39 289 244 234 146 153 128 147 113 44 113 95 193 137 244 280 38 86 26 161 269 70 186 166 279 144 102 72 178 291 73 265 104 292 145 200 260 145 157 93 256 180 265 44 176 195 84 64 144 84 114 250 130 80 170 126 140 264 170 205 45 196 290 263 129 299 165 244 281 243 42 197 290 177 191 204 4 124 67 140 80 
215 17 25 185 223 171 56 5 9 296 193 167 296 29 210 32 123 34 99 97 2 104 247 43 277 286 106 204 28 13 7 72 213 224 240 30 71 296 23 198 165 19 172 67 23 147 96 25 118 2 140 142 277 239 222 104 7 203 191 52 140 178 286 250 60 179 256 138 197 191 16 69 163 100 217 138 12 68 174 110 26 70 49 162 22 275 91 293 39 146 170 69 26 189 56 98 154 178 40 28 
3 70 119 236 19 187 112 58 197 252 83 193 6 297 282 148 292 244 13 16 60 39 64 150 51 207 90 198 145 5 4 96 59 150 35 138 129 248 114 214 173 299 24 66 25 193 268 69 35 218 273 219 112 58 268 208 148 268 180 192 60 295 66 251 131 19 192 84 205 135 255 71 72 108 252 19 173 184 179 72 139 200 78 233 14 167 15 225 143 204 77 220 278 137 148 144 21 69 148 269 
11 155 138 36 290 84 180 138 221 23 58 281 284 99 261 123 170 281 249 271 34 22 189 212 61 207 114 139 295 92 209 121 223 201 44 233 56 99 79 270 253 110 257 100 155 163 278 111 96 105 217 253 148 32 218 30 152 1 205 113 151 151 111 128 233 185 192 26 128 65 278 124 268 33 170 178 298 204 240 52 29 195 211 96 13 76 285 129 175 167 232 285 152 147 111 175 17 175 75 228 
167 262 261 167 20 135 26 6 26 141 220 159 215 159 261 231 184 271 205 294 106 240 17 155 62 184 260 5 67 123 229 58 97 137 71 31 173 278 204 88 251 264 209 74 123 60 72 2 91 201 48 99 1 241 217 31 277 66 231 258 288 0 161 20 79 80 40 108 173 176 214 141 254 95 228 168 66 80 155 134 53 254 10 223 200 47 2 170 188 5 52 235 102 100 219 23 31 177 26 187 
285 30 12 292 109 263 284 5 106 21 164 57 162 121 276 95 223 15 48 203 257 212 146 199 283 133 161 58 111 189 143 215 89 128 95 113 226 32 278 278 89 172 23 122 270 96 22 249 175 296 3 243 144 136 190 206 113 64 48 93 273 243 263 69 77 177 163 53 47 234 234 10 277 241 101 50 1 209 183 272 74 157 189 77 3 29 187 9 130 244 187 141 3 141 15 219 30 139 195 275 
46 8 231 49 48 187 106 75 172 193 116 252 21 249 273 273 227 279 62 255 252 147 287 25 288 49 50 167 38 292 208 251 194 227 173 40 124 196 217 280 101 119 268 70 101 181 89 243 136 46 298 252 113 95 3 49 144 272 81 241 43 37 225 166 31 168 158 154 83 198 226 153 273 61 80 65 80 113 218 44 187 57 4 69 296 133 57 126 22 186 108 27 35 62 279 15 261 276 103 259 
248 214 195 167 5 293 247 109 40 225 211 211 198 278 144 205 197 25 117 114 204 135 22 79 156 271 177 138 51 102 287 15 191 120 94 101 143 96 22 99 112 117 160 124 22 207 73 284 164 87 92 152 5 299 72 209 24 259 64 223 7 297 208 183 0 276 67 215 204 86 49 130 207 172 167 40 212 285 104 62 92 191 62 253 205 229 29 155 213 204 228 99 261 52 226 278 47 93 131 78 
65 115 263 254 155 99 37 230 82 216 72 288 95 24 114 111 116 214 158 255 242 272 296 73 47 156 254 181 116 273 281 241 41 239 56 288 67 90 189 206 250 179 6 205 201 99 113 129 119 242 246 36 147 148 137 34 162 141 0 299 43 102 115 264 207 281 146 274 203 289 241 261 231 288 289 118 216 77 27 291 188 109 138 291 276 39 226 212 138 71 291 0 112 185 270 284 141 39 102 255 
71 164 189 266 105 25 230 26 233 207 198 258 100 143 170 7 265 135 80 150 139 214 183 216 291 149 32 84 186 43 291 60 295 62 106 69 51 143 228 293 28 260 81 169 263 111 65 296 130 82 122 69 294 141 86 240 193 40 85 160 282 293 299 187 51 92 168 230 215 166 72 39 290 91 198 73 286 14 108 234 267 178 117 35 297 161 269 191 284 288 192 84 169 231 138 91 191 111 258 154 
8 53 110 17 189 175 182 264 175 29 106 26 156 41 69 223 110 50 123 117 9 283 290 73 287 60 245 57 23 128 269 24 238 134 145 238 82 273 272 252 0 261 156 171 161 239 125 157 255 156 166 295 65 291 187 290 140 159 280 63 231 42 32 233 149 39 106 110 106 233 48 53 267 125 13 62 194 134 101 238 294 63 102 164 162 41 134 276 232 9 190 19 188 272 124 56 81 205 112 102 
12 59 0 229 46 68 90 285 180 168 95 240 281 158 264 88 94 208 23 282 267 126 19 293 108 153 121 41 243 4 204 77 299 170 186 190 140 141 23 226 229 71 4 258 142 299 140 264 4 126 152 4 145 98 265 47 28 174 246 84 69 144 217 59 89 176 142 287 281 69 171 29 167 25 271 289 64 176 241 11 116 209 290 218 167 180 182 175 229 215 227 126 200 268 276 137 177 167 245 17 
68 40 186 64 100 3 277 215 267 122 236 281 269 198 55 177 199 166 50 297 210 204 34 218 273 61 193 121 47 228 279 23 171 50 78 101 218 92 113 191 171 100 120 155 289 249 231 144 74 118 206 259 218 225 8 156 90 271 175 26 26 122 199 189 253 162 208 136 160 238 173 22 60 116 42 167 11 238 14 263 189 237 277 139 51 245 0 149 185 254 283 185 264 207 269 183 10 114 235 23 
245 199 29 19 154 240 178 292 291 196 203 287 207 123 249 8 252 21 67 216 192 266 72 100 88 54 231 114 138 172 72 216 111 28 27 74 269 149 91 155 197 272 174 215 55 15 295 31 148 297 8 121 245 235 151 262 242 154 294 269 234 45 22 194 277 193 148 123 185 187 205 282 281 171 144 91 131 223 49 203 185 133 61 273 207 156 255 28 119 256 13 149 156 109 247 34 143 282 87 283 
218 70 265 292 111 78 37 4 58 125 235 244 286 13 38 291 109 298 109 180 293 60 214 197 97 112 299 135 293 270 277 113 117 182 43 33 72 108 248 85 63 2 132 7 195 236 60 43 181 97 228 96 221 49 97 233 117 169 20 197 259 19 225 281 56 46 266 46 258 120 50 46 272 38 45 34 132 291 255 70 218 25 53 184 79 197 139 93 173 1 175 244 89 211 177 40 216 251 219 102 
286 129 222 243 240 89 170 268 206 55 22 26 48 158 280 110 288 262 156 190 19 296 158 65 279 79 89 281 74 225 277 66 153 104 81 245 223 78 90 274 235 185 106 214 63 175 296 236 118 257 67 11 181 214 113 275 109 279 22 44 104 200 273 96 137 169 123 263 277 134 17 150 92 232 18 75 155 194 214 222 191 146 73 192 110 183 48 83 208 82 248 78 284 244 299 50 0 264 279 22 
122 85 85 219 261 295 219 299 16 165 201 282 73 213 109 146 93 3 190 95 150 186 242 178 185 124 66 175 17 117 257 188 43 167 83 133 11 261 5 21 202 108 18 234 150 297 120 63 16 141 59 209 164 269 21 252 146 250 147 116 215 75 74 44 26 248 94 141 92 271 111 85 170 153 81 218 257 124 57 182 298 2 64 289 191 32 44 49 9 196 37 112 36 140 150 179 120 236 155 50 
206 185 285 16 238 291 165 136 242 268 249 112 55 162 109 221 153 27 208 232 41 43 189 195 103 98 284 31 78 106 65 196 63 115 245 281 295 253 198 54 168 262 228 15 234 65 249 191 192 62 88 9 214 74 46 298 288 58 177 279 78 39 42 12 165 29 148 192 194 208 205 263 153 122 65 26 85 258 201 79 295 128 61 132 28 207 9 240 147 79 40 51 170 283 130 57 191 78 233 278 
117 228 198 220 256 251 45 162 223 227 104 155 133 239 183 130 119 0 1 273 216 175 26 184 132 90 198 151 132 203 101 170 118 85 80 4 289 107 187 114 125 190 87 157 60 261 81 214 51 243 139 45 115 212 227 125 78 184 238 178 238 228 239 184 144 190 44 59 48 132 56 54 169 272 5 280 111 111 224 69 292 165 295 197 280 11 74 170 150 88 65 115 32 65 265 13 10 57 241 225 
242 191 219 198 100 133 3 117 170 228 119 226 7 65 164 96 27 176 276 87 294 131 152 234 58 82 11 128 30 68 48 203 129 264 121 139 294 168 281 19 37 174 251 61 122 46 235 143 156 35 144 97 185 13 98 133 272 26 178 241 151 212 29 84 182 187 113 84 260 147 234 102 28 223 143 194 2 143 83 160 183 232 35 260 295 266 188 10 82 6 246 81 285 109 107 160 93 251 120 149 
136 204 243 206 239 209 92 294 244 66 213 201 73 66 176 146 268 30 270 288 176 179 98 86 8 86 262 216 167 129 74 31 231 12 183 4 286 214 238 236 70 25 148 218 4 290 204 41 40 244 111 215 94 186 91 239 196 173 299 263 22 85 214 1 150 279 151 159 98 110 224 240 142 0 205 49 6 108 294 108 83 254 271 208 221 130 260 165 93 136 214 241 0 199 121 143 264 253 134 200 
185 23 70 11 18 109 224 268 89 12 99 188 69 138 167 38 159 158 10 274 39 208 222 87 15 107 214 190 8 13 81 181 240 27 38 156 288 207 236 243 183 282 275 163 166 249 75 142 261 109 89 281 174 197 36 264 105 297 90 13 52 213 91 184 76 56 93 99 275 149 261 196 159 45 53 31 110 270 190 50 196 104 284 14 71 75 188 196 153 8 116 32 31 207 61 189 47 224 78 276 
167 228 280 21 212 154 106 36 134 295 137 220 242 255 255 14 0 289 269 136 123 69 1 112 145 88 107 198 263 136 206 132 19 108 261 233 280 281 281 28 172 114 128 40 201 26 108 100 198 21 159 167 98 60 197 159 257 248 236 49 78 179 36 191 249 189 131 145 254 214 231 273 154 93 198 256 20 265 116 0 102 153 231 97 108 249 127 264 169 286 49 37 266 231 30 187 144 38 107 264 
106 33 215 247 146 294 43 114 26 107 130 291 10 274 81 30 232 256 288 188 108 36 33 251 14 22 156 270 20 96 297 222 188 98 38 68 210 153 180 149 1 277 275 24 160 107 96 231 166 20 51 109 7 268 37 242 157 233 296 263 62 272 32 83 236 228 140 270 108 212 253 294 104 115 282 163 82 114 285 195 286 34 297 82 224 91 129 158 249 268 131 102 184 144 268 208 270 224 204 65 
102 177 125 244 179 153 21 217 242 289 15 111 120 278 45 71 20 113 172 8 57 247 255 136 199 192 287 12 90 110 86 71 19 262 221 87 150 3 108 241 71 2 47 94 109 220 288 289 255 13 18 259 97 145 136 292 291 38 22 12 81 230 252 258 183 145 120 139 61 168 160 131 97 255 229 256 143 276 62 23 90 45 108 243 269 260 246 107 269 200 203 215 105 143 203 201 185 147 195 113 
132 69 141 100 48 252 0 269 195 253 6 242 11 91 10 52 185 170 232 127 79 272 182 257 11 167 54 257 183 287 274 248 171 183 282 267 188 139 124 102 290 77 236 88 143 8 179 75 245 144 282 250 30 212 267 206 96 36 291 61 200 191 8 181 298 267 60 100 173 127 154 250 162 58 277 87 111 224 132 191 194 170 293 48 67 253 57 87 38 107 170 125 224 285 73 171 85 104 90 107 
31 263 38 237 201 297 125 207 198 199 272 112 126 187 101 199 29 26 176 287 267 252 196 105 208 234 138 10 17 229 29 281 218 36 175 48 273 41 83 226 159 32 296 243 218 293 149 37 291 173 173 290 157 34 9 138 38 70 227 250 28 161 209 153 158 66 258 30 232 100 96 202 248 125 256 83 263 30 86 233 159 228 184 272 202 35 88 35 99 165 187 240 135 273 97 103 207 44 239 159 
9 128 184 138 80 84 95 261 35 135 139 4 72 272 4 174 209 21 157 157 207 290 59 87 39 193 273 188 86 168 57 204 187 170 170 15 39 282 181 63 60 192 205 81 298 17 154 96 270 13 114 238 115 191 103 127 255 101 59 43 281 264 76 295 232 58 22 156 9 231 108 43 176 77 91 68 277 211 9 132 188 119 92 60 69 278 73 161 246 129 76 113 46 105 253 127 259 40 249 1 
69 110 53 12 5 13 10 22 41 141 38 240 121 31 6 183 51 200 248 12 158 264 195 24 163 91 0 217 260 288 31 194 102 141 159 11 118 150 182 1 294 297 164 71 72 196 170 241 139 245 194 168 254 243 153 78 18 266 120 19 183 257 55 100 85 174 87 7 35 82 234 152 232 237 136 106 193 184 280 120 147 100 272 213 277 94 69 222 225 238 206 72 288 93 118 286 263 34 228 264 
91 298 103 224 91 122 194 15 21 209 233 212 217 191 229 124 189 29 229 217 2 254 177 285 151 122 23 69 148 49 56 7 104 269 264 219 99 84 265 273 70 248 69 187 63 12 6 172 97 212 29 98 28 99 174 220 233 228 47 143 116 246 207 255 173 253 98 276 189 226 6 173 9 93 203 131 56 96 266 258 25 294 6 81 115 225 297 243 36 249 174 283 208 27 175 156 82 196 232 183 
187 286 192 209 186 87 24 103 108 211 298 45 49 248 172 59 242 88 33 142 221 204 163 2 30 194 9 218 227 96 227 209 22 202 60 268 34 131 223 112 123 193 45 53 122 67 42 103 287 248 98 0 193 36 110 130 123 120 215 46 157 171 291 161 23 23 101 30 195 78 41 5 241 217 12 102 150 224 245 29 225 200 230 197 238 242 93 106 228 281 125 71 98 89 299 163 112 193 264 208 
235 98 118 14 266 228 91 37 286 154 176 133 201 177 54 73 194 234 153 150 212 89 95 53 31 44 107 180 151 295 225 37 96 16 37 143 170 239 297 201 66 140 44 252 185 247 225 164 179 16 249 22 14 59 236 49 248 246 140 259 195 187 111 17 8 43 58 181 189 68 75 226 75 185 229 5 154 150 84 267 95 75 139 167 168 177 184 274 126 125 66 288 99 23 78 209 209 113 178 55 
224 231 152 245 47 246 218 121 144 294 234 242 125 185 259 201 77 97 232 204 223 231 161 268 121 28 108 204 161 272 237 241 41 290 153 17 32 299 39 238 195 23 61 203 68 40 86 122 173 144 100 48 213 101 203 145 180 2 98 82 3 261 14 292 41 35 57 226 292 176 262 42 244 84 249 4 174 121 3 72 88 245 27 105 119 190 119 78 296 209 47 191 91 236 62 239 57 295 201 189 
13 125 96 297 25 230 271 284 238 27 200 70 154 234 146 3 112 76 3 100 153 284 101 4 29 141 109 158 251 138 145 49 54 181 224 9 208 281 255 16 40 48 174 17 135 241 112 35 214 253 259 293 203 1 204 256 5 239 190 170 153 64 240 42 126 169 171 32 291 261 152 131 176 55 199 20 127 208 74 216 60 38 33 248 30 2 85 276 287 147 213 138 193 81 63 101 227 29 268 198 
108 29 243 221 122 75 119 67 190 237 167 162 170 267 206 270 14 32 4 55 63 34 95 242 197 128 77 221 132 293 221 13 258 251 59 78 238 253 222 26 252 240 120 114 243 228 8 37 239 107 236 45 265 290 60 135 128 186 175 190 65 273 74 299 37 293 61 283 133 57 299 206 41 199 17 6 265 196 271 243 182 242 253 94 77 223 203 84 174 167 168 24 2 104 16 255 40 56 97 115 
297 38 286 262 14 229 269 5 67 33 35 28 57 263 185 211 264 131 29 101 62 159 197 36 299 243 107 190 133 216 206 79 103 170 224 30 193 281 241 200 298 53 147 170 142 224 281 167 72 260 85 175 250 182 253 165 96 131 46 59 239 180 184 277 108 143 297 87 172 280 224 149 252 225 127 267 279 222 184 58 235 115 56 172 25 92 125 280 113 261 278 162 54 162 89 171 182 202 124 56 
201 218 199 31 110 169 240 55 46 53 228 113 227 216 1 7 43 16 189 243 223 48 150 175 2 44 262 185 211 215 206 137 6 291 269 90 200 192 22 252 249 16 233 119 246 271 221 1 25 287 44 245 240 259 287 255 7 11 274 205 265 30 110 247 37 162 267 199 167 256 80 152 298 85 116 24 34 8 124 224 89 105 83 3 237 181 217 137 94 151 115 77 62 154 217 73 248 68 176 89 
33 107 35 195 164 230 149 141 17 142 25 23 252 238 17 67 163 187 279 298 249 224 105 8 268 177 178 219 22 82 173 88 12 46 210 99 150 164 291 109 2 75 113 222 234 293 255 244 84 273 17 28 29 289 49 271 133 209 118 134 43 110 94 153 122 257 270 26 130 63 231 192 148 125 283 258 252 248 292 270 14 183 253 97 155 80 146 261 88 15 5 72 127 128 130 235 41 84 186 83 
239 47 176 23 193 169 140 278 184 213 281 178 220 117 108 185 109 295 286 106 113 211 278 240 122 222 94 10 287 282 75 191 113 100 63 88 292 130 127 242 80 273 34 226 177 294 53 246 145 175 178 191 240 68 253 119 208 106 261 23 166 101 89 245 252 109 48 42 149 158 97 19 18 280 18 237 151 287 193 254 13 91 260 34 77 244 184 235 65 1 228 105 165 103 155 253 288 3 246 62 
284 51 74 160 180 221 157 92 185 56 279 21 263 21 260 178 20 213 1 159 169 32 15 220 252 177 142 103 90 242 297 190 97 230 157 157 109 290 37 1 239 45 297 205 42 279 30 160 245 72 272 39 32 156 65 29 243 258 225 192 252 126 130 161 9 167 155 215 212 281 127 71 121 254 243 12 29 283 8 214 176 5 210 40 98 240 114 46 74 208 289 263 39 154 165 7 150 22 47 185 
235 127 194 203 223 266 122 121 174 183 297 103 190 12 262 29 108 282 255 158 225 69 21 36 179 268 181 221 201 207 53 127 185 60 192 156 117 54 178 261 20 103 151 147 141 84 257 27 268 52 172 202 96 43 154 80 69 38 179 254 30 21 171 213 34 119 297 54 27 143 226 203 179 237 151 267 102 262 59 260 152 188 204 152 231 76 228 134 267 277 50 223 214 81 35 196 290 46 182 249 
257 174 295 63 259 79 100 106 294 74 207 102 166 35 216 139 162 176 118 90 167 133 111 170 83 27 189 171 157 83 203 286 127 250 80 233 36 163 294 272 19 104 282 5 180 68 195 155 33 33 144 281 160 90 270 233 115 51 82 211 71 11 279 140 74 218 158 290 218 91 119 34 299 84 103 231 296 273 22 25 137 89 35 18 1 99 190 79 169 229 274 103 268 182 251 179 148 149 173 181 
45 0 117 223 133 38 99 54 120 100 165 128 284 210 291 89 216 153 192 1 88 260 228 7 253 48 150 236 250 232 48 103 290 65 220 195 4 37 105 261 283 270 219 144 232 46 219 99 92 244 255 122 98 29 17 167 188 165 297 166 197 47 43 62 255 0 21 39 14 78 198 281 153 43 232 146 87 266 268 23 217 36 116 126 38 272 88 68 10 160 139 257 20 54 195 276 177 183 0 234 
274 273 162 225 262 179 282 133 107 125 62 221 243 93 166 226 196 13 26 109 16 262 81 58 266 105 180 77 229 67 228 56 252 58 184 209 42 142 198 101 231 169 228 293 222 187 158 125 80 164 226 66 204 71 215 244 65 167 281 203 109 140 69 277 124 117 65 269 89 199 7 275 110 292 38 156 238 21 131 95 42 253 57 224 36 223 60 287 96 65 55 76 151 58 77 262 186 225 76 78 
