31 56 298 105 176 242 258 82 96 93 47 97 43 167 29 32 108 285 39 56 259 63 60 25 278 176 278 215 168 259 155 65 138 108 154 165 136 170 19 93 228 137 298 149 12 203 6 89 270 178 169 107 99 96 138 24 93 249 201 172 198 17 82 99 161 280 141 71 247 58 261 214 144 138 196 208 87 124 53 258 23 234 59 233 28 20 61 49 277 40 18 167 135 205 172 77 242 286 235 14 
55 125 115 102 165 168 282 99 164 268 251 23 215 72 80 7 17 285 185 229 266 171 21 291 282 70 44 4 67 46 141 114 123 12 58 96 208 135 298 200 55 89 155 209 226 77 61 299 118 253 69 107 60 135 25 285 191 246 90 295 210 14 15 24 126 143 70 240 288 246 68 125 252 101 162 87 232 209 225 104 66 45 181 36 223 160 134 259 299 19 275 142 217 284 40 251 26 266 137 295 
152 219 44 110 167 30 239 174 45 292 49 215 47 265 99 179 288 10 113 248 288 294 175 118 99 150 157 235 298 109 26 132 250 0 200 222 125 293 199 196 42 258 101 83 160 172 237 280 49 89 82 284 59 31 1 6 64 142 61 108 134 59 39 63 93 178 203 157 132 125 258 159 29 106 240 56 121 43 187 59 3 132 52 192 260 241 110 234 119 97 241 135 6 22 53 185 261 209 275 235 
45 284 175 247 147 138 150 110 162 147 178 17 147 216 24 91 256 226 61 75 6 218 177 3 70 288 251 132 262 284 97 77 237 276 114 222 173 228 105 150 296 130 117 97 71 185 257 29 225 136 159 179 96 247 168 65 31 134 294 159 276 201 140 294 94 298 16 290 173 117 266 239 217 164 181 219 69 251 168 119 265 76 279 277 261 194 10 299 243 191 245 55 175 190 264 226 122 130 61 3 
289 184 160 206 70 143 158 252 299 134 129 196 86 170 6 138 106 72 184 179 107 145 13 162 135 156 223 42 3 76 136 155 256 47 129 269 51 142 239 107 219 85 239 228 82 165 64 220 165 233 134 277 276 298 277 263 296 235 259 273 75 187 70 156 209 288 177 182 69 24 161 272 216 30 219 208 27 91 52 82 107 129 55 151 116 239 227 254 231 3 4 275 153 141 231 125 250 196 297 21 
14 206 295 283 82 259 280 191 215 130 207 200 232 83 172 231 45 148 120 8 210 71 183 137 36 164 94 159 46 231 73 224 228 292 26 253 200 205 159 229 117 23 76 127 109 257 29 137 93 253 294 244 102 220 212 106 274 69 43 165 129 185 180 261 65 205 42 105 60 131 15 99 225 226 280 262 32 277 97 179 74 38 261 90 244 203 94 58 130 56 35 231 163 258 151 292 67 287 206 176 
13 43 133 76 75 15 178 245 3 112 236 39 219 70 100 123 238 206 93 29 216 180 102 190 212 281 241 7 185 268 254 177 143 11 20 228 223 253 175 265 148 262 199 185 239 106 172 294 118 185 95 120 160 15 215 148 140 127 231 160 123 65 67 68 199 245 209 183 269 26 43 21 233 66 26 83 228 222 41 67 15 2 77 222 174 119 287 163 239 36 256 162 101 78 161 85 231 22 20 234 
233 100 133 89 148 134 84 127 29 214 109 151 228 155 174 128 250 105 169 267 205 152 45 90 118 263 295 45 284 193 68 232 283 268 234 258 23 144 130 240 2 130 27 1 287 41 244 116 296 41 90 3 231 87 186 111 92 228 102 203 242 241 290 258 67 69 45 59 249 9 275 71 55 37 145 181 23 132 135 68 205 110 218 227 7 24 150 157 222 36 257 68 282 221 213 154 254 101 134 240 
118 117 128 299 176 93 292 168 64 68 120 188 247 286 60 271 159 216 174 252 189 100 273 118 282 191 22 226 254 78 151 121 86 120 280 196 105 36 235 216 102 157 199 279 148 27 264 16 209 288 45 21 255 156 38 183 252 245 92 202 64 106 10 171 41 9 153 298 30 63 283 192 133 10 155 33 242 178 56 285 179 161 248 175 1 192 115 67 202 247 24 144 33 35 275 1 107 77 188 34 
56 185 83 41 281 181 237 78 18 239 29 78 255 102 218 59 287 80 40 120 206 199 74 6 220 241 211 4 236 125 219 95 201 40 28 17 170 116 244 31 177 126 190 8 127 142 252 211 226 215 123 72 38 236 89 172 0 154 126 179 248 182 270 65 266 278 245 155 124 108 237 170 38 279 248 34 46 80 102 297 208 278 213 226 204 165 273 284 235 120 35 174 296 255 24 261 36 208 175 167 
131 80 31 242 200 53 90 256 227 57 79 181 175 201 37 3 243 163 191 148 64 141 127 213 194 183 286 54 41 290 262 110 280 94 235 244 281 161 42 190 156 213 251 213 185 4 293 298 259 10 159 299 246 3 65 101 227 173 183 284 267 36 57 151 157 180 81 78 276 299 168 161 16 60 7 183 244 163 285 251 88 290 289 166 219 115 286 217 44 174 72 248 108 14 253 39 148 207 56 35 
1 251 214 4 187 145 99 67 106 233 62 247 198 86 147 4 206 236 33 153 291 134 229 205 146 75 117 28 271 247 172 36 252 188 121 104 249 254 299 271 277 64 144 84 257 255 192 133 143 80 59 282 150 205 289 43 208 92 58 92 144 72 267 64 173 32 115 152 250 5 201 165 44 218 158 237 265 290 238 229 182 45 156 51 263 211 109 179 38 25 55 274 13 26 134 127 92 61 224 184 
298 123 128 12 139 284 204 59 254 253 157 5 227 20 123 220 244 275 172 287 264 18 165 103 64 56 92 65 185 236 20 252 274 268 58 5 50 198 296 248 288 140 15 192 127 77 232 162 268 126 187 110 94 71 152 282 76 179 47 179 244 141 242 249 252 236 123 127 41 187 111 179 232 289 161 291 216 8 232 259 79 64 81 145 152 67 115 291 93 15 99 96 278 212 110 14 273 94 20 126 
128 228 144 8 212 202 78 192 175 293 111 206 216 21 111 290 146 280 135 91 162 220 105 205 73 236 217 263 14 211 197 46 243 86 157 100 225 257 63 249 36 163 165 76 53 269 220 164 164 32 95 121 161 86 45 124 138 90 127 93 245 95 93 24 234 47 222 98 164 228 11 278 212 3 192 87 165 84 245 256 210 236 120 129 133 76 90 99 26 271 79 211 40 86 173 191 193 79 284 58 
155 164 236 254 197 285 207 266 220 241 214 40 272 255 109 43 19 123 101 138 239 257 254 265 1 264 261 76 168 8 131 81 156 248 46 148 5 69 92 222 259 153 74 162 187 75 271 136 293 227 129 175 299 284 239 288 234 245 31 129 220 45 186 10 58 202 6 163 27 31 203 273 80 240 102 90 237 230 249 259 196 196 119 240 173 174 95 151 206 244 158 104 23 53 254 169 248 248 136 288 
106 170 74 281 88 254 193 118 91 145 200 240 132 70 2 192 208 201 25 110 84 54 32 145 235 81 106 259 84 79 115 49 168 236 142 258 215 150 40 240 166 232 84 252 141 160 271 52 274 158 38 126 138 163 206 90 198 101 259 158 153 27 280 262 120 199 122 219 30 158 18 144 125 51 72 182 160 16 206 299 18 61 150 242 231 35 19 173 34 268 269 93 39 288 122 5 182 51 99 264 
195 136 68 208 283 54 5 291 155 220 246 209 136 42 152 178 95 265 204 158 281 92 299 97 230 33 294 252 94 202 268 101 276 53 282 210 2 208 234 253 264 61 220 187 108 89 240 66 94 155 252 199 61 135 85 184 142 236 235 238 44 83 131 219 235 245 43 289 97 270 16 90 285 95 215 31 162 141 156 15 256 243 40 150 277 246 272 13 191 203 178 260 0 141 196 249 2 215 196 10 
291 84 250 98 52 17 240 4 142 159 109 148 177 34 275 90 181 129 80 121 61 115 179 172 214 81 12 235 204 41 72 132 130 210 73 151 96 57 30 291 176 287 22 62 86 40 250 28 73 204 100 186 165 152 117 32 186 159 171 265 0 165 259 279 273 164 33 239 149 181 278 178 104 61 285 267 105 172 117 199 5 147 265 138 249 165 297 84 68 283 100 172 84 172 175 168 260 13 249 25 
70 126 231 8 51 197 2 121 295 84 151 167 273 253 282 181 94 212 178 171 25 284 108 267 47 110 190 41 283 215 182 254 93 64 230 53 55 202 46 292 81 258 153 92 93 103 32 261 277 47 13 229 203 44 102 7 45 202 296 209 178 208 131 213 141 138 71 50 73 2 233 154 49 251 46 227 29 265 3 208 108 299 177 190 299 129 39 159 34 6 214 169 202 121 241 134 142 30 109 194 
278 207 86 233 125 123 179 55 193 127 90 126 297 68 135 215 226 64 211 103 70 180 156 19 225 101 159 129 288 18 89 173 252 250 202 265 127 70 287 53 14 229 129 297 150 49 47 91 110 89 249 27 105 225 185 150 64 250 142 287 203 123 178 176 69 115 284 260 277 55 203 91 34 298 266 219 277 52 224 66 297 232 297 68 259 105 94 146 24 154 153 43 212 133 205 114 44 241 45 44 
226 16 278 135 114 15 214 264 49 279 38 221 78 240 168 105 85 124 30 24 119 186 165 242 69 40 217 263 176 217 268 152 257 23 21 49 195 280 136 82 205 7 187 59 228 182 254 131 297 122 34 123 51 274 254 38 27 39 223 160 151 224 82 265 224 217 236 19 199 213 226 135 115 52 152 48 37 78 14 248 48 142 133 179 266 298 107 269 275 27 55 100 32 256 219 242 106 110 78 299 
268 154 292 66 50 262 48 148 44 268 21 170 51 297 16 61 230 90 117 15 199 173 200 279 99 97 218 151 187 249 164 265 225 162 247 192 110 20 273 220 105 48 119 157 188 3 259 124 222 169 83 198 149 178 3 181 248 85 228 77 211 120 33 91 69 183 79 12 31 20 83 11 224 261 90 211 105 12 197 24 137 176 114 56 175 21 103 159 59 110 104 242 226 241 114 279 58 83 247 298 
45 284 31 138 185 177 29 150 48 12 54 177 185 167 189 69 295 209 93 220 24 114 175 288 176 137 263 260 227 147 87 270 185 209 153 272 192 146 102 134 27 30 248 260 229 190 133 63 256 89 56 205 87 95 244 63 106 68 23 159 24 215 77 297 281 227 212 217 161 77 214 133 53 259 184 81 241 177 106 8 205 278 269 44 272 34 288 126 90 197 262 27 217 10 262 150 130 237 28 169 
293 294 180 165 34 99 161 2 13 11 247 119 256 96 95 36 56 66 58 85 5 226 241 212 290 177 237 53 228 113 283 89 102 8 289 289 278 150 65 221 153 266 65 57 20 267 127 34 193 117 79 288 224 153 108 22 39 85 296 3 204 161 239 96 153 89 100 214 293 84 208 261 217 264 43 193 41 15 277 56 88 225 51 132 153 155 38 30 144 280 279 79 16 294 292 238 27 251 150 223 
83 8 59 38 73 18 210 275 295 171 48 181 98 287 77 256 66 40 128 67 1 34 63 269 258 124 91 260 50 203 150 44 188 100 246 201 146 23 29 299 258 233 269 117 57 151 174 144 265 52 133 126 123 73 104 6 189 202 75 297 236 233 149 117 76 206 116 289 134 33 241 170 270 103 227 101 87 53 93 61 256 242 166 29 36 240 293 169 96 250 209 17 143 20 107 163 119 11 13 71 
158 50 25 39 7 285 195 92 18 112 31 246 38 160 95 158 182 98 231 46 273 190 49 81 149 30 19 177 217 166 67 277 51 263 70 103 106 57 76 86 172 238 56 151 146 128 115 193 287 132 125 6 171 15 38 12 109 213 94 36 138 97 268 1 63 252 172 232 237 262 159 199 144 289 243 8 182 239 110 136 257 110 260 228 214 221 145 190 67 106 275 122 283 262 228 295 92 245 230 112 
105 147 92 216 18 214 8 26 77 285 254 125 182 255 55 36 286 76 133 131 242 233 51 169 46 58 216 105 84 190 289 43 279 65 82 244 258 281 44 224 163 165 280 87 168 145 275 66 139 48 83 140 240 238 49 253 97 149 227 109 137 26 32 27 293 68 122 20 208 41 15 67 136 13 243 247 70 42 124 263 225 276 171 53 84 16 170 260 194 107 15 146 30 206 216 154 249 16 67 11 
164 104 124 98 92 67 56 88 287 27 13 122 60 1 28 232 274 221 90 56 35 36 217 81 223 274 240 188 278 0 294 177 270 60 120 73 227 132 158 58 209 172 227 44 92 71 242 167 231 51 24 284 15 243 235 73 192 26 277 3 11 86 102 38 218 122 18 188 102 120 43 98 67 229 157 75 37 66 162 145 285 131 264 201 125 42 125 46 297 110 3 121 14 172 20 147 52 58 183 124 
207 10 27 143 213 174 104 145 107 137 24 14 289 204 240 238 159 147 203 16 78 293 41 205 282 295 127 247 128 119 47 0 235 220 224 193 179 70 7 158 15 42 255 15 107 132 53 107 8 74 35 228 259 65 84 100 243 163 165 11 187 279 85 252 279 100 63 204 245 30 183 293 239 67 208 219 256 297 254 97 128 281 188 21 212 200 199 293 93 15 227 73 183 160 45 25 25 107 2 33 
143 22 84 214 257 77 191 190 62 69 293 142 243 91 12 232 125 159 163 252 156 201 71 195 154 211 52 74 299 69 89 159 218 102 41 257 175 236 34 89 39 34 94 157 273 163 183 56 102 21 155 185 160 167 41 37 254 28 102 135 251 46 264 294 196 210 286 39 271 108 132 3 81 200 94 95 238 230 3 49 96 256 36 85 193 166 72 113 285 263 199 153 171 137 86 243 90 5 269 90 
184 32 263 248 98 65 1 26 26 256 93 163 41 150 165 83 47 286 157 241 97 88 53 87 242 144 43 105 293 68 167 49 185 49 100 237 184 208 294 265 22 81 72 47 254 144 51 192 11 287 112 261 60 126 151 105 283 273 12 141 211 167 143 165 184 267 202 73 245 96 29 68 40 8 209 176 136 30 2 234 171 228 12 7 21 54 151 256 244 297 61 141 70 22 226 136 80 234 26 224 
140 50 4 140 133 151 235 286 133 56 5 79 48 143 153 213 44 72 21 263 8 27 13 87 8 137 159 137 213 98 11 187 273 178 189 260 182 184 136 42 11 54 153 75 163 198 260 38 245 128 66 30 255 245 185 294 247 107 84 185 15 47 26 149 200 239 60 88 233 260 256 3 49 243 13 176 30 30 209 3 152 25 270 105 33 269 48 67 226 178 289 243 122 268 62 62 225 15 70 229 
68 231 164 57 143 196 158 220 71 214 39 23 177 189 52 17 154 253 167 109 296 148 172 155 234 186 236 174 200 204 10 130 98 152 84 20 200 173 103 223 164 60 243 106 280 94 177 33 30 19 261 248 127 2 130 205 83 165 284 226 261 27 213 19 166 81 267 169 86 250 205 107 127 182 4 228 37 137 12 206 6 127 243 145 270 248 42 26 265 269 105 253 24 156 119 33 218 180 218 243 
72 263 92 210 107 230 131 186 208 202 270 194 88 143 81 83 225 241 89 193 113 234 284 151 57 83 143 91 229 14 0 143 18 259 67 215 216 190 192 275 133 57 267 3 221 66 234 178 240 94 30 194 121 163 0 181 109 56 138 185 71 251 170 296 96 48 7 83 298 50 274 119 37 89 62 253 178 263 251 38 247 240 227 230 150 65 86 230 142 70 167 255 220 195 72 226 162 16 231 49 
133 72 57 103 222 244 120 134 265 175 239 168 27 229 152 108 161 84 37 279 270 114 31 286 148 21 141 149 289 244 264 297 161 119 14 238 146 280 80 124 88 278 131 99 174 97 118 252 213 200 34 2 123 224 42 73 27 206 269 114 95 95 237 223 294 54 5 96 175 182 54 239 249 284 146 191 233 38 145 163 29 65 217 41 179 60 83 125 293 230 9 260 249 87 59 264 204 246 149 50 
131 281 68 73 22 40 97 201 32 127 192 216 103 298 85 228 296 66 210 257 214 77 101 55 272 290 273 271 31 203 255 127 48 235 112 4 6 267 55 276 80 227 92 203 290 157 190 21 252 105 257 1 262 167 276 232 62 61 204 141 83 196 159 187 276 250 22 83 68 254 13 96 35 223 188 193 41 0 281 78 38 63 293 65 2 224 23 114 37 276 180 112 129 7 148 115 14 187 175 107 
178 23 155 198 171 251 261 161 82 24 258 82 25 278 168 70 200 39 222 221 159 167 168 171 171 14 170 226 110 294 55 51 267 102 188 117 278 234 234 235 64 96 281 246 39 171 134 211 89 209 8 170 146 214 77 179 82 270 66 96 128 171 217 235 299 257 245 149 94 282 204 15 39 18 168 109 283 53 287 32 66 34 277 36 256 288 26 278 27 295 32 129 147 270 25 191 38 222 281 151 
74 57 207 182 91 296 194 39 45 258 158 254 93 150 46 55 107 146 172 255 9 181 19 290 98 66 189 96 180 267 145 274 86 8 54 27 36 239 289 100 29 264 91 208 168 61 91 296 22 28 78 38 23 20 172 142 54 52 182 237 22 98 273 298 50 139 166 155 90 259 277 81 283 76 235 170 250 142 43 250 145 30 285 239 139 243 158 270 144 208 227 47 186 159 92 232 33 270 98 13 
202 4 204 37 280 18 282 65 98 6 27 141 4 268 237 111 184 83 70 93 208 98 18 37 169 64 54 10 253 9 219 225 282 226 139 49 130 298 27 24 174 1 222 217 203 277 189 286 290 244 124 187 206 110 187 95 195 63 136 99 241 19 168 231 111 12 213 55 270 12 175 291 233 11 101 259 102 11 134 238 48 230 223 60 43 215 243 221 289 42 138 56 46 181 194 48 102 87 7 129 
45 7 5 22 35 124 92 138 137 12 139 293 24 253 67 213 41 39 70 228 205 223 215 203 162 163 117 199 29 179 132 203 253 88 102 54 232 31 78 91 32 41 281 246 241 224 41 173 5 260 23 39 33 299 116 119 238 253 200 92 138 152 22 67 71 175 61 230 48 26 271 144 124 245 207 278 59 260 93 132 188 243 31 154 27 97 12 184 234 91 211 244 199 74 97 111 296 44 48 207 
103 207 272 24 63 58 10 175 3 178 90 143 293 272 233 54 109 19 200 203 27 4 64 82 290 12 206 119 3 255 136 255 218 239 37 48 18 34 49 139 95 267 25 185 35 186 206 229 94 231 132 139 211 205 4 46 82 144 89 33 51 23 275 53 107 126 81 98 142 14 133 18 256 86 82 166 152 10 269 250 170 206 51 156 291 230 194 20 247 276 73 259 250 249 121 26 23 75 77 49 
297 90 38 99 110 130 200 222 123 21 15 162 284 84 25 143 96 263 295 1 221 257 243 65 255 53 101 144 250 295 189 169 169 210 283 18 242 62 143 186 216 49 176 291 254 45 112 283 161 112 50 96 275 234 110 77 6 143 256 254 69 135 200 259 52 138 61 287 38 51 236 50 274 110 127 240 227 201 161 88 9 136 37 90 211 29 75 89 191 47 293 16 194 73 290 209 228 229 139 31 
284 33 123 32 195 10 249 26 83 103 111 267 146 281 176 14 64 196 129 284 214 8 65 267 271 97 192 142 224 288 258 121 294 52 75 118 226 103 97 240 102 40 291 119 23 45 97 108 299 228 253 175 227 264 32 154 247 129 34 7 152 207 97 69 222 247 217 83 260 235 0 86 297 68 192 276 276 149 265 260 182 53 87 168 66 197 157 273 129 127 163 14 204 198 149 235 279 104 168 68 
171 200 61 148 42 147 188 195 257 297 259 35 10 103 226 1 83 16 17 228 299 189 220 202 256 261 274 56 13 101 69 235 52 115 257 19 82 73 247 294 298 280 192 8 247 46 259 238 42 113 55 36 296 109 268 104 100 211 175 48 203 159 88 282 211 115 271 206 157 281 299 92 47 212 191 268 122 121 129 238 60 299 96 125 196 256 128 283 208 158 97 101 163 170 12 65 204 290 164 157 
176 173 257 26 104 155 18 45 297 201 137 285 167 108 67 133 39 69 179 127 136 256 223 57 136 257 121 34 172 214 32 237 145 87 96 70 249 262 277 185 298 130 10 31 176 58 137 46 129 122 190 288 256 150 214 263 98 286 289 135 33 16 250 117 270 200 113 287 110 269 217 76 183 24 297 217 184 186 17 191 106 125 189 79 120 103 133 48 125 119 141 144 225 212 31 181 185 223 231 273 
131 135 254 116 46 67 238 282 133 152 288 177 174 159 55 7 1 237 189 50 257 193 264 159 34 70 162 162 132 6 28 113 209 238 183 219 77 210 164 58 253 99 78 254 133 140 201 208 113 50 161 287 103 180 299 46 194 9 36 163 42 35 272 226 250 72 205 108 230 79 95 206 251 261 50 120 155 256 154 147 125 3 2 55 65 256 249 197 288 7 224 140 219 63 192 156 148 122 227 84 
296 32 245 248 118 152 277 183 105 230 139 279 86 4 244 261 116 296 168 30 116 154 135 122 194 182 272 208 241 292 98 258 195 266 115 171 296 45 170 130 217 88 67 60 162 117 186 221 193 218 140 27 225 167 153 83 201 20 219 149 255 137 273 22 111 49 100 48 240 164 118 157 188 192 43 239 99 126 105 99 98 4 102 131 181 246 233 46 271 9 166 43 292 135 249 245 232 80 182 89 
154 85 80 40 251 75 295 223 128 230 284 104 133 143 250 79 63 242 40 208 168 48 136 279 142 180 266 105 42 200 237 129 294 3 161 268 0 73 138 84 261 22 48 255 164 58 71 38 263 165 213 11 288 174 74 176 40 189 163 97 189 86 62 165 28 272 133 103 265 57 117 55 289 42 296 248 25 143 242 132 229 273 65 110 92 163 251 46 206 98 197 222 289 80 149 52 208 158 279 260 
241 105 95 295 126 154 97 28 247 228 198 85 118 179 47 5 174 91 164 198 272 27 223 162 290 266 241 10 34 286 223 224 288 59 197 128 295 106 67 45 125 215 196 246 272 183 88 141 59 170 129 34 290 20 10 76 241 62 42 187 259 263 63 129 129 36 70 170 172 197 25 34 93 70 220 194 216 237 288 37 107 283 189 21 92 236 29 236 84 122 282 292 77 87 36 286 258 152 19 134 
113 53 196 204 42 101 241 201 290 12 222 130 275 152 77 248 26 24 297 223 232 40 11 96 5 72 121 152 298 263 171 123 90 12 251 9 236 86 56 236 83 101 6 230 153 231 84 137 220 20 34 232 162 238 137 295 40 256 203 194 137 60 179 210 292 203 63 116 99 167 88 126 297 284 229 127 295 212 123 3 22 212 103 67 116 184 29 218 92 257 209 24 131 69 187 285 221 105 15 270 
123 298 13 295 54 157 55 89 123 225 201 22 61 172 204 13 4 112 174 184 223 151 41 198 0 88 94 210 130 256 64 257 68 293 1 264 256 208 87 262 91 69 179 135 211 227 18 97 297 225 121 277 11 200 104 253 165 150 225 169 256 38 173 116 122 9 178 12 89 5 270 172 82 211 176 5 33 58 25 91 202 262 74 142 182 219 181 136 108 26 127 176 13 96 179 20 274 105 292 279 
84 239 24 218 284 124 137 28 204 33 221 16 25 100 264 182 175 275 160 4 14 22 141 273 3 86 130 231 146 275 120 138 293 55 140 285 276 248 62 93 210 104 132 30 237 119 40 33 82 21 7 259 100 180 294 264 72 92 41 180 91 17 25 184 43 185 218 28 244 163 142 151 261 11 169 12 6 3 181 23 75 165 87 151 80 81 207 111 54 110 141 283 194 264 197 109 52 277 99 251 
267 49 94 14 44 113 242 43 100 35 188 109 9 234 83 104 235 273 292 76 91 127 229 129 241 24 113 37 215 271 231 70 61 221 221 255 130 192 39 157 23 241 217 242 54 242 77 256 114 76 48 47 149 16 278 289 82 201 143 281 276 86 169 78 70 136 24 77 205 142 90 293 239 111 151 3 266 287 93 289 60 146 135 138 203 269 239 275 100 239 83 152 263 235 242 146 7 218 287 276 
72 220 192 272 180 174 94 31 43 190 232 131 216 238 71 27 281 266 197 216 42 85 249 23 53 146 253 123 214 291 21 76 215 62 59 92 279 193 111 130 270 91 2 52 228 285 257 53 123 171 52 79 290 124 84 193 36 3 111 36 236 55 162 130 66 127 271 195 98 274 22 196 247 82 282 2 71 84 296 117 257 167 271 80 55 208 84 290 221 242 4 257 45 205 271 253 9 161 52 137 
298 151 70 122 22 275 161 176 53 232 6 46 119 64 267 179 285 25 242 102 164 282 19 138 286 182 196 54 208 226 201 48 44 202 92 95 228 269 98 215 214 240 231 264 1 248 155 149 188 271 170 82 238 69 224 72 161 190 276 104 143 243 286 174 126 269 280 95 143 149 166 266 258 11 276 87 207 200 128 105 108 5 39 9 129 97 125 234 12 37 144 99 110 248 224 203 238 265 48 235 
97 87 173 261 193 224 101 96 290 183 85 208 121 128 10 123 275 79 35 108 141 171 155 235 254 132 131 233 238 209 71 118 100 275 70 40 19 60 21 266 220 115 167 197 267 176 270 293 194 18 9 191 286 140 54 133 33 273 34 178 184 55 79 176 246 257 145 88 176 267 177 297 146 298 153 156 86 53 260 82 88 36 241 121 282 227 145 8 161 233 202 294 231 25 229 238 78 264 67 100 
196 201 68 22 173 157 64 213 118 167 47 182 208 39 131 21 297 89 119 72 92 129 174 47 35 180 296 291 119 182 208 20 216 49 15 264 279 36 296 77 200 297 56 246 217 256 192 284 162 118 228 166 168 233 235 219 47 116 153 87 279 145 211 1 198 41 133 43 34 231 284 31 102 225 235 220 133 267 71 56 247 106 182 221 179 32 104 65 125 165 123 71 177 214 233 238 44 103 23 176 
80 158 237 171 94 233 287 51 51 272 94 256 147 252 110 1 163 72 246 154 184 98 259 150 221 196 166 275 216 136 281 70 51 84 138 106 10 210 244 72 119 259 290 281 226 158 271 263 275 111 233 101 8 153 68 24 163 289 113 1 80 176 290 97 190 202 280 223 184 112 224 17 197 99 265 142 49 226 75 258 150 270 40 30 149 4 15 125 39 243 214 179 94 26 226 258 125 220 226 150 
214 2 204 213 129 53 299 291 274 97 162 66 242 281 88 245 88 200 224 242 169 295 154 253 56 64 23 43 0 166 149 200 266 42 155 17 275 101 12 64 230 215 125 295 250 100 0 59 139 253 206 294 53 101 89 12 257 200 102 211 107 88 161 156 139 198 31 75 244 243 95 70 177 260 184 282 158 71 77 67 283 14 266 197 240 169 114 255 24 183 278 243 218 189 149 50 293 207 48 201 
226 63 184 264 272 47 14 190 98 285 258 37 165 141 163 192 196 195 238 94 247 265 89 85 293 123 106 94 224 9 83 135 262 269 20 114 73 129 247 180 186 159 260 122 263 156 218 282 2 262 68 186 17 165 195 44 236 132 167 177 60 279 96 76 173 116 87 265 237 130 209 203 250 261 203 245 286 88 138 100 255 271 161 29 190 177 249 289 235 277 109 162 261 31 142 220 197 53 72 40 
185 110 245 43 239 211 214 114 247 33 56 104 265 210 140 138 154 291 163 178 94 37 111 230 51 47 266 159 288 276 40 239 172 129 162 176 43 85 265 178 217 58 64 84 230 223 74 234 229 240 68 241 134 182 198 100 254 144 103 177 12 237 294 111 117 218 22 107 43 74 65 0 271 69 173 56 56 202 271 223 236 124 288 226 153 230 33 176 62 246 246 255 259 239 179 79 206 83 177 235 
196 227 298 116 83 36 123 262 73 30 10 148 257 247 141 215 236 90 189 266 63 277 278 69 292 143 14 11 258 26 204 56 112 244 155 15 256 272 175 276 20 172 216 1 177 81 197 250 84 154 210 31 46 64 208 53 26 226 292 256 221 188 239 59 181 145 269 224 62 189 17 265 221 252 252 187 213 269 184 135 211 2 179 170 61 240 100 273 263 182 13 4 278 149 37 59 9 202 80 115 
237 3 157 258 247 242 119 185 147 24 159 132 247 202 93 63 97 74 73 120 14 163 216 294 143 88 283 4 118 174 31 276 49 65 229 210 256 202 96 187 193 262 29 203 7 237 215 103 271 100 43 251 75 207 149 239 199 91 80 235 111 143 178 72 66 101 92 73 183 280 36 34 197 235 264 3 151 48 122 57 34 294 80 145 258 204 270 133 291 76 61 51 243 139 150 274 288 133 160 95 
16 275 195 237 205 67 89 113 122 127 93 241 233 266 141 14 59 96 4 147 61 168 245 16 48 215 279 239 147 158 5 249 55 240 208 192 59 113 86 276 250 154 185 280 86 262 13 230 118 45 290 129 222 95 177 22 145 211 44 129 7 8 225 270 285 247 279 104 73 170 31 232 110 293 94 277 272 67 38 126 296 236 270 176 250 252 125 190 266 82 26 154 264 250 105 191 72 224 226 288 
86 170 83 182 190 127 123 80 70 133 180 229 231 136 296 291 254 273 16 131 127 10 49 238 51 90 192 202 297 214 266 40 242 181 267 252 266 66 216 17 226 284 296 232 148 203 293 59 72 60 231 190 192 57 176 8 290 202 19 125 161 119 30 132 145 107 227 269 194 196 191 93 151 112 134 81 120 243 261 6 13 186 113 202 10 8 247 212 247 295 245 8 6 21 120 181 3 55 98 146 
211 230 237 123 121 244 29 158 133 153 3 242 282 227 291 67 107 103 207 102 76 253 120 125 298 161 112 118 152 203 140 233 235 199 25 268 212 150 46 171 25 81 68 251 50 263 220 145 164 29 8 214 239 192 16 150 79 295 123 16 264 165 71 69 239 89 225 103 97 196 100 218 146 127 275 159 184 73 13 57 105 0 277 25 259 131 266 283 43 170 45 58 275 90 96 22 208 66 249 108 
50 287 136 1 166 14 221 112 290 79 273 154 275 110 83 227 223 295 58 282 100 116 9 76 153 165 250 225 272 291 22 247 176 298 153 75 35 116 273 25 235 167 94 212 32 12 165 150 89 76 135 137 108 83 88 178 199 116 18 1 17 72 36 161 147 243 44 161 19 127 208 131 151 62 25 72 250 74 72 276 144 38 2 267 274 276 61 217 211 265 283 170 5 73 162 133 200 200 221 206 
65 228 110 37 269 292 8 33 283 151 27 296 272 281 50 149 286 19 181 224 23 78 179 49 254 10 241 27 69 222 223 86 37 251 166 131 91 88 11 91 73 257 195 111 61 73 264 222 116 88 175 207 165 53 2 245 258 218 24 52 192 129 179 206 83 251 177 245 212 252 153 103 239 218 244 236 127 153 219 90 252 214 80 55 99 90 269 230 263 86 268 159 231 245 176 64 295 34 114 120 
129 286 215 56 117 183 285 127 286 130 80 282 130 247 104 299 255 199 256 236 196 126 4 112 224 129 59 155 53 294 122 179 268 131 237 126 158 156 71 156 154 184 203 52 234 189 162 15 227 86 262 192 133 230 73 156 34 215 27 132 181 276 120 87 190 299 110 157 200 257 193 236 279 195 167 58 132 297 110 28 210 197 276 254 202 50 219 142 156 33 173 113 123 48 105 55 155 265 54 86 
90 230 52 62 110 14 209 12 208 246 181 100 160 278 13 68 107 117 29 102 288 288 44 209 236 94 108 39 156 119 278 8 260 234 255 2 121 299 224 221 27 266 179 14 268 50 10 248 108 289 95 112 293 252 49 92 258 85 239 271 283 207 282 84 295 218 15 141 194 272 29 157 103 139 216 55 160 64 95 201 41 140 23 129 163 1 52 99 146 82 79 32 157 290 289 101 21 218 188 6 
171 126 67 284 297 67 42 25 159 82 55 27 230 263 50 152 126 114 136 57 237 97 218 77 3 292 48 239 151 86 69 233 94 229 171 231 126 104 20 271 117 94 198 191 112 205 195 158 6 40 18 22 85 94 52 6 240 41 262 210 181 198 26 275 5 145 65 249 180 258 216 82 191 65 193 48 5 136 180 2 95 31 29 183 160 125 20 267 187 236 28 119 288 213 204 91 146 77 128 122 
205 259 202 260 63 163 64 219 242 242 133 20 282 243 298 151 245 194 299 85 166 215 134 297 98 180 155 189 188 134 32 163 160 222 64 88 254 24 190 214 212 296 95 88 157 68 272 66 39 92 9 228 160 212 19 240 84 263 134 154 202 261 175 174 85 10 287 19 280 87 80 279 9 158 278 99 273 165 96 269 60 96 241 210 185 204 188 205 7 18 174 213 62 99 38 26 71 148 238 159 
126 30 294 150 151 76 97 152 219 268 298 87 207 38 227 289 57 2 164 7 238 17 83 174 67 235 36 112 224 76 282 55 38 31 287 89 168 114 149 295 145 243 233 248 24 234 244 136 223 20 127 126 96 251 72 257 221 120 199 22 99 86 102 267 66 39 35 126 206 259 165 253 5 95 50 72 143 256 72 232 266 176 287 3 223 270 293 59 192 9 287 7 232 25 12 64 220 274 7 12 
228 84 186 161 13 32 48 8 8 23 98 104 163 24 6 204 70 36 211 187 144 63 281 16 79 226 172 297 14 191 195 164 278 81 27 199 255 29 24 267 179 116 119 88 159 286 136 96 273 202 226 162 245 142 53 88 104 278 15 90 27 284 114 161 248 162 45 128 109 268 61 254 0 195 238 236 66 91 290 100 48 8 213 147 260 146 34 191 196 250 181 83 66 211 5 139 14 27 100 51 
25 163 68 267 95 212 132 141 192 134 136 38 163 145 289 254 283 275 276 57 117 237 117 293 41 205 299 66 268 91 31 48 114 71 76 237 173 167 85 174 114 49 133 189 34 291 46 135 211 168 193 247 284 118 112 16 95 102 81 71 282 96 246 148 56 212 242 85 224 283 88 219 270 38 265 298 125 44 10 223 205 66 83 144 129 24 93 186 200 38 167 209 280 196 99 121 95 13 14 129 
117 2 141 273 2 142 138 131 216 157 24 229 59 113 206 164 297 40 297 93 128 188 188 233 198 172 11 18 207 104 95 216 45 186 50 75 180 101 117 259 235 298 166 141 299 57 279 120 118 106 0 296 51 129 240 122 24 287 21 64 100 115 114 150 6 84 128 241 210 63 57 3 162 58 253 60 115 82 141 79 2 46 285 35 241 242 272 248 195 91 63 1 182 251 122 4 122 163 62 136 
194 175 136 89 58 251 80 129 233 139 57 9 244 72 144 231 130 276 192 215 161 22 285 144 293 48 296 37 60 245 181 135 202 122 58 132 129 71 148 72 208 290 183 39 251 47 174 279 259 286 99 88 55 37 244 157 6 50 35 177 3 236 120 154 33 229 116 208 37 235 64 257 296 89 294 156 17 157 283 56 122 295 82 22 62 112 132 145 191 132 64 76 53 133 21 126 23 82 194 226 
120 47 45 197 49 169 263 276 213 4 182 244 256 162 285 141 212 11 120 295 185 211 31 283 21 280 200 25 104 45 67 117 36 262 178 183 86 29 181 147 131 113 260 45 126 48 46 90 155 282 117 35 25 271 7 5 207 181 150 174 172 184 100 245 255 226 260 48 229 139 33 74 139 127 108 67 194 289 60 80 218 196 38 174 77 200 189 15 255 220 67 266 59 29 84 167 199 65 163 75 
261 269 159 260 261 12 63 128 126 253 9 115 113 274 244 63 211 254 228 44 161 104 222 15 161 122 196 33 171 296 230 88 231 96 26 34 165 214 33 230 148 44 138 127 135 60 162 134 190 61 37 120 69 94 296 8 238 33 175 226 23 255 214 255 121 100 154 219 35 138 1 49 222 105 78 45 226 250 101 264 13 284 183 63 271 103 209 209 218 206 50 151 123 130 38 161 180 161 124 135 
107 40 124 271 243 213 186 256 281 224 173 4 178 156 23 58 143 128 51 231 61 23 205 46 19 197 71 129 252 131 8 230 97 196 265 266 235 252 41 245 72 49 129 54 148 81 140 216 178 124 293 29 60 199 15 74 279 15 252 132 186 297 97 145 169 2 229 277 21 38 16 255 23 251 165 123 251 231 276 210 278 62 209 204 169 153 181 96 283 201 230 184 92 252 44 19 240 73 195 61 
127 27 6 294 174 200 283 233 247 150 224 6 168 1 216 198 214 42 26 62 295 123 124 279 280 256 293 248 236 10 148 17 276 74 196 162 278 161 256 251 64 49 206 34 253 186 233 237 281 158 199 59 127 69 132 125 92 173 74 93 207 169 215 125 20 9 62 256 273 77 35 54 58 278 170 254 251 49 160 289 260 29 203 192 108 211 155 168 270 71 246 241 143 26 97 41 116 94 171 67 
44 254 174 264 57 255 147 280 32 174 167 132 69 122 267 103 248 44 203 138 288 85 55 176 158 73 34 270 14 198 16 79 60 74 105 248 181 68 266 94 47 100 32 124 262 238 47 191 204 81 196 242 52 257 6 143 143 193 41 255 99 189 276 241 171 114 265 86 254 11 43 39 295 17 239 36 290 82 250 48 189 158 21 297 1 297 262 245 137 87 75 57 23 206 24 128 11 166 34 67 
65 211 17 184 94 103 149 13 101 295 276 67 289 91 147 66 171 150 240 50 166 75 263 242 3 295 255 8 26 178 163 194 264 31 88 60 175 55 262 214 179 256 86 295 46 124 246 189 166 31 119 255 237 197 278 128 285 34 58 282 282 214 77 80 241 8 77 259 218 24 117 243 72 212 296 80 115 113 229 219 154 130 232 214 70 49 263 207 19 204 9 241 157 261 11 279 110 10 64 102 
119 212 162 48 192 246 241 294 99 205 84 118 35 33 270 114 269 175 235 181 183 260 43 73 149 124 6 165 157 81 184 171 222 45 255 290 55 47 22 74 52 65 40 196 245 66 214 200 86 210 122 100 223 56 153 127 1 131 109 217 96 60 98 13 23 297 53 104 69 271 191 216 77 181 265 205 80 58 72 214 25 71 255 191 50 151 86 214 205 58 9 128 45 33 25 161 230 298 31 75 
46 46 59 10 290 189 34 212 272 240 139 191 234 34 6 59 207 272 83 6 37 273 70 1 83 178 106 85 103 165 163 229 62 0 194 110 191 16 296 57 18 115 236 95 150 191 25 19 236 120 207 235 121 59 159 284 22 252 73 12 114 265 201 273 226 200 157 263 96 240 42 128 180 86 238 119 283 285 65 35 280 227 115 266 165 222 56 38 142 243 81 98 256 156 2 88 212 184 164 78 
237 91 5 26 87 163 50 82 134 286 289 144 11 264 282 86 25 84 111 234 18 42 178 128 299 12 234 40 126 290 186 193 26 254 53 226 164 256 95 169 184 208 31 165 169 109 13 48 237 26 49 88 297 115 237 181 97 30 100 264 238 27 292 238 127 1 101 184 5 209 158 218 159 292 203 126 258 168 100 62 190 11 237 60 84 92 50 197 220 222 217 148 90 6 33 177 85 55 266 1 
168 112 79 203 5 62 186 167 182 290 26 39 18 189 281 259 88 42 36 113 122 292 268 120 180 77 190 161 190 194 43 120 176 148 53 92 248 29 8 9 177 159 0 44 74 98 193 32 149 237 72 24 69 59 218 189 182 126 99 174 23 48 165 265 252 240 236 175 298 127 264 179 212 195 285 211 191 295 62 243 139 253 226 254 247 33 134 107 127 206 119 60 173 266 7 205 218 149 241 210 
146 102 194 253 285 54 206 231 251 88 284 165 31 33 253 292 19 140 93 104 283 177 203 28 147 220 18 282 61 139 104 248 232 63 180 84 33 263 206 188 56 277 158 217 291 27 33 85 1 261 111 22 282 267 290 241 268 66 53 259 169 10 217 134 11 30 172 71 285 83 90 67 248 142 165 128 192 217 75 109 125 64 279 180 88 172 212 231 110 211 277 33 158 161 30 7 57 15 198 154 
139 82 86 242 161 86 84 104 35 192 207 100 267 232 126 179 133 159 295 86 224 20 126 54 180 133 186 235 189 281 295 222 25 228 109 52 106 166 208 235 218 275 80 91 259 11 59 194 145 33 17 27 81 9 243 145 51 271 83 282 211 146 70 206 5 160 171 162 175 158 100 148 275 28 207 177 109 55 291 145 252 102 46 66 67 46 149 11 55 249 241 5 8 144 40 218 41 120 138 66 
280 22 1 156 205 113 255 179 177 181 73 132 82 74 247 277 17 19 67 66 5 151 78 291 278 232 61 211 192 86 63 287 113 242 91 42 272 132 181 280 139 253 234 0 195 65 104 230 79 272 66 268 247 295 59 253 206 86 296 152 250 39 197 174 182 285 53 274 103 51 37 224 119 291 273 236 148 122 192 88 153 296 17 125 126 203 83 33 24 69 86 53 39 299 242 106 175 241 15 193 
28 246 26 51 90 266 67 76 99 199 11 80 219 176 237 115 191 165 31 101 181 62 6 270 151 286 94 255 132 216 183 122 242 59 12 30 74 171 196 97 38 286 87 156 9 180 245 0 80 43 214 225 71 34 177 236 242 155 238 189 9 271 58 293 5 137 53 288 109 250 251 222 187 8 97 34 168 160 238 88 107 234 298 127 208 175 127 298 164 172 286 73 142 253 163 218 273 227 122 117 
281 71 229 187 232 160 216 190 258 124 52 225 42 137 239 197 118 290 19 113 73 163 69 162 252 100 16 218 207 214 158 102 228 150 133 237 295 108 138 195 20 99 62 141 263 26 118 219 147 242 297 48 21 229 212 176 69 94 181 28 61 22 150 290 264 191 208 263 194 154 215 149 51 134 121 276 209 103 275 135 185 13 242 51 160 141 262 296 182 144 99 261 124 174 53 221 159 285 106 201 
280 3 160 12 289 93 252 280 116 81 69 119 42 37 110 46 74 205 28 29 88 178 146 71 252 268 105 167 60 245 154 31 269 95 205 109 60 64 188 83 155 40 21 270 41 267 96 138 212 231 69 79 1 8 241 296 266 198 2 125 235 299 116 214 45 78 9 23 102 155 201 92 164 128 106 85 54 143 173 106 56 32 74 111 55 134 245 180 248 133 69 87 228 299 201 218 56 296 53 98 
105 290 38 160 10 164 261 119 237 161 49 142 188 224 87 84 161 107 121 249 220 145 86 175 235 281 257 57 114 0 244 142 40 180 151 250 29 106 273 24 158 32 243 251 86 59 207 186 147 168 114 205 96 74 52 103 136 68 139 25 199 147 111 192 190 294 237 2 153 276 27 213 173 89 179 16 96 125 262 234 124 209 203 296 194 196 64 82 259 37 108 61 255 57 109 75 129 84 96 272 
47 139 63 260 282 289 26 129 197 81 233 203 54 142 145 280 261 226 205 184 44 52 35 13 162 126 83 284 204 154 271 257 277 59 240 203 169 33 288 195 196 189 128 133 44 199 236 127 144 113 152 110 19 93 197 142 92 150 1 38 283 295 279 232 204 71 215 170 34 16 248 65 71 147 243 224 118 263 43 188 25 145 101 19 56 132 46 287 58 128 254 285 14 21 175 53 93 213 163 188 
294 185 59 167 197 23 232 5 284 76 246 288 47 242 111 136 80 256 37 265 198 197 227 265 297 62 92 85 102 259 221 77 11 3 16 5 246 255 42 131 30 160 63 198 154 200 26 243 229 275 170 70 86 30 259 19 177 135 266 271 28 54 48 117 199 155 56 232 58 118 107 55 29 160 283 34 90 46 20 122 57 83 154 44 292 168 215 142 84 112 12 67 28 178 125 121 120 49 54 43 
37 87 20 55 131 39 209 92 163 13 18 245 134 129 33 270 222 190 150 231 95 184 47 106 29 282 128 224 20 41 196 111 155 243 232 205 9 83 279 209 181 169 143 14 214 280 294 113 278 147 109 204 270 129 30 67 18 20 252 94 289 111 71 223 212 106 283 109 180 294 205 4 285 254 132 59 195 126 234 44 298 22 164 47 122 41 66 206 221 214 53 24 173 286 277 239 13 192 207 62 
78 165 144 206 45 76 124 240 31 173 153 251 81 236 238 136 5 173 158 156 225 25 277 136 195 56 122 171 156 60 90 123 285 136 56 153 266 179 173 275 285 282 262 231 195 49 51 77 29 293 59 232 18 17 57 117 262 19 217 36 74 36 212 147 299 39 44 131 53 178 227 46 73 101 141 191 204 289 76 104 148 93 88 290 152 154 156 40 64 4 215 233 268 182 10 279 2 122 17 4 
40 290 127 28 158 130 251 287 140 51 49 281 236 212 178 298 79 207 24 251 172 50 279 170 232 263 79 65 156 256 26 278 296 103 233 26 254 289 188 215 135 205 21 230 80 83 297 37 183 114 233 13 106 191 242 36 232 151 36 109 175 62 160 75 22 241 32 139 288 217 291 220 149 21 209 269 148 154 24 66 48 217 252 127 270 41 148 62 195 181 57 41 150 284 118 291 17 31 269 27 
173 244 105 221 78 272 81 245 59 61 243 22 190 29 1 80 248 205 144 224 216 199 73 23 293 282 141 132 144 71 244 178 199 144 217 19 82 202 100 167 183 292 48 251 121 98 27 160 277 271 155 79 289 47 277 278 296 240 205 24 69 259 115 109 275 53 120 124 189 91 50 202 135 155 37 247 257 275 266 147 235 215 44 125 205 74 112 155 299 225 197 94 155 100 33 231 293 225 282 58 
