228 150 23 283 176 250 152 99 156 211 269 137 181 60 282 167 264 169 156 137 299 16 30 219 294 102 197 238 244 53 94 189 67 176 162 230 204 63 185 271 162 55 118 58 10 80 86 201 247 141 215 34 115 291 211 250 30 79 181 274 21 281 127 62 241 277 232 78 49 259 132 147 109 141 134 119 89 238 73 67 2 92 158 179 31 111 185 287 26 124 278 209 36 163 190 263 66 101 46 7 
66 68 135 12 69 288 278 111 274 61 18 25 175 38 165 70 26 130 283 123 168 106 105 196 185 34 200 73 186 99 179 290 158 100 182 64 106 219 13 82 201 231 74 12 248 131 35 290 230 86 82 261 138 1 29 218 48 20 244 151 49 260 228 129 79 88 271 78 56 191 53 48 158 178 33 143 31 59 292 124 86 5 93 281 186 152 11 283 117 195 119 69 199 272 144 255 164 84 131 38 
251 268 134 50 145 91 294 278 270 81 289 283 290 32 209 176 194 73 270 231 36 56 160 275 80 163 208 257 297 228 76 245 88 214 158 123 146 274 230 90 240 159 198 3 214 98 290 48 244 214 279 63 197 87 112 266 137 97 20 189 278 175 154 6 97 297 106 231 61 55 188 261 285 291 15 220 250 225 39 116 79 60 205 6 240 56 258 277 108 237 107 166 191 107 189 78 39 156 293 199 
75 78 157 186 44 177 294 95 106 247 69 201 47 35 205 216 90 118 59 28 203 256 18 97 132 154 244 291 211 32 252 282 14 242 132 238 227 91 82 51 238 157 195 213 24 166 191 178 117 82 211 212 292 127 160 184 181 33 91 223 39 1 110 229 128 100 214 267 237 72 113 73 282 199 78 131 286 47 102 271 11 212 53 104 185 23 98 261 102 216 43 230 49 247 249 246 211 56 114 136 
14 131 116 72 158 105 81 252 9 112 31 67 138 220 202 88 48 191 119 88 272 158 120 110 31 150 141 75 141 2 17 286 295 281 270 24 139 158 113 14 201 62 165 171 88 42 41 293 55 14 104 252 285 141 145 9 111 233 187 80 212 150 279 67 114 206 87 297 139 296 185 268 34 169 245 78 59 234 135 194 273 75 221 69 50 191 223 251 144 286 39 155 66 63 199 77 40 94 297 56 
128 241 154 75 117 241 106 112 237 267 183 143 269 263 65 51 60 261 193 2 18 67 276 290 62 226 82 192 141 200 153 124 220 38 48 209 216 57 105 62 121 70 98 237 245 138 216 39 53 119 204 276 89 73 267 168 271 243 7 263 218 18 6 189 81 214 202 189 104 230 190 175 191 259 60 219 132 92 287 264 287 289 179 96 240 103 7 2 219 38 63 254 33 210 190 100 25 255 157 111 
118 281 200 259 11 298 160 41 194 257 42 122 101 278 147 99 225 163 245 231 41 87 209 241 120 9 197 232 82 263 100 116 256 27 196 118 261 243 63 135 31 0 36 137 114 120 280 63 195 255 189 91 61 122 114 181 73 283 216 221 31 228 52 223 156 27 265 153 269 265 108 78 135 258 50 162 264 261 21 115 267 56 138 42 179 58 54 169 122 71 219 203 264 156 12 196 181 276 184 255 
179 25 140 157 170 207 220 277 170 270 255 24 287 210 80 145 115 64 176 249 294 51 41 203 93 212 221 280 194 101 288 149 51 103 78 173 297 155 109 188 64 102 209 4 272 201 264 19 270 232 172 45 116 65 203 144 109 75 55 258 297 139 70 250 93 131 83 200 106 82 33 65 298 267 48 282 134 113 190 277 58 102 139 222 214 94 120 43 154 251 69 230 117 290 209 2 129 61 91 264 
258 171 37 207 104 159 11 162 254 233 189 93 12 37 249 192 179 226 29 211 52 90 256 40 50 262 214 277 200 232 141 297 110 143 153 271 62 260 183 193 142 86 10 5 49 287 246 9 167 45 194 288 73 137 219 177 88 131 181 280 260 38 49 177 84 18 72 179 204 4 16 270 108 0 96 81 95 286 248 75 134 278 130 74 174 84 131 204 227 108 97 2 114 89 172 294 270 292 7 45 
274 143 5 129 26 139 48 275 132 23 18 137 136 250 117 34 23 147 75 2 223 11 75 3 151 50 274 84 254 125 197 249 69 223 286 55 242 203 54 281 218 106 154 151 193 61 221 191 8 125 8 258 68 90 282 268 102 272 290 157 190 149 271 158 63 66 172 143 26 163 29 211 167 30 65 118 57 275 231 197 230 208 193 40 86 202 179 244 254 161 233 107 165 299 117 8 186 90 211 233 
252 293 178 211 101 9 298 53 181 132 297 233 171 98 3 260 265 202 181 71 9 107 123 101 26 280 142 59 8 225 262 142 159 167 296 19 130 177 209 113 147 236 91 174 201 160 114 75 162 56 229 253 46 155 83 188 227 68 115 268 191 192 290 165 151 234 235 103 45 23 296 168 172 262 77 56 30 69 145 252 59 258 223 255 33 1 81 159 283 7 227 150 137 98 267 110 296 41 273 257 
250 119 160 232 273 159 106 212 160 163 257 239 246 145 50 137 113 97 258 218 274 276 195 253 204 169 240 197 230 10 44 139 1 225 180 265 60 175 290 233 202 224 249 61 73 253 255 117 20 179 94 178 148 129 22 249 63 183 129 255 221 95 236 0 134 256 274 37 51 230 130 7 283 262 162 85 290 190 209 181 97 70 112 233 185 152 41 175 297 241 163 127 269 90 202 253 105 178 166 130 
220 12 218 251 217 31 43 27 79 67 105 36 5 80 273 189 261 34 271 159 180 27 210 98 106 221 278 104 78 177 25 172 249 12 69 176 195 180 17 112 90 230 162 54 286 71 148 194 121 103 257 159 59 281 77 166 96 20 295 259 241 26 55 65 13 259 292 218 93 272 244 211 102 161 153 4 65 227 14 43 275 155 267 229 34 194 17 241 36 57 6 14 58 117 3 195 20 85 282 45 
3 261 195 104 63 149 13 113 250 250 87 272 164 257 228 116 257 112 18 179 188 270 254 160 246 29 226 157 46 158 228 154 97 49 47 119 49 182 63 170 166 63 194 1 297 178 288 97 156 97 211 43 113 233 44 285 167 196 51 288 62 82 74 0 299 297 51 261 71 219 283 93 183 73 131 291 244 26 189 6 179 70 68 145 140 88 99 69 70 168 15 107 210 264 23 168 246 281 100 113 
175 58 12 60 222 177 208 49 279 73 228 277 23 67 134 105 259 19 136 157 216 50 226 10 294 50 267 268 224 265 25 68 69 229 11 147 188 155 2 191 172 235 260 138 130 211 197 91 196 8 294 220 15 102 103 1 284 118 291 278 70 0 199 233 91 269 31 288 132 243 236 82 261 291 231 108 29 48 80 16 74 210 239 90 297 99 234 237 49 153 3 266 69 24 169 92 150 82 17 213 
21 28 135 29 81 63 9 239 297 108 188 68 116 248 124 128 101 43 220 277 225 275 266 227 187 59 24 5 50 144 133 14 273 252 70 84 31 269 23 239 156 140 292 81 212 47 163 224 155 48 201 298 212 207 37 221 241 150 160 49 132 98 38 77 155 241 183 111 81 34 89 17 16 48 9 101 281 171 24 161 162 19 120 286 43 274 128 168 264 224 108 139 262 162 212 284 147 244 190 19 
162 22 282 239 131 288 94 187 43 188 166 284 248 180 66 71 216 9 42 216 135 67 49 139 177 250 196 210 112 93 185 127 238 228 135 168 75 203 112 240 150 197 274 299 16 175 299 97 297 74 7 74 17 81 130 258 82 251 50 28 132 143 293 36 73 22 203 25 235 291 99 107 18 40 156 177 254 267 22 182 112 205 8 182 156 188 276 147 239 256 161 233 134 200 256 85 63 38 267 32 
179 30 98 280 199 291 111 11 98 5 207 28 95 44 221 102 179 230 186 6 250 59 74 21 194 290 54 98 104 285 162 268 126 25 230 27 9 163 59 228 100 62 239 210 69 129 209 64 162 236 197 108 46 22 56 248 141 94 139 107 289 7 285 6 146 231 118 133 93 203 181 12 128 24 110 285 229 142 165 155 233 21 25 208 191 47 64 295 181 76 138 257 276 15 188 217 86 190 131 253 
33 197 249 111 131 99 147 16 69 129 268 228 96 255 185 270 80 168 150 109 139 23 83 67 58 195 78 97 214 264 208 195 74 199 22 234 39 121 223 151 244 275 223 226 11 124 41 138 111 93 285 194 287 141 219 41 260 265 56 106 210 267 162 140 261 103 53 84 69 268 149 11 214 67 157 21 114 37 127 1 43 132 265 219 118 120 226 156 104 14 45 33 39 233 17 147 204 99 50 193 
218 277 278 62 31 31 23 217 129 122 284 90 268 196 79 147 198 41 295 267 212 34 94 57 111 82 200 224 13 120 212 122 96 136 137 287 119 293 33 107 92 159 163 218 146 100 139 266 249 168 55 178 170 57 74 123 155 192 247 152 194 165 263 190 133 221 259 39 198 150 18 218 24 15 18 240 202 165 12 165 41 253 177 134 268 210 146 101 115 153 3 94 89 140 284 249 4 192 120 56 
88 70 3 66 255 112 113 56 158 179 291 287 124 231 6 26 157 199 266 25 152 15 84 122 105 83 179 40 200 96 199 217 174 57 135 268 175 56 121 278 3 297 28 76 265 264 93 22 52 94 241 291 204 8 281 189 178 171 111 238 67 3 221 146 270 114 155 31 178 240 186 131 57 253 62 269 148 26 99 171 107 36 139 253 265 221 27 222 247 252 165 43 24 231 13 248 129 55 158 223 
182 11 159 82 277 173 157 29 68 250 156 264 69 205 153 29 106 93 262 29 82 174 84 15 147 289 80 2 0 222 297 113 249 35 201 43 213 294 270 248 7 52 171 205 86 112 231 31 14 218 297 62 150 56 37 247 156 236 265 268 161 168 84 56 129 298 111 107 283 20 113 14 296 67 292 174 38 143 213 133 31 74 52 218 119 88 247 254 55 154 121 83 94 209 286 76 181 74 230 177 
237 91 189 144 79 189 9 232 273 52 293 169 140 226 124 40 57 128 163 53 296 141 108 230 209 168 228 222 149 153 73 65 93 251 91 113 216 124 15 18 299 196 262 170 77 262 81 113 229 105 25 215 183 18 121 201 52 239 161 237 61 148 297 200 198 147 270 62 284 37 49 213 65 235 262 261 25 118 30 136 97 151 60 176 164 157 36 269 234 80 122 93 92 58 162 249 31 28 103 222 
73 44 153 243 41 264 261 193 154 22 156 17 126 233 225 268 207 118 135 217 295 292 10 290 132 1 39 128 74 182 154 221 260 213 243 250 240 53 120 82 111 249 215 144 213 157 95 16 128 245 103 173 11 43 14 125 257 15 172 98 238 297 46 283 265 167 148 50 135 268 123 68 61 100 37 50 284 297 39 207 124 205 171 241 254 69 9 185 21 257 147 161 167 101 59 125 65 247 32 169 
264 50 173 192 150 123 229 46 0 198 16 221 73 15 273 174 32 245 200 223 261 207 85 204 137 221 298 126 42 118 66 117 1 175 39 149 7 26 201 52 254 140 43 171 141 283 53 135 281 148 247 217 65 129 257 152 224 290 91 294 170 157 131 278 248 55 173 136 144 97 42 5 169 6 260 260 202 165 228 129 5 227 165 9 169 238 133 279 168 213 89 198 199 235 182 178 211 137 153 3 
22 247 175 212 4 186 262 20 118 105 22 243 108 96 163 103 258 240 25 0 178 123 237 233 31 7 280 263 25 243 286 104 283 41 269 165 149 166 273 248 32 170 234 105 258 243 272 125 298 157 158 179 56 199 167 191 217 212 192 216 21 191 262 283 85 127 299 164 123 75 139 195 167 41 269 191 155 26 213 69 107 266 192 89 75 152 70 161 188 179 63 134 237 74 34 10 202 177 114 90 
50 177 125 49 65 59 274 54 200 135 101 291 15 31 162 81 239 61 126 253 194 88 209 60 236 119 141 187 224 47 169 166 46 136 230 187 13 145 202 25 155 35 205 201 204 67 45 251 217 47 108 114 98 139 53 14 118 160 184 278 89 144 193 129 299 187 299 147 119 110 80 180 254 226 153 245 237 112 124 276 143 94 212 145 212 20 160 61 111 27 118 137 51 202 126 290 293 240 211 68 
135 285 177 272 159 8 228 127 57 152 256 107 51 62 157 80 232 270 201 75 11 194 256 218 181 299 243 241 76 133 128 243 97 285 100 0 32 153 74 145 194 100 72 40 208 110 88 178 2 182 157 46 82 231 269 232 31 72 297 286 164 279 175 298 257 115 203 76 268 272 89 93 191 216 113 20 177 4 272 96 46 36 111 142 49 119 118 256 133 76 47 174 273 162 163 84 115 195 203 153 
258 74 162 194 40 247 191 266 156 174 134 16 177 64 60 70 6 1 23 225 239 221 258 64 15 97 96 117 124 37 102 198 164 44 176 233 113 31 57 210 208 57 190 216 81 54 103 86 110 63 191 3 181 201 105 25 3 74 104 38 78 168 236 155 109 295 201 84 70 254 207 229 129 261 179 136 167 141 50 26 154 255 122 282 239 198 69 275 115 51 0 150 262 6 184 148 17 86 297 58 
115 125 275 209 211 193 265 42 24 155 14 167 192 202 42 251 145 178 269 72 61 153 299 154 237 49 231 278 76 240 253 252 205 72 102 153 82 135 2 133 122 38 53 132 14 128 229 157 11 129 139 92 15 148 163 72 281 122 205 88 42 216 9 232 6 175 239 170 234 201 235 230 115 55 231 189 106 297 23 245 97 293 276 113 255 268 284 62 292 233 173 39 235 279 200 21 139 1 108 282 
223 276 167 86 237 25 183 51 158 140 253 17 48 164 294 1 120 48 75 208 176 41 7 130 175 229 251 171 8 272 205 224 141 216 87 282 110 254 222 209 285 58 70 175 90 256 141 59 249 197 108 16 195 264 25 9 247 70 9 31 94 226 203 240 277 13 250 58 197 96 68 299 6 192 87 147 97 199 44 76 48 291 246 28 156 232 180 132 33 173 279 172 231 92 246 155 117 94 294 284 
181 33 144 1 239 80 4 187 127 150 200 143 220 178 206 179 83 102 71 72 118 52 24 234 133 282 253 136 82 125 283 126 128 58 50 8 199 202 12 181 254 80 49 136 69 238 99 62 147 282 131 208 151 49 133 182 299 95 249 231 93 272 242 175 85 190 295 223 266 72 292 241 165 51 238 208 63 59 94 68 206 96 275 132 42 181 214 207 40 285 169 97 264 240 47 120 180 0 127 227 
156 140 151 105 63 5 251 253 102 128 47 81 127 291 285 149 77 68 270 265 154 190 54 237 49 236 201 108 61 143 233 147 13 96 86 111 70 111 153 49 254 6 5 49 266 137 21 74 163 297 157 37 16 71 183 163 294 238 201 283 152 97 110 87 149 226 185 154 221 121 44 16 183 221 276 245 24 216 116 135 279 230 129 233 254 4 81 4 285 192 62 185 97 256 93 195 77 258 222 59 
100 39 167 17 89 237 189 104 283 137 10 169 3 57 287 228 8 56 44 95 265 116 293 279 57 204 227 268 35 58 4 13 39 257 271 96 1 89 232 259 44 292 282 258 210 147 166 287 106 45 239 52 250 160 94 28 202 11 196 77 268 156 153 228 122 286 180 205 113 251 48 0 23 124 21 233 8 200 252 172 284 9 78 68 16 216 220 120 157 132 223 38 17 158 122 80 213 259 256 13 
55 61 238 49 117 203 122 31 269 119 189 238 234 105 47 145 175 110 284 40 295 142 8 80 120 34 182 210 92 260 274 295 85 32 297 154 40 79 222 238 1 14 114 5 260 113 35 238 103 4 225 167 70 102 93 10 251 261 198 245 55 93 244 139 265 76 38 57 286 89 129 281 140 127 287 218 282 229 245 204 176 64 271 142 84 228 287 212 44 182 225 82 247 182 187 14 85 213 37 264 
101 193 94 69 58 239 191 252 69 204 79 17 134 192 40 131 291 156 249 283 273 151 76 239 194 138 62 63 135 26 189 7 111 234 9 152 291 102 266 108 107 276 53 60 185 293 142 68 225 5 268 230 37 14 287 170 173 290 2 242 106 176 51 12 90 78 171 160 139 0 246 284 162 99 256 161 65 174 277 276 69 217 251 105 240 96 17 183 77 290 50 87 185 288 134 105 100 275 120 37 
39 25 217 38 116 86 280 97 183 149 202 176 222 186 272 141 45 189 118 252 176 206 287 243 226 255 106 133 212 130 167 2 21 268 227 190 235 165 296 83 173 64 164 247 34 93 279 108 122 85 232 243 196 30 36 102 16 16 197 77 250 99 169 183 218 194 245 122 233 119 213 216 237 204 5 133 200 138 133 233 66 216 256 220 8 169 226 230 207 202 21 8 50 126 17 124 127 167 266 76 
208 54 14 238 277 157 150 171 268 240 262 209 9 17 81 105 299 221 197 177 283 188 286 130 168 242 48 82 78 223 276 123 103 188 224 267 95 247 21 227 30 109 173 214 211 57 84 284 39 100 156 66 60 115 25 4 40 228 102 151 1 2 12 264 146 298 106 202 53 266 62 128 66 167 11 3 105 44 240 236 115 43 224 201 286 95 262 288 150 157 230 78 223 111 144 58 180 248 201 152 
221 113 173 195 136 231 296 208 13 122 275 38 159 5 92 263 78 144 140 236 298 215 289 16 136 95 196 261 131 17 21 268 126 153 212 246 13 97 286 6 264 203 205 89 155 60 61 179 14 46 264 228 36 146 74 99 199 70 212 222 274 43 217 186 132 190 30 24 23 152 152 20 182 238 144 157 3 38 70 86 107 88 229 39 129 180 58 38 238 288 98 19 66 112 85 79 266 164 33 169 
3 70 68 19 92 45 53 198 215 53 0 298 102 163 220 205 191 31 52 190 176 169 149 262 77 33 295 270 58 151 182 50 46 141 15 209 116 282 294 1 291 139 174 45 141 299 244 126 83 269 109 122 269 168 151 15 196 166 184 159 199 294 0 162 186 10 116 52 44 206 111 181 207 284 285 31 102 292 202 127 154 48 56 278 205 251 112 177 295 127 71 22 50 246 131 261 213 77 135 48 
62 80 112 15 128 62 73 238 191 210 117 131 163 276 126 150 4 12 2 36 190 15 46 16 133 123 145 100 225 26 10 275 24 170 224 273 228 167 77 96 118 188 71 86 153 15 27 107 87 84 142 212 254 184 169 176 105 149 168 26 144 160 51 259 249 110 199 89 1 213 150 44 86 36 101 5 86 211 6 28 236 170 151 286 65 8 249 78 22 248 180 247 268 273 278 167 121 273 50 159 
121 266 15 267 235 228 101 290 233 102 88 206 104 180 162 133 61 180 62 147 272 248 26 68 147 107 216 116 23 199 9 69 214 279 73 160 69 245 127 212 153 6 168 7 139 20 110 157 20 48 127 18 76 112 2 16 212 259 65 61 73 68 267 73 50 59 296 131 23 234 18 96 252 264 15 249 58 172 145 255 8 275 237 272 184 77 63 287 211 281 32 42 50 292 9 214 287 200 63 33 
267 85 79 268 85 35 208 224 207 50 11 86 72 183 191 263 250 79 221 133 272 208 265 171 134 122 138 1 160 112 126 60 168 284 98 79 188 69 164 234 0 106 245 138 203 78 166 265 188 26 82 71 275 166 254 277 73 147 19 69 156 196 250 291 27 92 258 242 249 28 43 97 148 98 239 295 51 17 141 22 84 261 203 12 112 161 24 163 112 55 271 178 245 204 167 175 174 269 131 196 
268 169 244 205 262 216 272 166 39 280 105 28 285 66 71 193 95 126 50 278 225 242 207 57 78 208 188 14 74 47 14 113 230 264 139 228 288 122 121 90 43 266 122 253 271 55 260 80 180 41 238 185 257 136 95 289 287 0 294 247 191 130 259 189 101 37 78 20 65 182 81 36 87 93 127 244 153 149 134 135 76 178 108 120 16 104 26 22 288 223 144 198 122 185 113 249 230 36 278 172 
269 261 41 63 247 31 64 98 281 104 218 50 73 256 117 267 11 216 53 200 13 178 267 164 25 57 109 248 281 24 206 25 108 166 245 295 175 141 119 282 162 247 260 72 108 220 265 23 112 210 79 292 74 113 203 224 230 122 207 166 67 222 28 162 118 171 296 48 12 231 181 148 140 240 227 117 238 131 123 27 61 31 105 197 168 268 263 230 127 128 54 48 118 66 220 147 7 286 86 39 
276 101 221 224 223 81 184 289 65 134 240 63 92 154 50 275 273 167 100 187 110 191 226 97 244 184 67 52 143 292 68 271 204 266 173 115 287 207 182 225 107 236 135 28 11 265 95 215 14 253 41 102 233 166 20 213 140 52 61 198 230 105 246 117 148 132 253 204 105 222 30 156 235 188 169 228 253 46 243 0 104 255 219 67 122 143 192 157 45 133 265 212 236 213 255 103 9 21 250 88 
147 2 95 38 128 265 13 186 18 54 119 7 65 193 9 15 264 180 217 52 21 80 219 270 162 271 48 291 133 210 124 73 86 90 134 191 188 28 208 295 173 13 275 74 7 135 228 261 279 242 200 114 139 98 169 293 174 73 205 1 90 95 210 77 227 35 95 32 130 257 238 165 284 151 186 39 116 237 295 225 255 128 68 187 223 108 269 176 37 49 297 211 223 127 253 32 236 190 117 36 
118 20 58 183 150 232 217 293 266 142 211 79 108 240 270 248 177 57 179 132 148 196 116 235 163 208 168 8 183 73 96 172 96 205 69 182 67 291 23 229 12 48 176 204 58 184 149 296 189 72 168 143 6 86 15 240 224 160 180 95 166 8 218 75 128 15 174 269 131 297 53 298 54 169 69 55 153 237 102 28 295 136 211 279 2 54 170 295 265 292 220 57 87 157 92 169 290 79 286 200 
171 258 143 280 147 6 243 5 77 75 185 267 79 22 157 215 234 246 144 259 62 168 93 0 245 50 57 110 274 9 24 7 113 18 20 184 157 182 89 100 242 82 45 101 77 82 230 40 161 204 130 220 275 67 47 214 99 52 299 83 124 105 149 135 82 157 136 177 135 7 140 66 165 42 219 142 237 196 293 21 174 45 7 30 212 127 133 62 151 35 38 131 197 87 228 171 206 122 168 191 
213 75 103 243 20 242 234 167 192 223 219 266 99 185 80 166 229 66 111 289 292 103 11 295 231 158 138 251 74 2 216 86 71 200 159 277 56 275 275 179 156 181 51 136 227 180 177 35 298 61 119 182 186 168 82 173 251 12 159 52 176 254 203 115 42 184 195 230 282 102 117 110 58 36 210 193 78 253 17 106 7 240 162 41 89 73 6 31 226 27 114 165 234 267 42 61 236 179 176 42 
272 184 261 53 179 145 88 188 8 233 276 106 60 151 191 142 29 236 128 225 242 168 68 190 202 172 40 32 14 263 170 159 4 292 131 95 45 216 120 74 105 249 255 127 178 57 296 110 230 75 83 205 237 186 256 208 234 68 58 201 288 94 252 79 249 261 38 20 234 277 178 289 54 234 278 121 159 284 5 212 48 211 96 21 62 19 91 274 49 54 284 135 251 186 43 10 214 130 22 5 
37 75 279 44 73 127 260 37 89 2 191 93 140 35 186 112 248 193 124 160 163 39 293 26 209 73 30 298 205 212 113 289 229 211 79 231 47 299 106 214 34 40 166 107 292 45 158 83 113 250 248 79 127 95 85 267 88 8 14 109 25 151 160 140 236 173 5 55 125 193 280 156 76 142 81 260 257 135 212 297 88 88 131 121 291 34 222 5 26 262 35 82 110 163 210 119 93 1 98 263 
89 290 100 196 277 275 29 96 24 10 167 214 221 23 212 193 202 103 281 20 81 65 72 206 164 135 60 248 92 123 298 11 152 6 145 225 19 61 177 5 7 138 172 123 272 161 40 240 40 88 105 121 20 27 277 240 251 256 5 114 169 250 60 108 163 25 49 131 97 202 34 193 192 127 62 102 189 256 234 256 85 275 23 207 99 181 47 28 207 251 91 262 176 252 172 165 165 171 105 30 
255 59 111 240 130 20 98 66 164 154 59 180 50 53 222 242 218 279 150 290 296 250 191 202 249 179 203 178 69 199 128 35 84 144 233 68 264 299 63 16 141 181 150 160 209 118 80 119 96 161 93 223 51 181 68 133 72 172 193 284 121 42 291 281 62 88 164 219 280 146 166 22 212 289 252 157 39 198 165 120 299 151 61 238 166 150 74 155 78 23 121 34 160 28 57 137 280 145 3 104 
289 82 274 11 18 112 49 78 17 60 39 132 10 60 177 287 238 27 291 93 149 143 44 156 30 61 283 98 11 217 130 120 135 95 176 71 13 9 64 204 49 73 147 224 294 253 138 271 196 286 116 66 182 202 121 154 3 277 244 220 9 229 63 202 62 213 84 55 38 251 297 65 240 45 231 206 261 50 84 133 66 237 112 191 58 146 57 81 151 183 213 119 115 261 291 2 182 95 237 274 
82 135 89 167 99 16 59 5 44 19 258 161 6 229 225 142 171 284 259 32 46 25 14 144 113 209 185 144 135 110 264 136 211 109 152 130 93 134 15 117 87 52 81 224 242 77 295 125 167 140 148 148 192 249 98 202 275 56 47 205 29 258 148 110 15 177 73 80 161 179 46 231 83 292 180 97 232 171 55 108 204 225 12 80 225 104 238 293 218 176 25 132 4 47 134 291 292 22 281 27 
237 270 88 194 74 4 87 104 131 133 261 81 128 37 50 192 181 146 233 250 140 87 140 190 1 49 153 7 28 290 12 90 24 228 202 286 186 204 12 82 127 188 20 170 94 126 267 156 293 30 172 64 295 270 256 17 154 43 98 275 154 239 173 66 254 213 272 212 225 196 169 74 207 68 173 290 78 97 278 97 59 150 34 255 45 121 272 131 168 111 217 210 18 282 248 162 258 85 5 107 
217 136 114 4 25 173 143 54 0 242 268 74 213 200 224 4 172 187 165 164 148 3 213 56 152 223 194 234 70 207 202 131 196 199 12 276 0 2 283 201 131 1 264 299 85 81 234 54 239 274 286 22 92 208 51 149 200 145 111 278 53 249 82 277 20 283 199 235 216 65 33 267 129 73 3 293 105 60 183 109 189 136 192 191 102 82 214 222 158 290 134 239 4 13 162 28 224 70 118 208 
121 200 224 180 261 76 293 287 35 79 112 170 252 82 114 271 76 84 83 234 170 84 12 104 281 40 209 64 60 193 121 64 0 56 80 233 180 176 149 257 69 145 88 28 271 208 225 0 180 48 157 210 296 40 196 138 281 174 88 94 128 144 270 149 99 45 246 277 284 98 96 60 34 169 168 207 170 29 37 268 145 104 161 197 76 158 247 20 128 26 115 120 180 62 195 94 31 154 194 229 
58 117 229 195 89 132 231 191 225 147 37 206 267 57 10 239 70 89 33 238 183 150 101 241 280 244 136 264 109 5 51 259 266 231 121 6 292 54 282 157 192 116 217 191 274 79 113 212 251 107 29 192 168 128 243 14 176 39 42 145 211 20 234 141 225 18 183 217 266 22 216 112 111 277 183 178 226 13 266 181 205 202 147 295 72 185 68 129 132 245 168 164 114 228 54 175 229 252 168 261 
35 126 218 157 103 226 104 31 51 5 88 177 106 87 49 102 120 245 21 97 260 250 275 125 227 193 108 83 192 183 203 117 51 28 200 154 270 111 67 230 173 237 292 256 272 26 260 181 63 40 41 298 56 64 35 245 225 214 256 255 240 187 153 42 171 157 61 129 265 263 26 264 216 294 145 103 41 207 255 81 256 65 125 237 297 246 287 87 47 265 209 175 51 62 162 238 145 149 58 34 
24 272 13 100 272 32 76 133 95 198 276 88 285 258 24 245 173 243 52 187 35 16 240 85 252 18 109 288 126 104 106 48 164 276 97 283 261 43 132 186 136 90 207 277 133 89 283 118 62 288 253 33 260 244 76 159 214 193 19 45 230 298 178 279 83 136 26 35 40 86 90 166 79 228 77 257 184 299 2 45 118 169 23 154 158 197 5 264 263 5 19 215 210 106 69 299 299 32 115 195 
27 262 246 138 288 76 85 122 253 168 272 277 251 157 234 289 233 23 237 61 106 95 246 45 176 173 0 4 207 163 61 4 75 3 255 94 279 18 5 75 190 175 210 258 147 14 265 59 53 141 38 241 295 58 79 27 14 51 15 23 86 83 127 292 69 49 130 20 180 89 50 65 174 38 187 97 244 50 104 191 118 209 232 20 70 140 203 234 266 124 281 176 66 30 122 158 60 172 142 66 
35 183 242 219 118 111 100 61 197 298 212 229 264 17 36 247 183 139 42 45 146 147 190 277 26 129 229 150 295 116 116 211 240 238 213 205 32 151 105 46 138 46 225 293 87 94 154 128 34 244 295 288 232 246 160 72 90 128 1 28 224 128 271 23 71 255 163 75 29 186 277 245 87 130 182 180 19 40 117 233 43 227 170 35 102 283 128 132 134 122 102 61 62 225 216 239 84 146 203 22 
49 243 52 176 76 110 104 233 224 54 278 294 42 180 248 135 195 55 161 58 182 133 235 1 153 259 214 118 123 183 17 185 37 92 123 122 121 97 278 241 299 242 48 134 80 283 149 252 55 66 77 277 242 63 276 202 108 122 259 117 45 153 198 148 131 99 106 56 154 88 169 266 34 78 96 173 119 67 237 188 254 84 188 13 170 205 178 274 241 238 192 154 84 165 10 140 204 73 108 184 
187 235 149 22 127 75 245 295 109 217 10 297 32 216 99 150 202 203 65 264 227 170 23 107 66 184 292 200 297 54 294 37 284 110 229 165 268 77 48 41 76 73 83 238 93 244 2 69 94 21 205 101 142 84 144 284 125 219 161 112 113 190 119 275 290 69 129 57 251 103 176 118 34 127 270 55 41 110 212 209 147 10 1 55 259 114 6 19 15 277 132 73 55 260 228 219 31 23 111 280 
131 175 63 290 141 87 96 165 112 167 106 106 179 40 201 212 184 232 222 78 234 109 238 158 125 86 257 288 248 69 72 257 63 79 258 18 39 20 292 99 274 234 247 125 92 133 62 236 90 16 56 185 136 58 246 119 258 154 101 122 70 23 223 221 5 12 211 92 155 43 98 130 296 269 124 189 0 102 76 230 249 241 231 58 52 217 165 53 286 189 108 298 67 157 178 51 244 102 258 63 
260 129 128 244 276 130 16 286 169 175 46 246 66 222 163 247 298 234 11 166 277 119 56 215 197 259 93 39 64 149 122 140 112 63 99 107 212 46 28 265 81 135 248 216 39 244 225 259 2 9 243 17 194 7 74 101 167 272 65 85 185 20 224 233 282 160 274 163 170 285 88 201 230 20 0 213 6 195 13 35 212 62 89 267 268 190 121 181 160 94 130 106 91 225 4 41 290 15 155 162 
212 215 111 30 231 116 192 256 65 99 10 70 188 100 191 126 128 37 43 238 182 103 167 157 266 70 225 297 240 211 250 38 32 8 273 121 108 200 88 177 186 115 197 160 142 16 227 249 203 222 208 188 220 72 92 11 190 200 179 187 16 85 40 203 28 39 276 33 72 136 161 84 164 241 173 125 66 90 281 68 285 154 113 203 138 121 35 247 247 31 143 2 19 261 185 75 123 154 173 222 
117 203 291 266 262 143 263 218 236 254 50 96 102 248 142 288 288 293 157 125 282 82 257 51 99 279 180 156 245 167 147 104 82 171 229 19 178 90 151 114 244 160 233 220 179 186 38 238 202 81 237 149 73 139 280 248 53 202 130 157 217 194 268 224 160 194 103 153 75 158 176 221 227 147 271 141 238 54 201 50 160 102 85 268 34 228 165 92 98 280 214 135 197 93 64 57 185 81 50 258 
245 286 66 72 43 277 116 201 105 9 189 139 194 22 25 77 239 10 220 251 296 247 117 189 140 155 156 168 182 192 242 265 248 156 110 230 193 124 287 162 166 275 47 57 116 129 118 280 266 249 44 218 124 92 267 299 34 3 252 255 255 75 231 287 44 182 188 219 2 21 249 156 243 284 182 280 255 65 200 194 21 45 193 12 147 123 295 189 268 38 19 208 220 197 203 178 89 17 99 92 
169 87 73 193 22 231 56 245 185 157 182 214 114 201 216 17 40 136 45 160 60 60 81 47 82 12 125 73 108 281 204 128 245 192 4 3 57 54 21 187 68 16 81 180 216 90 85 246 226 110 230 159 27 237 288 18 223 94 267 49 155 202 155 235 164 262 293 217 263 123 22 66 210 79 220 208 98 92 195 134 51 46 274 111 121 176 10 163 277 236 174 232 251 139 55 250 277 207 233 52 
260 47 291 139 5 230 100 63 98 83 263 285 70 100 4 186 259 223 243 286 90 18 297 121 285 58 104 236 280 225 92 131 28 169 255 221 55 276 293 85 187 115 168 291 87 12 293 30 87 120 76 117 28 171 196 64 39 193 259 21 220 196 241 58 15 71 95 260 186 211 110 192 233 240 243 245 94 74 85 39 255 184 152 150 138 17 273 86 203 181 164 125 227 62 297 81 169 271 250 229 
233 113 207 214 136 45 247 30 259 133 295 79 9 103 205 273 179 94 34 22 255 161 254 97 180 177 47 29 102 91 85 95 83 83 145 294 128 223 93 127 134 291 251 268 227 96 60 68 265 295 59 120 49 247 26 148 108 251 120 237 126 117 151 122 238 37 92 184 78 238 21 43 223 66 286 1 220 57 135 45 287 232 173 5 164 85 163 215 49 214 19 22 217 145 129 202 49 183 223 117 
48 154 162 114 210 131 72 247 231 80 2 243 189 136 3 147 147 157 206 65 232 47 89 10 287 273 219 88 216 177 123 68 67 239 201 236 159 278 24 257 170 30 256 263 227 193 155 97 112 149 255 294 297 21 13 276 9 132 280 127 87 266 79 290 99 64 217 2 255 86 63 91 112 275 22 299 109 73 202 44 38 185 165 22 33 158 85 101 257 225 297 228 262 147 292 217 73 170 211 267 
160 289 116 58 29 187 76 110 223 69 98 130 101 91 284 70 246 100 166 247 5 293 241 294 153 204 98 259 247 169 142 111 55 137 188 73 61 105 21 209 42 125 35 170 45 98 49 149 257 208 198 289 123 76 45 225 289 9 176 172 15 41 27 111 37 103 154 232 12 274 49 46 84 137 213 257 246 1 56 131 271 98 129 11 85 22 296 13 116 286 246 54 135 270 238 238 280 11 131 75 
154 242 246 128 186 224 34 265 76 237 56 89 270 238 78 141 225 210 275 15 159 278 202 119 297 43 206 92 114 72 11 155 287 225 217 155 100 24 17 145 43 246 226 282 292 147 106 88 81 161 149 78 163 150 9 22 56 49 19 34 146 152 157 235 216 111 229 260 27 91 180 90 20 135 198 38 152 103 117 272 52 296 280 182 250 18 178 64 36 185 191 119 135 201 178 55 239 88 135 134 
13 170 184 42 209 82 163 142 250 264 186 187 38 172 17 100 298 18 255 192 157 208 155 31 223 56 17 204 157 15 150 229 228 25 200 120 83 69 69 240 233 279 261 179 39 20 270 63 125 74 164 262 2 57 74 215 29 241 63 45 35 257 144 162 183 203 136 284 143 13 221 47 267 48 135 199 87 67 271 135 41 129 234 243 61 63 162 277 261 100 207 254 103 46 209 8 41 210 278 279 
291 102 283 128 63 90 72 12 110 116 275 241 297 245 37 49 118 201 295 288 139 196 22 284 191 250 98 71 48 100 180 288 261 60 206 217 149 279 275 229 272 204 295 164 65 104 216 39 219 12 106 241 231 79 180 202 61 209 287 284 131 114 142 143 184 115 203 109 137 109 193 102 169 271 71 284 260 175 223 214 49 276 115 62 189 119 64 284 43 298 39 273 134 184 269 21 59 194 173 225 
20 25 277 99 125 161 26 77 120 182 284 24 88 41 37 270 249 205 198 251 60 294 147 197 49 289 140 73 84 266 141 147 4 259 88 297 236 86 216 244 160 264 164 296 16 291 108 45 60 12 80 138 40 13 190 69 16 199 177 99 254 135 91 289 50 66 94 51 127 297 182 252 212 50 106 198 146 181 90 132 152 138 179 121 107 239 173 203 227 68 137 175 65 205 62 255 294 116 102 29 
120 148 24 290 92 89 288 47 56 136 0 30 74 229 10 257 116 228 224 170 218 237 90 190 245 88 82 79 229 3 160 276 273 25 265 49 297 183 66 38 56 184 81 108 123 91 223 112 93 203 62 206 81 2 44 143 286 159 209 259 189 136 162 47 72 289 54 173 37 116 169 207 20 121 299 156 277 174 278 268 258 158 63 108 16 43 83 11 12 71 184 251 264 83 265 278 75 235 162 142 
241 198 201 7 226 15 10 264 66 90 244 13 97 191 128 199 112 159 161 85 151 8 246 173 20 128 12 82 132 197 218 61 253 224 169 65 12 1 195 147 64 265 293 218 31 267 281 64 167 240 109 129 223 58 84 239 143 207 244 182 197 41 274 261 234 105 226 85 20 257 294 118 97 282 208 259 76 157 137 249 35 192 33 59 52 281 185 193 168 179 16 282 89 140 41 170 190 210 95 156 
253 289 34 280 176 140 178 264 184 235 201 100 246 40 10 28 259 137 187 33 107 89 118 295 288 102 188 113 279 191 177 137 215 178 100 201 121 228 98 202 40 243 37 117 50 32 191 175 62 257 222 193 295 233 218 79 146 271 170 273 107 87 75 136 110 139 71 210 240 218 173 220 54 295 164 98 177 299 204 276 51 142 179 200 210 95 89 73 275 295 3 94 264 192 138 5 106 294 212 30 
21 237 246 210 180 173 258 237 241 231 83 124 40 164 138 207 183 78 247 222 91 257 129 217 53 52 286 77 103 161 283 213 0 67 170 245 292 193 256 189 69 230 166 222 15 163 234 129 26 240 111 56 106 78 142 145 126 0 78 223 169 37 263 203 165 174 268 72 272 249 150 235 73 257 37 82 290 182 128 110 299 123 146 210 264 250 130 6 219 20 119 32 36 14 160 245 216 243 110 151 
263 163 55 254 212 224 217 133 15 103 271 222 211 124 88 0 9 65 238 292 283 184 148 34 0 292 203 6 205 114 197 155 276 197 144 82 296 294 101 110 5 240 204 166 220 291 279 123 85 287 134 156 120 52 50 207 294 239 212 283 264 247 115 99 153 117 180 288 48 189 63 161 236 282 95 101 35 228 106 214 233 15 45 13 209 35 248 271 144 26 266 134 209 222 16 111 201 156 120 166 
145 111 208 246 156 285 31 19 112 90 91 294 127 219 51 72 19 130 207 56 79 194 298 49 5 34 195 131 228 53 208 74 237 53 258 138 241 140 293 169 224 218 167 153 241 105 30 236 24 189 231 176 60 287 35 240 198 204 289 76 238 82 211 228 233 191 269 184 235 177 152 98 57 277 41 269 177 82 143 269 125 16 99 19 145 53 258 285 150 4 174 177 239 253 225 75 217 257 209 149 
146 162 136 46 49 45 126 57 77 161 13 67 30 103 63 283 128 44 111 22 171 226 33 139 231 47 131 123 161 2 148 168 14 164 299 182 18 58 77 82 207 260 186 83 236 225 85 214 296 143 253 183 123 114 58 281 54 48 273 72 282 196 237 161 115 87 147 69 166 138 187 51 173 61 230 68 49 247 130 136 40 44 77 62 149 131 15 299 73 76 246 55 246 261 194 188 185 107 48 99 
76 191 291 248 74 189 206 98 262 53 41 47 150 105 190 17 36 231 273 69 190 86 207 63 239 10 48 190 265 235 127 225 147 146 234 6 42 0 66 82 84 79 100 197 177 223 165 195 130 248 15 44 70 240 135 248 155 271 202 286 289 253 31 94 261 251 264 132 213 22 117 251 2 181 95 73 209 129 161 277 50 174 158 187 214 232 135 227 244 159 264 204 294 211 134 250 49 38 172 46 
115 19 124 1 255 234 123 80 298 129 95 102 136 187 65 274 184 195 299 75 137 80 152 221 281 230 29 130 123 27 222 248 112 26 110 225 265 204 288 297 160 293 74 38 140 182 138 194 178 233 146 96 241 20 224 288 185 33 202 132 111 293 88 179 68 80 156 37 35 237 101 16 47 163 31 81 234 210 217 178 122 81 85 222 22 124 276 169 69 150 101 150 157 61 279 262 111 121 97 188 
249 270 146 5 107 53 22 224 234 140 287 202 114 253 47 150 155 52 249 41 167 275 90 208 89 143 118 94 169 293 30 15 75 259 185 149 221 75 226 18 8 228 136 123 213 223 157 199 32 287 254 123 210 78 28 53 280 75 63 21 298 276 39 124 97 43 147 171 67 83 280 212 241 218 295 71 75 40 294 154 93 231 113 147 125 125 131 165 88 41 282 165 95 185 99 146 147 219 275 43 
94 63 11 145 195 37 37 129 28 24 163 258 162 270 183 189 242 56 72 148 154 244 284 226 46 41 11 38 205 136 283 14 279 277 272 257 87 235 5 214 228 127 259 287 279 281 2 206 156 249 83 271 299 214 185 15 209 233 66 254 3 292 291 211 164 15 238 276 214 14 20 32 263 40 3 273 265 92 110 129 259 82 15 197 93 193 272 56 206 286 177 213 253 143 264 206 159 41 274 267 
118 195 74 190 121 192 235 13 222 15 290 3 143 273 281 282 226 214 10 17 159 31 215 20 83 299 202 284 6 125 239 113 297 254 234 17 258 248 90 266 103 285 131 283 101 104 216 47 196 29 70 210 286 31 177 149 270 283 248 36 247 102 79 266 125 219 140 111 58 238 125 249 144 56 33 105 19 264 113 3 225 173 97 160 241 289 183 99 140 278 23 38 185 147 131 2 164 1 109 54 
273 166 255 276 130 134 63 177 254 280 223 58 12 139 42 171 7 142 176 198 235 149 14 175 260 1 193 162 221 173 97 70 255 174 153 89 291 148 133 160 62 78 51 117 4 272 98 221 268 166 88 103 177 284 22 74 207 112 49 14 184 251 231 30 85 236 282 92 177 142 233 221 96 124 165 242 35 102 165 36 240 173 180 297 108 122 86 75 0 96 110 116 128 179 184 246 145 233 127 15 
219 15 84 204 274 219 84 196 84 177 82 187 71 43 100 292 14 257 51 166 270 4 109 194 75 249 31 78 185 181 100 52 28 57 89 38 182 67 188 196 47 71 134 255 241 159 287 129 169 99 41 244 221 162 38 131 28 240 293 131 215 232 68 90 34 70 53 22 170 108 247 160 104 138 272 298 62 142 38 142 24 49 147 16 85 224 12 176 139 254 26 219 49 74 92 14 48 15 95 172 
120 86 54 231 215 156 293 191 146 184 273 162 147 227 238 135 195 23 135 135 245 177 297 137 130 266 151 31 30 36 133 45 147 248 296 114 188 219 68 79 237 177 3 146 258 269 257 299 13 154 172 211 28 246 247 222 169 169 254 181 88 132 231 248 166 11 279 175 184 212 106 60 111 285 96 148 89 35 21 187 4 55 11 133 289 157 155 192 8 84 164 132 14 189 26 125 155 127 35 276 
141 270 158 69 177 207 113 215 188 236 185 48 297 128 59 163 176 253 10 174 254 8 70 177 280 245 294 140 161 120 21 41 284 115 149 126 41 80 38 256 187 105 282 152 286 83 289 52 254 68 107 41 183 216 215 275 210 157 222 162 60 250 285 153 86 289 79 92 245 176 74 241 234 190 16 142 164 130 157 216 169 120 15 76 31 147 136 275 108 237 167 142 128 244 262 24 65 21 119 74 
159 71 222 237 257 199 298 238 60 182 46 264 183 146 209 143 38 112 93 224 194 81 260 241 141 35 249 194 127 59 218 88 21 77 169 1 101 120 248 9 297 190 96 235 74 106 42 14 108 124 169 262 5 108 110 130 207 127 65 68 90 39 127 31 1 178 260 191 192 164 128 198 30 244 272 261 4 211 238 10 109 167 205 225 123 188 29 261 167 56 51 272 156 12 43 46 101 289 267 122 
207 128 135 229 17 62 62 171 211 259 28 58 78 129 232 178 286 111 172 94 191 66 274 69 208 24 102 49 256 67 181 238 39 196 248 102 281 141 277 252 225 200 17 35 13 265 107 112 172 86 267 6 184 32 259 8 277 97 11 40 66 136 255 12 258 272 244 298 74 77 54 256 49 171 52 159 15 69 273 179 251 245 284 212 83 172 254 39 81 16 86 92 63 192 128 179 58 212 118 140 
16 202 220 259 175 164 86 96 217 203 71 296 33 235 196 276 58 168 30 37 247 213 120 61 211 230 232 299 142 123 128 265 159 219 24 238 139 123 146 222 181 132 193 170 216 162 58 107 43 209 15 107 91 75 145 241 42 220 293 64 297 271 146 84 55 134 241 192 129 175 269 123 105 28 22 241 279 12 255 256 204 19 299 48 5 8 228 46 184 32 89 159 93 270 286 157 284 221 136 186 
181 6 63 197 216 226 102 73 150 162 258 255 143 289 123 52 269 106 186 63 165 139 56 64 117 57 161 52 66 293 133 75 15 218 275 24 9 204 299 195 136 108 101 213 22 253 290 7 207 282 170 256 281 85 223 85 1 52 202 254 45 66 111 147 263 168 297 222 146 172 202 162 299 197 264 49 107 41 290 234 163 168 41 170 289 150 142 228 97 230 38 186 269 223 239 114 41 63 227 93 
