53 36 266 188 49 262 167 120 103 66 126 88 35 71 138 13 185 218 284 279 293 131 144 290 57 221 169 39 42 92 137 49 168 185 209 137 22 153 161 152 142 118 12 100 28 294 15 258 297 225 248 110 25 269 169 295 9 152 113 25 103 259 230 128 155 136 231 240 119 36 16 109 21 178 160 59 111 2 203 46 144 251 276 222 61 104 63 243 250 96 231 31 206 39 282 124 184 230 74 235 
256 295 268 237 69 91 161 150 233 45 36 263 234 35 203 68 241 13 86 249 224 284 230 136 272 25 28 280 229 111 267 52 62 66 96 224 115 273 32 47 120 197 293 104 3 258 153 226 186 195 2 10 239 49 134 212 135 133 153 244 292 23 201 255 47 141 52 168 46 171 213 188 18 146 24 10 23 265 47 171 262 101 17 260 103 291 133 196 285 231 40 281 179 181 218 163 204 63 166 283 
121 243 67 8 153 242 185 299 94 173 25 104 222 34 214 22 257 82 101 251 21 206 186 98 257 38 22 224 278 298 35 224 130 43 283 32 3 212 78 233 88 269 282 91 267 183 243 21 203 266 270 169 58 267 126 47 93 83 42 118 159 60 102 60 260 232 240 151 23 7 4 124 170 44 211 123 279 60 37 199 282 187 233 203 198 43 237 293 121 38 26 286 189 86 49 202 199 38 139 213 
189 132 114 55 206 189 256 52 292 261 95 239 131 156 170 0 88 244 167 211 176 131 117 291 254 67 264 42 35 229 275 199 189 279 289 58 29 101 288 27 117 202 93 73 84 62 220 36 260 238 75 53 86 196 148 265 64 45 12 149 216 140 265 248 294 256 96 141 36 212 99 190 217 286 85 74 143 257 211 183 290 15 89 19 215 199 6 296 238 50 229 1 130 77 216 128 26 26 33 261 
189 26 42 248 74 134 225 29 174 233 233 38 10 45 19 218 195 110 72 5 43 163 126 93 57 82 61 135 21 174 8 212 186 247 293 130 79 190 77 234 79 81 291 64 28 290 6 37 18 3 249 72 1 88 55 58 49 268 88 194 297 37 6 177 54 282 115 66 76 182 182 266 88 167 192 14 172 128 273 177 213 254 34 135 179 13 242 246 218 215 176 224 287 168 251 105 16 180 69 211 
125 294 119 43 31 157 190 138 282 92 146 180 70 245 111 200 261 145 152 284 244 142 98 74 143 246 170 266 70 153 198 214 298 157 242 268 39 20 201 183 250 201 257 4 18 91 155 130 243 114 28 240 208 271 145 282 261 266 4 71 203 153 275 154 187 228 8 114 72 64 266 186 117 61 251 181 178 111 199 250 9 234 48 267 220 192 38 22 258 175 96 109 107 268 195 271 64 84 155 3 
26 296 249 281 137 30 108 289 208 162 2 182 55 174 100 288 58 166 84 126 196 10 35 247 270 121 143 65 117 14 91 2 225 98 137 199 48 121 19 186 130 236 9 40 194 86 149 11 128 125 184 16 153 59 45 97 148 142 263 233 150 237 64 156 97 116 207 296 168 66 213 140 62 228 227 68 152 113 263 185 108 68 62 218 91 30 125 283 61 293 222 266 48 252 164 252 98 71 162 25 
271 81 93 229 62 172 217 204 242 81 285 5 5 201 29 80 288 251 119 42 61 7 209 116 113 178 290 258 252 51 63 33 3 5 40 279 13 234 167 183 189 36 0 211 90 194 125 212 267 169 208 85 1 188 275 264 294 224 276 186 248 280 189 92 34 96 237 157 131 187 252 262 299 115 263 20 69 292 79 120 271 154 280 105 131 143 257 217 60 182 103 161 172 53 85 242 211 164 277 212 
35 7 240 167 34 134 43 162 113 43 111 271 258 224 66 136 0 13 18 79 158 0 290 282 213 235 115 112 202 274 128 235 75 202 188 80 296 201 211 244 58 127 128 94 99 188 235 96 157 115 11 183 51 110 261 297 156 95 98 130 151 142 161 130 30 256 248 116 243 143 80 251 140 131 67 212 182 105 31 41 116 27 48 120 21 63 118 299 19 235 182 214 22 239 61 145 148 184 123 244 
10 138 238 81 191 245 84 277 279 57 272 109 123 37 296 78 127 168 35 287 252 263 205 282 159 255 79 41 109 275 78 38 153 52 244 109 279 259 294 101 242 74 153 50 125 67 148 106 248 181 292 277 106 157 124 109 58 32 80 153 90 285 133 89 203 238 103 20 136 170 37 93 139 45 236 24 265 8 19 83 278 150 114 262 160 163 26 67 127 199 99 166 269 174 199 194 182 99 154 180 
126 110 211 56 22 42 30 1 53 23 82 145 24 7 260 277 196 230 185 225 158 176 181 107 287 174 176 268 189 97 282 131 182 46 265 119 256 157 114 67 132 141 168 260 246 167 136 238 161 46 33 210 159 195 9 280 88 216 293 59 104 274 10 29 294 84 213 241 191 270 245 213 210 34 98 25 216 71 283 173 199 35 27 43 287 111 177 269 113 70 166 211 227 163 235 4 228 230 191 242 
256 280 50 148 259 69 183 27 91 244 123 251 254 253 147 10 80 169 246 139 232 142 134 261 39 148 197 234 242 97 91 238 100 204 298 87 119 56 260 19 173 27 244 191 2 31 196 289 292 129 226 25 187 241 62 40 66 33 139 175 30 265 160 138 49 214 32 262 262 5 221 211 83 55 82 18 187 203 171 56 293 207 297 215 212 78 6 277 289 10 149 293 282 250 238 281 185 270 269 77 
292 297 217 213 25 243 239 207 181 235 123 77 137 271 210 238 181 171 8 290 32 154 53 66 156 207 126 199 230 216 69 153 9 248 89 161 52 294 34 106 192 100 229 150 90 209 230 100 161 38 75 65 8 31 184 118 107 225 76 252 30 215 27 185 185 278 168 117 294 1 249 211 92 205 120 135 202 160 57 224 252 32 265 278 39 55 153 215 158 132 67 265 108 152 52 281 153 179 243 7 
269 172 217 231 86 264 221 282 108 53 134 35 121 245 163 235 235 199 106 171 163 56 136 86 72 299 87 130 243 274 225 119 75 271 205 149 108 123 16 173 288 136 109 179 2 141 144 238 183 250 199 209 141 165 74 61 209 144 221 159 124 260 55 231 126 14 121 61 32 67 40 119 238 241 143 7 158 180 205 283 122 86 229 66 144 95 234 264 193 67 113 281 125 105 57 189 53 36 251 176 
88 284 189 89 38 124 64 88 121 165 137 224 74 269 0 121 256 149 123 94 211 196 100 14 208 77 50 297 99 94 285 213 146 198 253 250 284 188 279 93 219 201 253 215 274 48 223 266 61 4 206 52 299 214 90 124 71 279 74 185 126 264 19 168 104 201 238 194 220 162 33 146 281 92 156 35 42 259 282 205 8 72 239 156 273 58 298 122 41 257 199 15 45 274 62 54 60 124 248 109 
70 26 145 279 1 118 243 293 45 258 171 151 43 69 101 165 138 52 48 97 110 153 178 78 80 172 157 254 113 168 8 248 178 244 176 37 36 191 230 24 65 184 255 31 147 146 97 156 208 36 38 180 137 16 194 255 139 161 194 200 191 1 265 54 68 4 294 275 146 126 160 292 138 35 109 49 32 157 286 71 280 73 137 83 248 98 17 256 46 262 162 104 22 231 160 99 81 109 74 93 
124 245 133 57 242 57 47 222 111 128 21 49 39 181 228 95 66 119 7 160 5 216 267 87 101 34 89 52 35 21 96 136 256 102 7 240 274 219 189 9 158 184 277 186 11 26 225 218 79 70 185 228 40 284 81 148 222 221 175 108 172 282 186 95 100 58 128 256 46 141 64 182 119 25 55 43 110 197 24 231 43 13 27 94 120 181 288 32 209 9 27 23 210 25 37 102 142 172 68 214 
22 130 244 58 132 251 143 75 230 102 158 223 46 278 168 81 263 74 10 194 120 182 248 286 251 201 92 74 236 246 124 52 11 216 136 32 139 97 224 298 49 136 35 264 5 230 129 141 38 82 46 234 144 64 299 140 281 216 156 298 101 214 47 172 171 77 125 244 247 204 66 289 125 281 270 233 206 8 261 87 130 114 230 164 105 179 227 229 166 92 252 178 21 13 82 234 280 14 2 211 
160 285 67 287 200 3 151 122 234 150 169 162 237 262 11 177 256 286 41 22 121 242 38 63 11 287 297 124 192 279 168 296 282 281 212 92 297 223 244 200 170 234 180 102 209 174 72 4 251 187 173 182 46 62 246 207 257 112 147 232 281 80 158 239 216 179 180 100 288 149 15 150 164 5 51 172 41 214 273 61 243 48 210 237 221 236 185 285 238 36 17 166 137 8 89 192 64 30 1 268 
29 141 44 28 129 147 58 99 148 69 116 5 117 106 165 107 173 268 235 10 134 210 46 100 62 145 113 120 94 157 35 179 124 278 48 207 146 144 68 3 224 280 238 39 155 201 241 9 16 281 19 140 293 187 63 4 11 153 225 98 72 217 263 150 193 62 186 202 26 52 73 233 148 3 158 275 7 144 167 250 78 284 98 82 292 159 155 73 184 221 226 111 263 274 25 84 168 211 260 105 
48 130 191 299 44 118 162 242 156 117 258 139 1 74 44 284 241 18 167 200 1 52 59 225 199 160 216 153 237 198 239 257 254 40 59 176 224 25 246 207 14 202 191 207 42 200 63 175 217 296 203 136 26 40 73 283 276 75 124 253 164 182 173 73 87 244 44 61 276 139 115 154 60 184 229 14 277 65 210 58 260 256 218 229 43 227 159 70 23 258 295 277 66 277 282 213 87 46 32 84 
276 201 245 43 276 255 65 152 263 124 175 186 47 103 33 223 216 215 14 88 102 282 126 44 205 245 29 85 130 184 267 0 12 204 287 111 169 238 211 106 70 252 191 117 48 178 151 119 93 18 10 212 107 127 248 38 162 76 183 206 220 165 286 230 88 253 66 241 151 299 238 119 287 278 129 261 5 286 205 252 134 108 226 266 28 5 7 100 34 172 20 71 161 0 49 16 124 151 149 62 
230 68 75 267 151 118 169 170 84 210 182 247 19 11 246 215 27 236 143 269 63 58 23 189 225 234 239 168 25 113 9 145 146 282 5 51 13 172 201 202 227 29 263 158 109 101 100 37 90 35 21 77 111 245 84 143 48 19 96 154 141 142 258 274 108 245 273 234 276 95 119 203 133 162 84 271 10 12 285 291 143 132 97 253 253 67 269 297 198 143 22 104 5 31 219 45 218 65 210 76 
22 29 223 156 38 266 4 294 52 158 180 74 141 149 214 184 113 238 47 159 76 193 267 12 34 288 152 231 217 121 77 62 18 132 290 226 73 297 139 201 137 144 162 236 236 283 177 222 266 63 168 250 12 31 115 30 27 9 27 283 42 126 286 206 144 121 172 88 172 183 35 226 59 57 226 32 216 33 77 144 34 134 216 165 275 251 67 72 163 246 253 133 259 268 8 19 31 195 56 62 
134 123 285 65 153 143 30 31 65 5 199 292 288 27 55 116 62 86 50 148 172 298 13 154 38 231 176 270 293 208 274 212 255 183 84 240 274 296 46 80 235 201 51 233 84 5 184 88 168 8 118 29 201 58 32 65 213 107 5 93 257 99 268 183 263 1 273 5 128 133 20 71 242 66 164 96 222 217 211 148 288 284 76 16 109 66 109 230 250 56 76 47 135 195 111 262 55 50 295 271 
30 122 1 240 234 176 294 107 122 136 121 272 152 228 226 200 274 118 114 226 80 209 288 89 152 109 162 182 157 242 108 215 116 219 52 36 227 15 22 185 184 247 70 17 51 214 24 205 87 30 159 272 198 31 134 33 50 141 143 86 162 121 96 4 2 31 34 218 134 199 116 42 193 297 221 46 212 59 17 48 124 169 133 168 138 226 61 225 186 242 58 162 62 238 5 170 188 88 26 22 
33 251 239 55 11 213 79 139 25 247 142 271 73 24 164 155 227 202 178 105 68 86 248 246 114 246 164 205 54 104 138 133 269 228 208 295 155 242 123 284 149 266 63 217 207 4 183 23 157 199 213 239 117 263 229 15 208 1 267 198 96 280 94 10 19 226 166 27 254 121 38 118 104 107 263 187 248 166 35 171 156 264 221 157 271 186 288 60 66 95 294 28 30 4 255 125 125 273 246 241 
286 206 20 84 246 63 218 75 233 129 267 176 116 147 247 51 184 119 258 281 175 124 49 8 281 115 225 95 197 205 104 195 81 137 232 275 295 166 266 40 46 292 236 128 29 98 226 271 22 182 142 159 154 120 195 8 27 43 11 15 242 225 255 136 282 10 82 89 72 216 292 34 292 174 206 294 15 205 151 131 75 78 117 116 25 18 184 294 193 134 134 257 95 239 236 145 112 172 255 77 
27 149 283 238 17 284 148 86 267 230 206 207 138 133 270 91 3 123 261 294 256 21 17 174 34 25 142 257 281 257 39 160 209 105 72 227 191 46 206 93 203 232 30 101 31 89 126 61 240 43 126 98 138 24 225 293 26 128 194 108 280 119 161 76 139 127 262 269 128 76 2 86 244 242 55 111 281 11 185 120 183 122 270 56 281 183 265 122 207 163 135 27 281 167 294 40 227 260 35 165 
58 206 225 209 11 61 170 296 38 283 54 239 214 75 110 48 4 257 282 113 281 20 230 269 72 24 213 244 291 56 35 106 260 55 10 255 218 61 155 277 165 108 182 231 48 220 249 112 178 192 264 299 80 117 6 254 257 140 139 25 41 131 199 280 97 28 198 291 87 150 145 37 106 76 288 223 130 175 120 218 25 154 206 251 272 16 276 26 88 81 96 98 259 77 151 135 147 153 104 33 
97 235 101 184 189 97 5 87 238 201 42 29 112 196 209 158 289 10 216 294 1 132 115 23 187 249 6 152 137 206 150 6 63 266 106 26 291 200 132 203 49 54 160 38 91 21 148 251 196 166 285 261 48 201 73 140 3 144 73 167 107 255 196 81 135 25 137 28 134 201 182 68 7 33 210 228 294 91 140 138 87 219 72 192 293 80 181 98 214 226 47 146 149 183 83 106 124 265 294 185 
95 4 138 53 85 72 283 115 137 148 76 275 227 272 188 209 252 181 128 25 64 31 117 287 203 195 219 274 174 210 64 53 262 296 293 42 25 5 64 207 152 258 185 127 177 267 34 134 190 35 141 227 57 63 295 209 193 284 23 55 65 283 27 85 176 286 211 196 0 173 124 109 119 271 75 237 263 182 101 151 53 163 225 254 101 129 48 100 287 91 152 236 5 118 288 156 123 170 199 22 
283 84 96 20 267 291 221 61 111 161 242 166 171 1 255 269 0 107 236 105 10 251 205 6 70 177 11 110 241 96 70 272 277 50 267 165 206 212 111 68 179 294 161 153 186 109 116 113 258 143 112 199 260 79 91 143 0 297 11 48 280 0 11 175 85 286 150 66 65 108 239 265 225 164 189 244 28 31 232 36 143 154 48 83 190 178 122 226 235 150 233 201 278 234 219 38 9 14 48 241 
53 77 270 144 172 294 114 265 4 298 66 104 59 27 143 119 1 273 85 287 184 76 77 157 282 241 25 281 52 184 22 234 60 137 183 73 140 213 217 274 105 195 59 57 171 20 186 69 175 40 76 199 213 154 266 141 160 46 242 101 278 57 188 115 196 289 55 165 184 49 98 186 105 158 290 181 113 291 89 153 146 143 297 245 95 166 80 264 91 33 286 4 154 161 89 254 47 156 45 44 
190 202 284 282 195 179 112 74 251 170 255 149 93 298 189 289 99 162 28 102 241 34 180 149 178 191 22 46 155 216 15 276 277 239 160 33 279 134 220 112 215 223 12 135 43 240 107 8 59 31 170 127 157 269 189 229 249 185 10 180 7 131 1 111 297 137 66 175 109 219 215 181 67 50 245 250 146 258 136 185 77 260 225 4 231 145 216 258 260 177 134 43 2 50 185 272 231 269 1 104 
157 185 73 283 237 261 230 291 261 264 211 284 283 15 106 60 75 87 10 87 241 176 298 247 198 209 180 231 129 145 21 45 7 269 77 26 87 194 198 21 164 150 270 250 11 54 12 184 49 211 22 116 217 190 229 201 158 196 48 201 104 217 172 217 59 59 15 164 208 63 206 60 147 100 125 234 56 115 268 259 62 13 113 190 216 34 11 208 2 286 89 109 204 67 223 33 98 131 53 231 
160 282 201 192 118 181 129 36 250 164 26 97 236 249 151 264 163 126 221 296 26 41 243 160 142 185 4 4 54 248 60 6 134 68 188 62 201 182 178 265 253 209 21 202 80 154 243 107 148 48 127 93 46 75 89 0 260 29 67 230 76 60 151 78 288 176 295 277 68 144 271 276 193 192 253 243 15 90 205 293 228 93 184 220 26 57 183 59 171 225 52 179 93 65 144 14 277 232 9 38 
207 260 185 69 230 228 275 183 211 67 94 216 192 185 141 24 11 207 122 141 284 38 226 176 151 156 263 26 89 294 170 108 122 81 167 288 188 228 267 78 90 50 206 76 159 152 169 117 95 232 206 296 206 67 245 144 12 205 45 70 45 27 147 143 298 6 242 122 59 49 28 49 186 90 12 251 184 161 197 236 223 162 114 186 176 286 190 263 250 7 30 51 263 199 32 231 137 86 6 206 
167 243 287 7 285 193 289 267 85 82 277 180 188 207 95 18 4 297 101 13 227 212 165 148 228 146 272 117 256 298 30 116 200 201 192 228 86 217 225 59 281 217 188 278 64 136 8 141 225 113 5 99 50 218 174 218 192 239 172 276 288 134 158 45 247 121 118 181 104 71 175 276 188 107 94 252 241 269 118 154 179 46 55 89 43 46 187 63 72 224 128 280 148 142 12 160 126 33 129 64 
241 187 243 41 154 0 25 220 93 278 164 261 166 80 294 241 77 172 37 133 114 279 194 26 267 86 281 142 291 270 114 104 40 281 134 158 94 239 90 293 142 222 59 83 190 266 155 117 242 288 7 88 68 53 281 73 191 185 168 13 160 4 153 54 133 225 296 43 123 146 268 280 59 115 159 182 151 194 297 64 9 241 179 94 244 66 23 9 115 148 146 279 183 275 81 64 196 6 52 221 
286 239 16 148 196 55 255 269 49 22 237 99 62 65 277 105 224 5 13 250 82 31 130 151 74 295 159 209 25 70 263 263 228 43 161 93 220 163 284 93 284 279 11 192 238 178 170 145 150 64 66 173 122 182 242 222 19 175 238 30 96 211 132 154 293 50 109 240 153 74 121 256 184 265 282 218 287 53 130 252 200 37 55 185 274 165 110 131 29 0 159 125 134 245 4 152 257 123 264 176 
258 250 183 133 50 111 39 234 274 218 136 144 49 89 111 51 98 163 107 258 284 290 90 56 145 10 95 264 229 264 188 181 87 133 293 276 8 127 193 38 151 116 13 248 5 288 55 266 66 217 41 196 27 201 186 47 286 261 232 139 115 75 258 231 268 225 216 54 219 183 77 213 279 180 152 205 108 6 198 54 267 252 163 84 240 225 291 181 166 273 211 7 156 61 52 163 118 240 256 242 
112 192 250 43 140 31 258 230 198 114 77 299 7 141 134 38 162 157 115 170 167 39 274 207 257 98 266 244 163 282 192 296 277 134 197 37 228 71 275 187 79 93 252 14 203 55 17 286 6 298 47 22 31 211 66 291 121 266 124 98 248 13 276 17 208 260 290 166 89 193 18 148 255 256 138 74 295 73 21 133 42 116 210 205 272 221 242 87 219 112 201 14 201 39 237 148 28 156 260 30 
49 240 211 134 62 285 244 179 132 266 158 30 111 183 177 284 96 24 164 204 21 290 37 43 67 226 207 45 192 180 127 290 182 146 87 140 69 68 1 94 116 127 215 174 85 7 251 283 150 130 132 162 226 86 89 29 200 156 162 145 290 25 173 101 250 25 18 274 274 95 98 178 161 96 288 67 4 200 254 220 1 97 223 123 202 193 145 277 42 266 248 258 241 255 131 47 24 218 151 157 
246 224 214 51 201 5 47 199 37 9 134 113 63 106 220 229 181 238 8 254 52 179 24 243 133 234 96 40 160 213 139 52 50 152 86 94 282 170 65 66 286 251 196 69 35 124 149 35 127 219 15 24 197 73 184 201 250 197 50 153 30 22 10 103 148 147 10 82 267 26 97 38 85 50 172 125 161 73 271 138 104 170 285 44 35 74 0 214 76 54 169 221 122 140 263 63 206 41 201 155 
235 230 228 273 36 126 245 216 137 260 260 181 276 129 135 97 101 235 118 37 95 11 250 9 104 184 42 163 218 142 236 178 280 190 161 99 205 242 260 166 107 208 28 152 103 102 164 31 247 288 219 111 155 113 185 272 228 91 164 215 78 225 46 10 13 2 298 58 155 28 184 163 63 198 95 83 113 165 5 87 240 257 297 114 272 76 17 262 62 251 117 240 213 67 56 175 258 82 287 72 
286 50 178 228 282 230 20 187 130 0 206 199 298 49 120 140 291 51 118 195 290 204 200 137 115 84 145 89 23 197 181 172 157 45 22 268 286 23 271 283 283 22 46 70 20 194 228 93 126 260 250 80 109 16 150 286 275 160 18 297 264 68 40 67 166 185 123 24 116 83 125 207 226 18 22 21 287 38 200 55 287 61 62 152 33 165 78 8 251 83 238 206 189 172 299 80 140 13 209 130 
29 168 94 4 85 77 125 74 161 218 224 20 16 247 165 43 128 156 105 69 298 145 22 217 218 34 299 211 239 43 38 184 59 223 137 129 178 191 104 244 55 286 197 296 159 150 225 282 168 277 222 220 104 105 182 192 88 37 123 68 55 21 19 174 296 280 183 18 163 24 62 107 65 17 23 61 22 137 130 288 187 236 266 278 58 160 249 90 117 48 28 176 44 268 23 218 6 91 235 284 
190 71 64 136 68 205 9 13 79 278 97 77 23 61 109 217 210 246 16 296 242 186 210 202 299 40 40 298 11 259 74 218 281 37 93 198 154 64 240 60 137 79 262 262 238 31 298 148 45 163 230 256 180 292 108 91 206 93 254 89 173 278 115 220 119 227 94 185 169 59 275 248 267 17 188 46 39 284 26 295 115 186 264 145 161 226 98 265 86 22 6 260 246 122 19 107 20 15 203 122 
199 46 11 111 139 172 28 197 117 238 252 163 37 293 213 67 103 168 102 294 196 93 95 110 225 156 54 269 168 277 175 124 154 297 155 288 24 228 57 144 210 2 281 131 125 226 298 55 137 86 209 226 250 240 43 163 158 232 59 177 43 63 95 71 20 203 88 32 90 169 76 277 9 99 92 159 293 138 263 299 106 295 290 15 38 100 159 108 241 17 114 212 125 123 266 72 3 146 262 138 
5 18 145 47 214 215 234 252 87 113 43 90 208 204 82 167 6 180 117 91 286 5 77 68 162 78 53 258 154 156 4 82 1 168 243 67 281 12 267 157 153 206 94 141 186 73 236 262 240 158 109 27 185 202 42 216 30 285 144 129 277 54 219 284 179 179 10 79 278 211 290 102 170 243 70 130 68 278 206 290 187 280 287 285 18 173 277 136 73 237 82 274 188 143 46 9 233 19 275 118 
54 52 44 60 245 86 72 164 262 219 288 57 226 264 257 199 273 34 295 293 135 197 135 47 55 217 202 132 96 119 94 148 11 227 176 210 56 132 235 8 124 147 119 10 171 28 54 296 127 153 147 90 93 231 164 263 126 86 278 209 196 121 10 62 294 248 238 284 278 217 145 157 30 35 243 178 69 228 132 132 102 153 222 244 249 245 17 295 33 184 39 237 162 31 24 279 171 82 296 86 
283 244 114 135 68 40 243 264 28 226 240 160 203 143 288 217 81 141 237 49 88 225 89 295 252 226 95 248 55 46 216 201 143 255 143 226 10 171 80 84 92 116 181 91 119 251 284 283 91 164 253 24 55 149 139 3 228 154 240 79 272 12 242 56 98 260 28 43 8 95 117 166 37 64 183 233 52 93 23 226 285 257 52 212 146 246 277 130 113 299 299 142 236 172 191 296 284 40 16 93 
199 163 263 183 203 272 0 87 56 69 292 8 165 38 183 2 286 194 28 219 30 148 235 172 106 138 23 68 37 179 84 212 101 242 298 286 198 45 106 184 30 67 252 171 101 225 214 277 53 23 260 226 205 90 137 94 257 5 33 104 226 197 127 97 147 193 241 168 127 158 133 16 225 62 174 234 28 39 204 281 37 283 48 288 157 21 284 99 83 94 62 212 17 282 138 107 290 156 188 271 
192 189 42 68 75 147 231 62 78 104 105 87 112 143 141 148 174 1 277 171 255 241 121 13 111 129 192 94 57 263 176 213 166 120 13 55 127 38 275 94 183 116 159 62 168 194 95 98 276 198 111 87 229 70 299 2 205 199 162 275 131 230 113 158 86 168 117 153 177 167 29 186 143 139 263 202 212 246 5 106 147 180 235 54 45 57 255 23 65 92 276 57 174 92 282 12 182 221 182 166 
73 222 58 102 254 140 76 64 127 193 275 21 239 86 292 140 55 166 26 197 285 212 217 112 33 138 8 29 92 3 298 127 275 142 33 19 244 88 208 99 287 184 50 266 68 193 79 109 63 80 52 155 163 63 25 141 167 212 123 273 15 274 6 295 95 120 167 156 9 127 263 87 243 291 50 246 150 245 20 118 253 36 84 241 125 252 138 235 54 42 266 18 46 197 109 27 193 136 79 150 
77 265 38 37 295 34 130 7 133 258 158 86 261 290 210 244 66 92 173 18 53 276 113 86 151 205 97 37 109 190 230 239 40 182 216 183 127 221 127 175 229 84 34 162 35 150 295 130 10 299 149 38 236 149 153 208 161 170 118 140 36 234 188 218 123 61 175 91 171 179 281 258 219 242 7 52 176 47 279 10 81 157 68 76 195 50 282 229 268 264 49 5 244 239 292 16 116 88 80 221 
107 293 103 67 145 25 262 294 94 95 138 73 270 54 58 71 271 20 131 36 136 263 150 202 158 199 194 47 77 253 22 292 267 27 149 98 153 293 42 56 222 96 290 121 167 145 140 124 214 252 77 161 21 78 176 26 115 124 115 234 92 249 46 252 231 173 16 155 117 78 12 192 173 39 198 133 128 28 22 97 197 297 67 116 19 126 240 201 133 47 187 245 119 135 95 45 124 235 140 223 
247 280 196 28 73 232 228 298 103 265 203 248 172 118 194 222 218 291 141 180 218 19 45 24 8 81 95 144 92 240 296 28 249 202 141 180 132 102 252 218 213 221 243 229 8 38 54 282 42 265 8 174 153 278 2 200 13 185 98 280 160 169 269 81 29 118 119 222 77 67 56 75 10 35 292 54 155 130 150 241 147 136 24 227 237 14 242 205 185 288 117 249 37 158 218 127 26 270 159 96 
247 57 125 93 278 81 184 65 179 254 26 153 22 167 62 107 20 240 192 153 240 230 152 172 13 23 272 0 276 207 113 201 136 93 58 7 34 265 151 66 294 58 271 188 85 256 186 247 1 52 52 138 294 55 26 68 162 240 74 271 151 8 25 34 147 119 124 265 124 5 46 87 266 206 9 94 190 37 187 38 92 66 195 295 127 79 56 281 171 200 1 261 51 163 293 150 204 59 34 227 
66 10 280 254 6 17 7 193 287 115 241 69 257 154 169 273 55 85 13 20 243 217 41 165 244 258 12 133 107 60 238 130 102 39 54 291 77 32 74 23 294 262 254 187 240 71 129 198 290 226 162 84 268 89 189 59 62 154 128 299 280 224 64 89 114 11 28 176 225 143 190 132 293 289 251 236 137 195 172 109 108 162 290 137 213 169 246 63 273 11 213 253 55 1 9 264 13 117 249 23 
273 194 42 142 34 146 251 56 56 88 33 219 289 17 242 139 262 228 87 42 273 29 265 98 16 132 249 27 206 155 58 103 233 253 62 159 128 79 296 112 21 98 289 26 241 255 286 75 215 292 197 271 159 176 237 167 200 109 95 63 71 55 186 17 293 135 119 98 291 9 50 167 177 131 160 65 141 275 213 224 20 171 31 238 193 23 7 282 217 111 272 63 283 50 86 192 229 182 157 220 
231 292 38 10 242 206 33 56 127 215 76 99 277 67 22 76 4 43 175 266 168 272 271 104 214 179 206 84 129 248 195 296 96 55 172 23 57 266 44 160 141 181 78 67 98 294 105 28 85 216 237 232 98 142 29 33 4 184 245 45 297 46 222 74 94 228 23 288 279 140 231 116 85 145 220 28 79 56 130 82 194 290 72 158 237 126 226 14 57 7 163 56 122 207 273 82 233 73 120 145 
74 44 7 76 101 25 189 274 133 147 278 107 125 245 120 15 163 184 241 187 45 97 46 256 38 281 53 293 21 163 214 128 96 10 95 169 155 132 30 30 18 41 211 178 1 4 114 235 34 91 266 205 136 70 99 113 30 106 10 258 198 34 182 35 80 61 20 170 85 53 114 275 12 204 265 87 210 25 142 278 228 81 202 63 299 114 289 60 299 171 231 106 104 162 91 257 209 271 153 131 
290 209 67 89 237 218 279 203 107 298 115 269 136 36 53 170 0 116 169 88 127 220 144 144 244 190 230 147 149 34 268 216 206 92 206 145 271 220 170 201 282 188 2 124 130 229 130 212 240 238 22 281 148 17 86 288 184 267 83 88 147 131 149 266 297 162 241 142 0 133 26 209 18 94 30 53 34 216 290 87 184 242 182 92 173 178 265 102 97 214 185 120 203 162 121 137 295 251 236 76 
198 135 10 59 35 118 184 266 119 173 193 171 62 193 277 292 133 70 132 95 52 13 269 48 193 46 80 191 264 26 146 240 52 52 226 268 185 234 203 162 207 131 37 50 72 195 292 189 42 118 144 286 12 56 218 38 181 93 133 6 232 192 52 281 97 101 51 59 216 283 20 38 34 7 169 258 140 119 35 248 223 30 233 139 12 41 177 217 243 193 125 237 27 21 226 115 187 286 273 37 
112 77 291 252 82 38 135 171 296 275 105 95 124 202 38 62 150 126 181 6 139 27 208 248 177 257 27 50 21 127 215 181 286 164 295 223 288 110 228 243 67 273 27 121 133 82 135 276 157 280 23 123 77 127 8 184 42 48 275 255 19 200 110 51 184 164 37 232 68 35 175 76 77 162 280 107 294 173 181 281 260 7 82 11 249 212 64 68 215 109 211 61 109 64 34 219 187 64 176 221 
186 43 149 145 218 126 269 67 63 61 4 151 257 79 99 78 96 188 46 133 282 25 3 161 175 172 97 266 272 221 133 193 259 80 29 43 114 21 122 172 244 56 135 76 43 272 6 157 104 181 139 189 205 88 174 42 113 288 258 87 281 63 147 12 281 115 100 169 253 2 158 291 261 151 51 55 174 265 22 211 11 68 98 162 234 222 105 184 104 100 111 86 160 54 119 275 98 273 189 67 
23 198 153 286 82 193 67 65 78 108 192 296 39 249 220 19 95 91 267 299 106 284 25 248 47 30 73 33 272 259 229 129 112 273 8 183 28 52 140 96 280 51 219 233 222 40 208 73 170 259 57 192 64 199 143 0 252 290 156 202 45 268 296 124 40 27 115 166 33 78 2 214 66 251 28 233 110 248 75 215 181 293 127 194 139 58 250 82 214 180 272 263 112 182 37 299 191 296 253 181 
114 248 88 267 229 99 102 272 141 163 72 13 111 34 188 169 37 297 69 78 169 38 151 19 144 235 241 210 82 88 163 38 204 54 10 242 121 257 150 255 94 127 92 116 44 222 172 238 216 200 1 285 288 13 10 170 235 281 271 262 63 278 173 209 286 276 221 143 231 155 168 177 101 41 103 15 96 69 273 52 50 175 17 142 177 21 196 144 188 293 32 2 15 11 38 288 287 146 281 114 
109 262 247 30 142 153 176 146 47 54 204 255 293 281 98 170 235 113 139 102 227 166 199 155 287 39 266 237 25 251 289 16 9 282 264 238 181 34 159 157 145 31 108 124 16 164 96 32 198 14 199 91 288 146 25 259 125 146 194 243 91 96 54 216 145 55 190 214 262 274 278 177 70 218 111 158 239 222 74 268 299 281 125 60 223 99 202 64 107 88 114 55 64 241 156 294 235 224 218 237 
113 115 190 241 298 72 69 253 97 276 133 98 268 76 21 48 236 146 161 261 212 56 73 152 138 298 50 78 94 139 199 244 210 254 234 34 41 289 59 69 8 29 80 55 238 131 250 159 175 59 78 291 15 79 80 70 188 199 100 137 101 46 110 2 277 207 288 182 276 297 185 259 71 175 168 182 5 48 100 289 8 230 99 169 26 89 198 78 238 127 175 155 138 234 146 39 90 110 200 23 
209 27 102 202 70 224 152 132 66 65 117 99 152 7 45 23 252 154 248 2 296 124 219 22 48 159 68 211 106 118 31 109 49 120 230 175 169 242 97 103 47 56 299 240 201 285 79 258 269 178 242 269 82 44 251 44 143 13 20 3 95 108 245 135 37 44 175 149 81 11 6 41 210 299 6 296 37 85 135 160 13 200 247 260 37 200 28 172 31 191 173 94 279 73 181 72 7 179 234 188 
168 71 29 234 13 106 223 108 122 179 157 292 256 234 59 189 79 255 117 199 224 94 156 56 28 62 88 75 169 101 98 52 275 180 279 180 14 99 53 83 34 159 262 191 138 126 227 263 277 263 223 163 26 90 20 194 228 178 17 37 190 93 109 30 230 112 254 161 171 161 197 217 299 101 110 179 291 25 59 250 152 90 262 83 246 151 10 3 13 240 233 268 137 73 271 105 242 101 154 296 
206 215 143 175 27 236 296 183 220 119 186 51 134 61 185 288 154 17 57 107 33 223 67 152 248 63 277 121 269 261 186 190 142 90 266 176 109 217 292 147 223 63 97 53 109 288 156 216 23 135 218 294 155 288 32 219 54 88 147 151 285 197 199 186 199 282 139 272 84 249 248 156 101 18 3 12 107 99 76 54 158 219 277 213 259 83 144 147 223 76 188 262 13 64 49 208 29 223 153 76 
10 117 182 9 219 281 145 77 242 178 57 130 157 19 237 204 277 108 58 187 283 22 97 150 156 40 199 293 284 148 61 190 90 204 286 246 207 82 247 255 145 260 246 121 158 256 295 205 221 215 107 172 134 264 265 272 272 19 85 287 216 131 135 289 280 37 65 224 31 125 128 18 59 34 268 278 27 190 170 250 251 179 262 276 104 4 105 179 228 218 120 17 241 214 74 230 16 199 26 106 
150 216 197 198 214 176 123 65 198 76 7 230 47 193 136 258 89 83 120 251 244 205 56 16 207 74 234 75 14 27 87 236 291 61 85 124 85 182 214 191 233 183 5 169 201 169 248 79 181 209 39 196 87 236 116 34 130 94 128 139 211 145 101 171 284 242 217 252 32 168 121 110 98 208 257 116 21 107 159 253 41 265 14 251 207 287 69 298 223 60 128 106 21 93 2 42 152 137 172 228 
127 133 265 21 156 89 78 250 231 259 268 67 259 165 20 279 203 149 154 276 264 26 225 285 277 2 126 93 87 67 23 134 30 235 106 133 203 231 110 176 272 64 220 189 260 131 158 141 192 275 252 121 298 282 140 11 228 54 52 216 13 283 129 141 245 212 243 268 163 177 146 228 166 48 295 64 169 116 283 156 232 197 19 124 170 90 248 116 100 283 133 76 186 247 211 185 292 261 289 125 
32 73 176 236 182 289 16 215 4 248 144 272 40 203 114 157 286 147 14 93 242 146 129 20 226 181 113 295 112 161 55 49 234 101 12 92 109 152 280 10 23 55 212 133 176 1 210 137 24 220 130 165 115 183 39 5 221 254 266 194 119 14 234 194 161 214 121 10 182 288 190 62 77 236 184 212 217 82 82 227 223 79 75 280 62 189 171 234 223 130 163 271 18 6 122 231 69 132 196 108 
252 103 59 30 185 293 112 240 89 263 47 131 22 266 54 15 274 78 243 83 152 45 251 268 126 278 290 169 15 282 189 294 253 219 139 246 265 64 239 245 34 244 264 102 95 154 230 277 193 52 72 48 125 274 203 131 141 90 282 66 17 58 39 102 100 150 21 294 236 290 33 252 42 277 98 134 177 27 88 266 278 64 292 262 56 127 114 128 145 222 251 89 196 90 42 130 225 258 273 131 
10 183 151 8 119 102 120 270 104 265 271 11 33 290 71 176 262 82 205 57 36 274 125 218 241 15 291 273 7 191 68 28 103 222 145 61 87 78 79 127 180 87 48 67 146 54 289 78 124 156 288 180 260 97 167 246 266 69 62 84 244 191 154 166 163 261 250 84 152 219 127 203 237 51 174 154 21 103 293 177 20 133 94 248 180 164 22 8 25 92 226 10 215 244 86 72 102 218 199 111 
65 255 27 273 43 247 234 16 178 7 79 152 132 136 284 146 72 135 202 216 65 196 76 31 113 128 261 150 232 218 12 109 162 7 112 22 230 72 32 130 153 48 144 163 235 291 141 149 264 222 230 167 133 260 131 83 180 5 46 248 229 153 200 131 27 146 25 116 263 190 231 231 162 67 64 183 273 92 70 297 196 57 34 60 147 233 164 167 141 291 154 95 170 254 131 299 60 166 115 97 
236 268 52 284 105 292 50 295 221 72 270 258 28 123 219 179 82 171 111 278 72 224 269 130 297 223 130 128 277 41 41 189 114 248 38 111 31 98 159 259 21 163 194 25 232 94 61 116 54 62 291 272 62 191 14 169 15 58 17 59 242 41 32 18 58 0 26 202 38 287 18 83 80 173 153 89 64 260 179 12 103 98 84 166 249 135 289 209 1 236 295 62 35 112 159 34 94 37 139 73 
171 177 96 216 170 5 52 67 128 266 98 146 109 142 31 107 254 49 67 221 157 197 297 204 20 194 203 157 148 107 94 230 227 173 105 221 163 41 83 74 112 75 249 283 12 59 292 35 282 217 128 57 257 253 78 10 273 45 116 185 78 25 167 47 216 99 160 7 195 59 261 114 153 205 173 26 152 54 18 51 84 139 59 214 268 155 283 70 91 175 157 264 242 181 253 256 0 166 17 288 
271 276 263 23 233 194 18 59 205 28 54 86 295 70 289 99 25 53 16 299 212 14 227 186 263 129 72 151 254 240 245 299 289 211 52 2 21 231 35 278 275 160 264 232 65 220 286 296 66 269 236 9 298 180 69 249 260 298 205 254 2 39 248 145 86 190 17 138 166 60 88 24 267 25 7 142 161 79 125 206 222 160 228 105 87 74 296 267 223 216 156 84 283 164 105 280 295 71 205 255 
235 277 146 180 251 206 131 63 162 196 190 268 125 89 299 122 205 287 232 163 239 283 249 18 255 75 137 135 78 83 285 298 271 66 253 10 129 252 273 171 234 239 206 270 107 286 281 288 154 29 272 274 224 66 166 263 257 16 71 18 268 126 253 178 140 62 256 23 35 187 97 38 88 127 69 208 0 185 132 228 256 94 288 79 30 143 154 219 41 114 108 118 230 168 92 199 221 254 148 238 
139 199 290 161 88 34 118 163 64 192 230 24 282 167 257 70 73 284 7 18 243 54 292 66 123 217 210 61 5 118 93 283 203 215 261 103 242 286 266 218 195 245 179 59 16 116 231 251 270 70 81 117 283 141 170 206 42 144 241 157 6 50 30 171 229 1 277 217 79 196 132 10 253 121 8 174 126 129 269 235 35 49 258 135 261 261 267 26 49 299 74 42 215 166 71 53 112 55 199 86 
105 64 177 145 199 99 101 103 228 114 4 17 45 72 239 153 194 90 78 27 167 60 124 101 104 97 37 29 216 114 175 190 145 73 201 281 23 65 269 213 154 134 43 265 216 129 86 245 80 226 144 153 288 211 161 45 165 137 288 107 269 118 244 133 239 33 147 254 282 37 176 161 88 70 199 164 293 42 119 118 232 151 208 226 36 10 13 46 138 188 291 244 263 142 202 184 44 234 296 270 
201 36 48 101 90 122 196 141 282 140 278 165 183 299 91 280 267 212 1 40 76 283 123 71 262 100 38 238 194 253 171 91 234 258 230 283 40 114 161 232 197 287 230 84 75 192 84 294 69 112 133 56 217 65 31 1 254 38 164 187 179 190 68 217 203 95 297 283 103 150 231 190 109 251 299 194 38 138 256 61 294 139 144 117 78 4 40 121 299 45 147 248 233 97 293 58 27 82 175 272 
17 257 181 42 161 99 130 279 182 99 247 111 298 229 223 11 264 54 114 99 53 141 48 168 142 210 256 176 257 184 52 50 11 252 95 160 191 8 131 147 265 189 72 230 29 250 285 83 121 220 88 247 104 18 283 223 205 88 209 3 47 78 37 245 94 299 135 197 38 86 29 107 230 110 220 206 108 41 71 208 87 198 242 90 9 103 27 250 38 240 277 21 12 66 266 146 256 186 195 148 
174 181 277 259 33 180 54 141 81 16 208 258 240 32 129 95 118 62 108 243 72 266 264 256 268 96 262 4 135 253 83 53 299 141 18 97 214 276 11 185 33 217 85 130 278 222 73 174 52 197 251 33 289 182 105 243 295 282 274 231 222 191 244 64 49 86 185 111 193 89 2 298 109 293 278 83 16 155 77 120 64 9 168 137 284 23 84 299 109 174 141 267 52 14 202 214 60 271 237 20 
42 1 44 114 224 0 54 5 113 236 46 68 68 141 62 105 169 283 291 182 154 294 60 81 279 188 280 74 264 121 223 237 213 110 65 283 121 89 73 13 15 125 96 198 82 203 126 148 136 68 151 231 210 96 186 237 174 30 182 201 93 0 247 200 174 5 28 201 14 290 152 82 281 34 282 39 153 141 279 271 266 75 71 195 185 276 296 257 17 47 86 157 279 272 140 84 277 290 41 70 
78 193 95 252 255 127 232 158 197 41 294 240 213 120 25 200 292 264 58 263 112 265 38 152 250 4 23 82 122 157 18 140 288 167 102 123 193 123 251 103 189 53 107 217 218 175 133 221 37 127 299 234 271 126 230 42 39 270 139 20 289 154 80 74 54 212 291 192 35 228 51 270 179 233 37 58 41 191 184 238 93 164 268 215 262 64 59 258 268 176 189 153 211 112 90 277 247 163 77 78 
237 64 279 296 110 243 132 213 151 45 246 16 169 252 72 40 29 297 196 76 203 99 200 161 134 116 50 200 175 266 126 270 203 244 64 64 190 245 198 96 70 2 190 194 235 131 108 143 236 125 54 152 66 155 121 89 20 270 68 239 242 27 99 10 290 131 69 35 195 37 228 247 236 139 265 188 297 180 199 284 128 178 253 287 251 160 92 140 179 2 29 166 284 263 147 109 196 11 203 248 
234 53 209 0 31 27 222 31 90 17 158 150 131 162 152 91 281 201 144 214 173 288 125 2 6 222 42 32 274 186 178 119 145 102 14 121 93 153 258 262 49 224 85 25 155 11 252 55 243 67 297 140 77 91 187 42 274 160 186 213 193 13 149 144 101 87 246 266 5 192 140 33 44 91 243 53 90 139 160 80 95 255 233 137 114 264 219 163 189 197 64 43 67 136 76 32 6 226 195 289 
98 237 245 40 274 7 80 75 114 83 93 144 192 290 217 25 194 112 71 147 152 28 191 274 230 251 64 66 233 161 41 72 22 168 57 96 71 203 273 22 45 66 207 6 50 207 180 248 72 156 292 96 293 182 69 155 192 142 21 274 80 13 225 22 240 21 199 84 67 142 54 258 57 266 297 235 89 77 36 279 252 275 13 18 246 191 226 128 187 76 230 101 285 202 207 12 232 16 268 137 
26 91 278 39 73 277 167 242 161 203 193 21 22 64 100 31 69 159 115 200 158 178 16 98 46 220 142 141 158 24 3 198 208 155 126 118 124 16 94 287 82 194 284 3 250 174 297 137 196 122 8 0 33 156 143 29 165 91 39 1 162 6 217 187 45 206 102 275 268 251 266 74 0 230 65 148 56 242 85 80 217 291 40 58 188 38 18 235 273 14 233 80 72 174 229 272 161 156 165 216 
136 38 6 116 163 259 15 144 208 156 288 178 262 143 268 161 83 8 217 239 197 122 217 263 97 64 132 162 285 217 3 179 244 117 215 40 252 133 70 3 55 260 237 33 54 94 203 26 158 65 97 237 71 151 71 129 59 24 229 112 39 40 289 27 260 19 232 118 45 71 60 102 127 181 269 24 221 28 218 100 237 67 250 141 222 41 270 114 231 229 193 258 48 43 59 221 164 89 6 163 
119 34 235 144 41 237 263 72 183 33 209 187 292 52 211 4 110 236 243 255 38 5 208 277 137 216 68 179 152 131 25 138 155 214 71 61 26 162 272 112 196 32 59 155 211 217 221 194 195 279 277 215 114 194 261 160 92 184 65 151 173 65 184 147 124 243 233 246 60 177 56 288 84 155 280 169 98 273 63 153 69 287 116 283 249 297 185 39 103 210 154 81 117 199 252 107 69 121 280 186 
273 58 146 160 99 296 106 184 206 158 294 39 256 212 134 209 77 65 147 63 89 28 97 72 297 124 72 113 0 51 157 197 39 65 86 261 61 24 158 220 101 222 278 51 249 210 185 111 216 268 296 55 233 36 249 292 274 257 28 237 52 75 272 60 152 81 57 238 54 174 287 158 236 74 150 269 266 205 153 128 133 232 147 251 57 75 184 101 286 162 214 64 132 135 216 110 187 39 15 83 
