118 247 158 223 246 199 36 163 93 58 271 40 126 83 267 128 15 149 156 288 169 221 280 53 151 154 112 121 18 201 234 248 281 245 73 225 265 268 9 264 76 244 42 66 270 233 287 62 248 35 229 126 265 39 138 237 101 281 215 103 204 64 133 76 95 21 7 272 165 213 18 74 116 6 299 46 184 144 285 153 49 100 55 60 49 185 168 132 265 101 23 224 64 86 274 112 280 33 213 0 
132 26 72 292 5 226 129 110 205 293 18 188 268 268 279 40 1 47 267 46 149 10 105 113 111 157 117 200 292 107 167 38 203 291 186 263 71 118 177 82 119 180 82 271 263 135 108 78 82 232 271 57 263 75 281 157 240 149 263 132 151 276 204 177 30 71 249 9 170 235 78 244 164 89 248 279 185 32 136 277 234 34 187 31 14 134 166 4 290 160 120 209 209 204 213 69 150 292 61 97 
26 297 125 114 123 24 93 239 53 61 115 69 19 167 236 271 273 293 32 267 59 169 235 78 86 263 109 195 277 56 289 239 228 132 269 131 63 76 237 251 221 128 290 82 275 264 141 266 282 61 141 217 186 11 32 263 199 293 233 130 181 192 13 260 262 31 83 200 134 290 39 296 268 74 197 41 164 45 235 107 8 186 178 22 26 7 173 201 230 201 12 210 240 280 287 259 17 95 299 84 
99 130 163 1 146 243 123 61 288 149 121 270 23 284 122 243 121 197 28 107 60 236 35 100 220 151 68 52 178 125 204 75 74 212 286 34 3 282 221 22 37 270 216 7 195 106 3 70 26 40 109 174 106 46 210 127 168 95 59 128 95 122 247 162 119 40 256 43 251 45 194 196 50 254 72 183 124 142 249 222 277 286 133 36 78 83 8 111 143 146 229 90 122 297 127 259 182 37 92 157 
270 282 7 88 10 66 216 205 110 18 173 44 126 65 191 179 90 171 117 169 259 101 233 186 138 93 241 145 155 48 259 111 72 286 279 58 23 58 217 126 253 263 83 246 77 98 84 94 121 65 190 44 175 268 221 109 258 221 4 189 282 33 192 190 233 249 23 132 204 70 18 245 249 41 206 195 47 225 220 54 211 230 167 8 299 182 189 262 32 166 61 161 287 176 168 120 298 266 107 296 
121 194 268 170 31 219 130 155 234 238 210 74 103 230 276 261 55 261 278 125 171 216 7 152 179 81 239 207 73 175 90 65 22 105 190 57 25 139 33 87 87 17 111 50 107 133 171 32 51 107 228 95 287 291 203 222 180 67 96 267 67 42 189 180 71 4 149 203 93 271 184 42 238 157 150 155 194 143 167 44 143 81 58 106 92 187 193 252 295 12 204 130 153 140 75 79 116 275 285 87 
29 296 274 137 268 115 264 3 272 299 98 282 35 127 261 277 26 163 80 157 213 110 202 234 1 45 49 60 154 122 173 229 59 126 153 114 203 159 261 129 145 83 89 124 248 209 0 1 1 153 229 109 204 210 38 267 285 69 98 251 27 269 201 130 273 245 193 111 57 17 160 2 249 105 59 244 248 242 84 152 289 59 255 45 186 179 66 287 72 195 267 39 96 27 262 137 197 208 127 27 
221 65 17 176 289 50 80 14 224 68 293 213 198 154 171 60 262 139 180 140 165 41 28 240 106 25 92 2 286 104 43 59 238 166 265 46 231 269 254 29 241 105 114 244 132 177 208 14 179 132 148 42 66 161 204 166 111 215 63 229 195 293 84 126 34 42 76 88 144 256 299 213 249 166 107 22 132 142 191 92 107 183 115 223 42 48 215 190 57 65 157 31 78 71 123 212 48 59 129 155 
292 169 31 186 214 15 78 130 132 195 0 77 157 8 29 293 25 162 2 79 62 167 233 164 22 206 115 298 36 210 145 278 276 170 251 232 15 131 0 133 102 21 142 9 29 107 281 39 211 34 297 61 0 28 17 130 79 266 181 155 270 138 152 165 26 157 286 292 47 156 92 101 108 108 78 60 267 100 235 126 200 166 223 60 26 214 49 243 265 22 129 219 38 273 117 5 204 234 257 138 
160 240 43 192 88 180 195 195 199 226 97 196 252 60 93 229 75 203 239 162 164 51 122 186 208 133 180 29 41 275 272 0 77 296 252 33 104 96 38 277 105 78 212 172 31 257 179 279 233 0 104 55 225 165 148 213 200 51 162 281 28 218 194 176 78 284 125 169 90 222 106 291 209 72 67 83 161 69 72 287 267 161 170 39 162 80 224 287 46 187 83 250 295 45 216 85 19 19 6 151 
9 156 192 255 187 4 256 143 139 239 60 188 161 225 273 205 188 111 218 189 130 81 174 135 33 34 149 112 176 239 16 147 157 235 211 216 164 194 211 7 187 121 284 78 47 190 285 226 83 16 25 293 152 97 240 180 266 206 134 268 5 62 283 98 30 99 136 143 178 149 109 207 30 265 12 185 205 234 85 48 192 285 62 237 125 182 92 141 18 212 231 193 78 197 274 27 287 124 199 238 
118 259 66 24 257 160 67 230 68 94 229 101 57 279 172 253 111 5 151 187 145 114 91 287 51 240 298 98 122 221 251 232 157 70 69 213 258 234 130 160 114 58 246 189 156 94 188 131 92 290 176 229 35 202 226 115 260 203 70 191 163 207 173 113 13 215 183 74 19 15 73 152 168 297 40 294 28 234 202 97 126 9 100 292 8 209 102 232 126 21 147 27 196 34 132 2 156 10 179 124 
195 66 190 76 78 9 286 214 48 98 157 31 259 158 231 143 184 235 176 126 47 48 261 241 14 158 121 178 205 126 2 50 69 93 4 102 169 72 169 252 122 95 162 11 82 184 284 30 47 216 299 142 177 190 179 177 273 135 23 249 23 56 135 88 295 98 221 190 147 119 12 61 89 238 176 143 70 88 216 109 82 291 72 291 146 8 249 260 26 228 215 51 196 77 7 286 288 290 78 226 
238 238 148 4 285 100 120 226 113 26 154 253 39 138 262 173 104 214 189 125 127 103 25 249 255 19 50 205 96 180 298 164 48 100 84 121 14 104 269 57 218 270 71 173 31 235 119 189 181 175 292 217 61 158 8 70 112 198 103 212 3 182 298 116 99 67 265 197 43 165 192 259 105 280 42 197 175 299 55 230 291 45 225 94 81 98 13 35 99 120 15 256 189 214 149 188 294 149 79 262 
43 6 180 116 146 204 220 262 182 182 239 184 29 294 161 194 169 199 39 291 192 139 9 164 198 198 116 282 153 215 53 259 11 252 214 108 125 141 97 183 231 171 63 236 39 215 151 29 43 68 183 82 187 101 46 40 42 188 218 293 80 181 56 73 280 135 166 44 14 144 72 120 168 228 174 293 212 88 113 25 50 22 228 80 124 32 229 100 133 145 68 250 122 255 195 238 246 183 167 191 
193 53 118 46 100 79 281 95 126 144 179 152 270 10 151 54 231 185 235 5 112 0 166 68 217 93 123 293 141 200 270 282 99 260 282 276 138 257 147 142 240 269 218 93 50 250 147 95 148 259 115 194 289 219 139 163 244 106 195 94 162 221 186 208 78 276 21 270 224 162 125 31 58 65 242 41 68 266 210 128 100 112 94 115 137 104 203 143 136 195 176 142 167 91 216 21 27 71 26 104 
97 66 63 49 37 193 66 67 35 252 17 3 21 286 172 201 129 296 100 281 271 76 138 12 118 118 87 205 263 191 70 227 129 8 260 17 247 297 251 55 295 235 274 266 37 242 220 287 71 3 224 40 114 153 24 292 73 118 280 69 144 113 28 134 192 233 212 77 77 41 96 97 256 282 241 25 214 128 119 61 133 137 167 81 41 18 154 183 126 207 170 116 284 125 17 34 190 58 100 139 
127 240 206 234 259 94 105 114 74 180 56 252 254 81 206 158 181 114 257 264 31 104 255 82 241 206 229 177 292 228 200 39 218 0 129 249 142 11 275 31 183 217 160 267 65 52 276 189 208 238 165 123 14 103 20 191 25 222 127 262 0 266 243 71 16 11 252 271 214 140 151 168 127 217 198 90 104 7 274 18 15 274 222 129 194 194 279 36 295 55 152 94 147 195 86 65 103 250 3 74 
243 127 156 243 169 38 247 22 38 36 16 83 243 58 138 160 27 274 236 65 291 210 15 195 2 174 173 105 45 113 20 176 2 186 238 138 25 161 91 202 263 299 109 18 247 114 208 75 297 142 282 256 0 11 105 296 159 132 7 37 256 215 276 73 57 234 170 96 159 186 285 118 47 30 86 255 198 17 158 275 224 36 102 83 296 2 81 37 20 37 184 75 231 62 158 39 246 159 148 154 
283 100 30 134 218 27 202 212 186 197 160 174 192 26 104 49 166 78 212 275 11 89 253 87 117 240 119 96 67 53 191 111 93 145 61 195 40 96 6 247 146 36 191 263 85 89 151 15 246 157 174 273 130 296 226 139 240 158 94 172 254 8 144 295 265 211 59 220 173 243 165 235 230 3 71 247 51 37 67 39 121 9 114 143 103 229 266 93 211 48 253 209 138 87 206 158 27 47 175 10 
245 244 244 253 206 286 91 172 270 50 33 208 257 55 24 273 292 237 198 36 90 121 176 197 282 259 170 253 119 117 106 7 217 81 259 4 290 28 184 64 191 116 285 135 139 38 69 196 188 0 201 53 181 215 284 31 84 124 184 91 133 141 184 101 79 169 253 184 14 291 58 263 192 86 50 62 231 256 285 156 215 70 280 222 144 184 37 292 171 58 123 244 110 158 52 60 88 227 27 53 
94 121 192 115 182 221 113 60 82 55 252 43 65 167 30 282 251 137 34 63 71 69 15 13 236 25 290 294 69 180 36 232 126 87 174 50 142 113 250 293 54 73 252 191 158 282 5 2 22 66 120 80 244 136 81 261 85 190 55 293 108 184 29 68 222 177 269 104 246 294 128 22 293 296 184 211 18 177 46 244 162 187 10 19 282 8 269 212 207 17 79 161 95 270 245 174 178 30 177 95 
268 164 167 234 93 132 278 264 197 114 219 131 89 299 125 105 109 238 10 83 240 90 229 140 181 36 177 284 171 276 177 285 283 294 52 45 32 211 174 280 215 262 152 51 204 292 265 169 281 79 33 57 34 181 54 192 153 84 81 268 291 293 218 214 262 290 287 68 0 280 258 209 156 189 156 117 60 236 33 292 255 126 154 206 123 13 270 117 229 119 132 86 84 82 91 296 279 162 231 106 
175 106 115 43 273 102 272 136 187 60 105 296 185 138 80 135 258 299 4 261 192 49 30 60 236 263 129 65 137 223 173 27 212 10 244 48 180 278 295 280 203 244 171 283 56 146 175 275 135 67 288 118 158 218 36 8 57 275 71 160 272 88 88 159 51 100 246 142 127 230 214 146 103 19 20 233 157 19 28 250 34 69 63 123 207 42 30 42 65 180 198 66 252 247 77 227 80 68 200 217 
92 40 237 293 166 207 55 4 70 293 87 116 219 109 77 61 287 68 152 268 2 220 294 46 113 150 131 182 235 61 24 275 225 92 299 77 290 78 81 198 81 44 119 90 202 242 253 154 78 121 296 124 219 264 190 176 87 94 299 69 204 180 42 66 36 144 161 79 218 125 149 163 137 147 85 179 243 13 184 277 56 189 21 269 16 296 219 276 206 171 221 131 287 177 123 50 271 155 102 109 
210 28 245 257 53 252 136 156 150 282 109 43 101 0 1 132 81 88 24 143 235 49 124 268 236 260 239 33 205 84 199 210 74 18 65 286 279 5 249 156 151 169 237 14 154 250 272 296 78 100 22 188 36 228 197 280 251 153 69 129 113 164 79 143 134 281 214 29 258 295 88 271 118 206 252 29 157 38 27 209 23 7 268 63 174 211 151 224 13 268 202 69 73 163 231 174 166 119 268 115 
38 210 108 125 44 84 213 272 183 34 150 147 80 10 295 37 142 75 219 287 220 272 101 190 288 284 202 290 122 193 246 247 27 77 125 103 163 213 52 4 9 44 12 15 165 193 175 217 198 265 196 217 86 182 167 11 66 37 225 11 210 79 273 241 269 226 108 284 1 51 175 164 1 245 146 244 138 292 151 127 240 158 195 127 5 238 44 160 111 32 28 82 282 109 112 93 8 55 121 240 
224 115 295 72 69 280 8 227 212 267 175 100 154 241 260 84 223 264 215 245 96 214 294 110 175 266 40 8 48 165 80 276 286 40 167 157 112 67 241 86 213 193 44 279 66 233 286 56 298 172 272 83 119 103 264 232 239 188 137 69 65 64 295 187 221 248 284 126 101 256 249 271 50 235 190 224 267 125 293 172 8 125 212 105 217 51 269 210 76 197 54 241 232 24 101 297 215 45 185 31 
70 136 93 94 284 141 288 100 277 142 263 119 244 9 175 188 158 13 166 270 100 38 255 26 151 192 220 94 163 260 108 36 218 31 189 157 285 251 187 154 15 16 229 113 245 26 240 46 275 151 166 100 45 7 41 214 59 214 68 59 217 105 273 118 13 237 80 66 11 53 275 242 171 11 54 203 69 169 128 149 98 159 6 146 157 119 124 165 293 276 182 68 105 216 202 296 251 218 63 213 
69 254 183 100 128 130 252 91 219 245 167 137 161 6 282 118 166 180 51 153 87 131 294 223 274 145 60 267 164 173 229 288 42 288 247 177 270 78 99 284 283 288 23 196 58 124 77 87 151 176 183 200 143 170 287 94 219 199 285 110 12 275 223 213 72 1 280 296 182 268 60 107 229 212 139 28 251 220 100 54 272 116 248 70 291 255 74 36 217 203 257 277 59 28 84 163 106 230 198 94 
78 74 259 86 145 254 265 209 2 4 282 178 72 232 21 101 165 80 222 141 261 274 196 268 165 80 5 51 116 195 128 217 139 112 139 140 64 2 258 157 205 218 216 247 145 135 10 51 260 147 88 226 259 273 193 228 223 207 206 276 114 239 3 296 277 168 72 117 68 168 281 210 283 147 13 114 30 263 240 251 40 26 24 34 103 155 252 112 223 292 62 170 136 292 131 164 109 296 188 26 
22 80 71 243 264 139 46 253 219 102 103 178 201 53 1 138 134 27 46 152 190 125 206 193 162 232 91 71 141 22 68 102 143 285 175 81 168 118 142 74 85 129 34 251 203 210 47 272 170 44 59 229 249 24 261 298 156 96 3 280 287 272 91 45 125 220 278 123 87 239 254 277 278 104 206 238 138 271 288 266 152 55 278 266 119 118 276 200 162 36 200 159 53 243 87 16 113 241 207 281 
241 32 226 125 139 107 238 183 266 54 97 244 33 256 236 95 123 234 122 76 277 195 82 61 17 2 80 266 72 220 195 279 118 291 189 242 220 73 251 175 143 177 81 24 48 31 100 233 279 106 96 164 143 167 160 13 117 55 219 47 141 21 18 254 2 53 4 212 22 56 209 249 229 197 161 120 280 187 19 67 73 200 181 198 153 298 151 155 95 140 40 204 115 223 155 17 113 17 50 52 
295 194 83 50 76 269 292 140 199 13 108 201 159 57 90 206 16 221 214 3 186 202 74 240 268 295 31 228 104 161 0 101 73 184 17 232 141 291 44 286 252 222 28 84 116 49 191 142 23 256 178 290 98 185 106 23 23 25 73 256 285 91 249 163 170 2 232 202 242 225 217 24 39 276 47 271 196 124 239 124 245 210 218 87 63 73 111 250 288 285 186 248 278 288 186 271 284 283 220 101 
233 240 32 13 71 259 168 134 247 26 19 100 72 9 15 215 153 285 258 276 183 3 281 164 225 168 87 84 94 281 148 23 64 40 169 174 14 209 75 289 13 274 202 40 75 99 253 201 200 111 171 53 244 159 143 241 276 183 187 254 95 166 289 170 21 201 231 122 143 180 158 61 210 121 85 214 5 213 95 257 272 9 265 293 227 184 96 294 173 89 110 133 33 131 227 57 118 263 111 1 
23 86 142 153 182 59 56 285 200 35 10 299 33 208 180 205 64 35 75 183 198 77 274 230 167 156 181 41 37 241 29 115 292 185 134 18 206 48 258 78 243 5 37 96 215 240 77 124 107 16 216 181 158 109 16 284 5 104 147 228 293 152 55 233 211 130 176 214 124 184 127 80 234 215 197 155 15 4 212 15 256 219 105 71 97 251 71 196 239 229 198 166 30 216 60 214 88 288 184 147 
277 166 56 203 189 108 109 196 295 42 228 136 28 223 191 213 186 67 257 161 141 201 142 181 127 257 198 214 79 217 151 69 42 131 261 123 272 117 274 120 16 60 126 173 149 230 241 248 3 267 218 167 235 245 298 143 230 99 150 154 189 23 77 138 257 52 249 113 31 26 95 170 39 135 233 78 104 254 121 90 219 222 159 266 225 73 123 71 14 137 19 209 172 203 133 232 160 170 117 4 
227 7 186 35 122 15 198 289 86 236 75 206 38 243 272 139 32 181 252 58 156 72 33 155 166 237 200 299 189 132 288 20 238 116 264 113 291 183 229 248 173 68 220 201 265 43 40 225 90 20 22 142 94 40 246 229 289 129 97 69 82 221 275 286 125 264 291 18 69 61 153 19 159 125 148 193 234 42 272 61 152 196 249 41 269 177 0 158 143 230 21 84 206 52 178 117 233 180 99 5 
279 171 195 164 187 109 222 245 282 156 31 241 187 295 52 19 21 127 127 34 143 218 107 95 196 182 260 258 248 184 31 143 143 206 266 237 180 134 215 233 41 244 6 295 173 130 127 15 154 134 152 178 225 251 64 267 186 103 269 247 116 276 236 243 248 198 35 57 212 173 274 10 280 100 12 239 212 297 143 245 5 45 22 5 200 278 208 275 107 43 215 18 91 216 202 297 246 111 261 69 
174 82 52 207 161 250 250 123 251 211 144 41 208 145 179 155 234 199 262 139 59 65 63 2 211 275 160 273 25 180 97 180 202 105 244 164 218 295 183 189 85 210 277 144 1 22 80 268 106 233 27 292 270 3 4 288 31 255 78 252 133 247 182 22 252 137 83 206 277 39 261 208 260 116 235 41 14 0 183 9 44 22 238 240 72 163 47 127 86 166 69 125 154 286 81 27 292 232 212 196 
104 117 125 181 171 170 250 260 217 238 196 237 192 56 276 41 57 282 167 199 298 81 185 129 4 42 286 120 274 256 249 110 258 75 241 199 126 236 193 145 105 134 155 9 11 152 60 27 222 40 90 213 298 120 117 11 232 131 240 152 66 166 115 37 198 55 269 186 253 293 108 149 10 22 83 108 7 106 283 41 89 249 200 172 70 258 166 299 148 36 248 272 217 237 140 12 86 106 253 158 
24 247 252 140 159 103 264 210 73 6 280 271 87 192 243 172 114 125 272 161 133 47 205 186 193 167 264 143 277 248 263 128 163 116 17 56 118 85 3 123 181 55 160 253 105 122 248 73 178 267 81 282 0 122 228 201 7 270 298 22 95 133 130 35 110 9 138 223 246 43 64 48 220 14 39 32 265 127 141 196 91 121 84 189 55 86 160 178 24 216 227 282 164 284 172 280 285 54 256 272 
35 259 202 180 128 195 204 63 125 35 270 188 99 71 107 218 12 7 66 115 222 59 247 70 104 66 166 58 260 31 154 248 45 111 94 43 91 194 120 14 103 274 207 293 231 260 55 190 241 48 37 195 295 40 221 175 3 139 11 129 220 175 89 73 132 220 43 290 179 199 90 266 121 44 179 152 295 50 3 296 220 115 223 38 53 186 293 132 213 71 99 9 99 240 257 113 89 74 274 0 
42 146 127 42 130 276 238 260 288 251 36 76 220 14 157 52 290 15 277 121 287 234 212 247 283 132 97 216 202 265 138 281 115 58 183 178 181 279 97 250 80 100 245 150 244 290 237 178 281 125 194 134 107 32 19 118 34 244 285 205 192 88 176 138 14 280 149 122 60 193 124 172 265 81 295 79 166 287 83 216 146 237 243 276 190 108 55 258 6 156 74 112 248 40 152 165 34 112 157 131 
46 130 74 48 81 2 225 271 121 289 38 28 29 159 25 258 185 43 102 100 125 135 60 53 288 290 253 261 225 34 184 244 55 269 264 221 118 222 16 44 45 47 67 36 113 19 287 40 206 85 204 135 73 35 138 285 130 8 27 207 250 286 78 274 267 96 233 200 211 86 188 196 70 187 298 27 240 60 211 227 199 154 66 251 277 258 253 111 124 234 144 221 85 187 158 116 62 197 178 252 
16 294 68 134 264 131 110 46 262 219 257 34 42 6 144 264 17 233 85 11 288 114 29 214 194 18 221 38 52 97 186 273 32 298 125 46 60 176 275 199 177 181 90 153 181 296 21 219 84 104 289 278 1 126 69 191 249 39 138 92 146 56 170 156 145 238 2 29 188 86 26 293 174 151 186 25 27 289 238 19 288 170 261 114 10 287 238 218 247 134 50 239 254 101 262 19 222 138 280 126 
77 196 247 221 249 224 156 32 252 149 190 1 52 249 170 38 197 217 200 89 290 139 77 182 117 70 157 145 279 41 18 126 291 80 117 177 286 211 289 169 100 12 66 224 284 79 96 239 173 272 180 96 139 209 210 173 12 29 236 207 113 148 113 91 91 208 5 48 182 243 280 73 142 246 178 212 241 253 154 191 114 180 158 21 263 86 13 73 41 251 74 43 170 243 268 35 103 261 35 182 
251 173 66 98 220 194 61 249 225 279 5 77 132 200 237 111 252 32 259 57 246 80 136 220 79 62 264 14 89 219 222 256 87 173 123 271 206 34 275 248 157 25 12 290 167 102 46 139 108 128 64 141 29 60 109 62 120 97 121 290 4 198 242 241 136 135 266 201 234 144 238 184 241 170 84 268 27 184 4 206 249 9 148 222 96 174 106 226 286 191 30 245 271 53 292 269 124 203 155 138 
241 277 155 57 94 24 233 166 152 119 220 245 113 165 269 75 214 108 62 95 19 209 260 66 216 173 160 169 194 240 87 12 195 116 292 68 282 5 82 41 183 82 93 280 47 66 34 284 250 280 106 45 44 267 118 258 26 18 57 296 269 200 270 299 232 123 273 4 23 226 55 203 254 87 116 29 218 77 281 114 38 19 54 285 170 269 53 264 221 220 20 266 191 217 47 86 17 252 10 289 
15 15 25 35 138 212 169 42 140 10 262 140 245 17 281 78 284 3 289 8 289 75 140 291 83 52 107 101 48 37 138 268 72 123 268 69 104 142 91 194 112 133 234 82 235 105 20 156 25 13 253 127 214 255 238 280 149 44 177 188 123 140 285 220 57 220 99 78 218 65 242 222 146 298 297 72 72 185 58 76 83 262 117 99 12 231 285 232 209 227 158 236 204 65 204 81 213 60 43 81 
50 73 180 225 102 212 218 287 16 127 244 289 25 231 226 119 3 144 282 212 299 215 94 108 289 286 235 84 238 20 32 210 31 258 210 231 192 136 114 46 99 104 182 207 3 224 264 120 199 242 217 143 139 13 132 148 37 141 145 156 207 128 237 206 24 83 71 60 176 283 68 50 46 260 131 207 153 61 290 152 84 173 37 177 129 109 129 212 107 280 291 153 44 131 170 124 63 49 153 197 
263 282 9 209 183 42 243 223 91 85 5 74 102 253 211 230 53 179 16 65 61 13 184 23 93 235 252 228 75 192 236 153 275 224 105 113 203 168 263 122 249 226 180 22 102 5 34 243 8 287 266 154 22 261 265 147 274 158 11 62 224 220 197 200 253 12 163 62 63 220 223 225 75 294 232 149 58 86 291 219 208 12 254 100 146 143 62 164 95 9 114 47 270 73 64 7 86 237 164 98 
117 123 46 158 133 162 49 78 184 292 157 90 119 59 101 138 157 185 126 243 44 216 202 250 237 98 124 69 244 12 67 215 291 237 13 32 167 214 58 117 286 51 133 17 183 48 234 112 275 213 233 110 158 27 126 48 221 44 190 143 149 37 32 81 103 158 63 159 273 225 96 115 42 167 175 19 230 55 54 114 288 192 284 160 87 73 7 196 10 231 129 47 35 160 201 6 7 81 125 112 
96 157 6 167 222 107 130 248 70 108 33 145 248 222 71 274 136 12 245 130 228 79 70 63 288 288 148 48 22 12 251 154 94 56 105 45 36 212 202 281 129 186 22 152 8 239 41 170 254 214 7 26 32 180 292 98 239 79 193 278 199 185 152 81 209 87 252 2 87 127 189 221 214 126 74 128 118 150 167 255 139 8 173 77 40 129 40 289 239 175 229 9 256 113 128 150 63 106 112 264 
111 229 240 72 281 180 220 39 59 165 245 197 9 106 64 82 209 192 210 167 54 41 156 0 240 4 73 244 98 153 24 110 148 137 102 27 105 156 297 103 216 162 194 96 159 107 4 89 256 235 157 24 195 60 113 87 299 105 164 175 68 83 269 221 162 134 241 176 240 182 216 144 35 158 58 145 36 233 92 123 267 195 194 81 94 38 16 151 149 270 80 284 111 181 99 263 25 11 145 106 
157 270 294 232 62 5 74 0 2 54 205 19 24 280 156 20 27 30 187 86 234 49 179 238 114 275 109 243 133 93 67 294 8 219 91 117 243 126 98 239 168 63 91 257 277 1 140 220 22 111 119 230 198 235 17 1 45 21 168 282 54 8 43 182 161 150 6 27 288 279 13 76 194 172 269 298 176 72 161 150 23 146 219 199 222 256 39 66 20 255 83 10 152 256 204 173 69 203 11 164 
276 258 60 82 256 80 203 177 100 207 128 112 123 183 229 20 12 71 212 183 275 169 107 237 224 205 70 231 162 102 156 246 47 296 2 226 10 273 198 110 161 95 140 33 192 125 65 65 209 50 30 35 158 242 227 219 164 190 187 181 257 94 126 168 277 93 28 199 64 53 130 57 39 92 286 69 223 62 20 218 258 95 142 263 133 171 276 86 133 56 20 210 19 13 152 103 38 289 81 193 
274 13 250 91 278 89 82 5 221 100 94 108 261 111 223 105 280 176 25 16 228 111 64 134 226 241 168 102 138 255 298 192 276 165 83 259 186 184 163 220 172 204 90 6 260 274 202 292 295 225 19 65 71 239 33 94 76 283 118 125 13 4 39 177 126 105 128 190 207 75 158 54 282 154 25 132 189 64 2 52 91 46 278 31 124 120 135 197 111 167 119 80 167 217 287 287 193 116 226 155 
81 63 186 44 1 118 250 83 154 296 169 206 94 178 161 60 74 277 35 207 193 268 295 220 4 207 283 58 227 272 157 74 248 188 56 285 199 283 62 98 290 288 271 137 145 254 5 176 213 200 53 253 28 220 245 8 24 233 58 87 130 227 240 239 48 258 135 201 158 259 128 297 164 62 1 57 205 158 113 145 292 247 168 90 278 137 273 152 295 114 1 133 16 258 39 59 218 284 180 181 
144 272 225 176 210 243 47 203 12 94 238 81 137 83 49 2 182 292 229 205 86 77 159 116 219 129 55 185 160 47 207 172 172 203 137 12 195 90 280 178 124 82 168 275 231 39 223 134 96 9 63 198 291 119 269 117 85 155 32 181 211 268 219 282 174 252 119 124 247 37 233 142 180 134 298 260 26 53 75 93 156 64 35 140 176 72 191 279 12 74 185 120 208 28 113 83 26 106 136 277 
266 282 229 88 131 77 132 19 42 195 177 247 86 188 250 217 71 40 208 6 243 8 139 157 182 90 208 208 160 239 295 182 280 99 281 99 51 196 83 208 259 210 296 224 86 163 15 131 138 59 265 131 174 198 194 152 264 13 117 248 284 9 73 59 185 26 60 23 23 291 135 299 293 74 120 85 176 59 79 89 172 272 293 49 180 140 153 186 224 92 271 228 158 297 289 240 74 139 127 32 
47 86 47 205 161 171 62 281 156 133 134 248 164 292 281 12 187 181 128 274 121 228 163 262 58 203 40 270 205 120 34 131 175 20 52 221 141 285 194 293 42 61 207 207 276 99 244 240 238 227 8 52 155 225 76 96 109 211 257 104 271 152 124 251 239 159 157 47 178 103 275 195 135 2 239 278 31 177 187 78 253 296 85 60 217 23 215 70 49 60 149 110 297 186 62 185 219 13 243 204 
85 50 258 225 213 109 41 82 253 150 237 297 41 197 262 255 205 230 280 83 67 43 268 265 105 79 139 252 79 219 198 15 4 154 218 15 41 283 198 221 230 174 47 234 88 58 112 36 210 157 54 167 36 172 165 260 85 191 104 100 299 165 217 88 45 279 288 23 132 278 238 242 18 8 61 215 131 259 86 48 192 58 86 242 206 179 41 63 55 282 60 41 240 90 137 204 250 193 192 107 
244 103 160 166 237 217 110 34 190 67 73 146 8 279 175 197 283 48 63 287 237 219 236 112 144 256 33 226 193 263 9 147 123 85 272 63 39 69 55 243 66 204 37 230 48 212 14 10 282 83 80 155 50 171 287 112 172 109 125 294 145 135 244 221 28 206 223 180 245 32 275 120 209 276 181 12 233 15 222 124 270 75 139 203 77 143 255 137 33 250 3 225 246 79 228 135 67 0 269 73 
1 81 143 75 21 76 117 217 51 183 4 140 165 137 37 180 104 41 41 144 250 31 65 14 231 80 278 56 127 88 5 215 260 58 54 280 180 84 66 112 291 79 160 192 98 197 206 108 178 277 235 180 62 160 283 137 6 149 137 13 286 210 168 85 71 277 297 29 152 267 52 277 271 240 277 203 281 39 185 262 147 133 89 193 59 96 106 78 38 244 42 29 195 126 70 175 12 19 248 184 
284 111 10 137 109 234 68 230 78 135 191 151 191 59 206 224 76 16 286 34 295 251 80 288 294 283 94 258 165 36 142 101 103 154 213 195 87 37 36 120 201 240 243 273 290 276 251 240 68 156 150 148 178 196 136 138 299 182 100 13 109 151 203 58 255 289 109 263 223 224 74 17 10 63 138 63 157 241 244 137 237 200 234 173 17 141 14 152 182 108 53 36 219 258 249 237 31 128 121 102 
32 145 101 293 281 136 279 106 134 47 164 107 234 220 116 271 109 150 145 201 91 35 61 164 141 15 285 173 275 270 177 115 193 114 26 281 206 207 43 292 230 257 143 203 91 8 210 121 86 261 282 46 295 219 171 248 150 255 242 135 43 233 214 218 288 284 113 276 26 180 82 231 21 105 110 172 192 275 204 176 145 208 68 81 240 10 4 48 186 214 142 17 11 55 244 235 160 247 285 135 
31 74 251 271 248 261 281 59 33 118 67 270 144 69 240 61 259 138 155 36 57 27 229 110 199 261 150 75 53 126 290 240 294 67 86 106 17 95 27 231 130 125 266 210 45 286 89 31 97 88 193 265 203 104 204 163 79 195 125 17 79 87 97 5 68 53 224 146 134 152 17 288 276 264 50 188 206 7 232 37 284 32 129 230 60 155 231 158 172 189 232 58 110 292 138 38 155 181 13 107 
1 143 102 290 285 59 203 169 121 250 208 50 98 230 12 4 132 193 189 234 80 158 148 101 90 278 260 205 145 18 240 251 256 218 95 226 14 89 220 132 144 134 283 66 298 90 34 206 123 202 55 227 20 108 185 66 24 85 176 140 169 54 66 220 270 127 68 11 244 83 166 33 133 250 242 49 59 279 26 0 1 70 92 134 261 61 130 13 218 53 186 30 110 195 227 133 7 127 12 157 
61 225 152 172 111 291 67 56 275 15 293 258 67 285 157 14 85 62 243 183 277 193 113 100 70 234 266 87 102 174 111 137 11 51 123 130 162 153 258 235 185 32 150 137 119 174 161 87 58 39 97 95 70 287 69 93 296 255 131 125 121 264 75 18 212 85 139 62 74 236 210 264 145 91 82 132 290 266 277 134 127 75 200 77 299 153 31 21 284 22 147 131 163 161 101 260 6 271 227 141 
199 175 140 285 59 299 184 19 145 161 297 298 19 208 167 106 202 212 291 221 182 191 46 73 156 132 80 24 12 0 123 10 89 44 156 65 183 22 57 287 178 127 40 283 116 192 291 133 109 119 104 123 150 33 31 60 264 214 90 225 233 293 8 229 24 117 121 201 117 142 277 199 87 104 146 22 277 104 136 222 154 104 147 126 100 42 83 11 16 115 103 111 155 50 166 134 56 207 159 83 
249 228 227 167 131 167 17 109 114 272 241 182 35 229 87 279 256 264 121 95 170 211 80 222 213 127 56 6 297 193 83 98 243 72 296 280 138 93 6 199 83 211 50 68 18 28 249 236 130 99 238 155 87 182 173 263 23 63 143 140 196 65 265 227 19 114 115 69 199 298 64 209 160 223 52 76 262 271 249 40 243 265 70 11 59 211 57 97 17 292 134 236 63 273 96 44 273 50 21 146 
140 134 261 85 101 230 7 119 99 162 194 263 237 37 24 167 43 252 132 185 243 256 46 215 11 179 197 152 22 263 261 267 184 221 289 298 246 205 214 15 121 147 112 110 165 170 148 232 229 227 256 110 66 60 231 0 117 41 208 251 160 122 220 233 219 182 5 184 183 44 286 67 256 137 60 172 268 77 268 197 39 61 174 24 128 224 52 64 255 256 164 202 1 147 257 23 1 215 249 72 
248 195 34 84 28 247 14 41 196 158 9 262 259 249 129 103 294 87 246 157 35 291 253 24 203 114 141 262 218 146 88 53 94 89 151 88 261 130 277 138 255 97 46 276 279 293 279 84 72 279 288 9 296 120 24 33 280 119 44 116 255 212 214 12 23 284 0 114 79 174 10 74 92 129 157 293 214 291 212 202 291 178 262 223 245 13 281 174 123 73 117 68 262 280 109 263 285 250 19 174 
139 2 161 57 210 184 90 252 184 16 105 117 289 153 262 220 188 147 287 154 139 113 113 107 192 192 111 16 278 148 117 25 159 180 69 292 91 168 242 198 204 44 258 18 60 156 250 295 228 2 127 237 286 259 63 203 193 290 16 139 220 158 148 134 28 70 2 10 166 146 76 225 160 119 30 156 206 227 34 120 133 162 144 287 271 251 104 271 282 87 277 130 173 247 40 249 199 73 13 35 
183 270 170 168 63 121 270 43 21 57 127 215 275 78 139 261 46 285 79 203 205 267 105 251 51 201 124 27 254 193 250 55 38 275 1 276 161 133 81 20 172 27 81 245 118 240 35 42 51 237 141 4 276 246 270 253 281 190 209 271 179 38 248 287 75 219 27 76 134 212 164 122 179 237 259 217 98 206 17 179 70 110 82 21 6 216 93 89 143 243 275 29 57 184 200 206 254 244 208 204 
227 114 170 245 77 71 229 252 111 205 189 111 7 189 233 250 206 232 128 266 60 204 144 58 167 46 25 253 287 147 184 44 182 31 244 145 120 269 33 213 58 69 14 174 10 246 102 159 154 160 179 224 278 4 47 297 59 173 232 59 130 276 94 89 76 195 122 79 271 255 220 76 101 65 213 32 116 209 202 269 125 162 10 164 220 197 286 226 212 185 185 220 159 2 58 246 85 169 263 26 
82 140 249 297 1 67 61 178 235 189 289 272 127 238 107 212 126 153 138 174 102 138 175 292 231 247 1 31 50 226 216 195 182 57 182 41 287 81 63 199 236 20 291 106 200 130 253 262 85 29 222 143 109 292 114 292 116 285 223 205 209 39 156 189 185 90 91 151 153 184 110 75 164 84 210 125 116 109 146 162 167 205 63 252 209 142 108 299 104 245 227 111 168 81 112 208 88 43 289 83 
125 124 151 151 113 254 89 56 279 186 114 191 293 277 92 126 110 221 150 21 29 43 30 229 65 299 207 244 267 40 196 238 225 152 94 30 29 190 246 40 129 142 243 25 67 228 150 107 220 298 227 227 245 147 283 60 170 8 254 286 251 224 3 91 115 222 134 280 206 35 205 95 66 261 2 32 74 64 84 142 79 110 280 112 186 76 215 75 18 227 121 17 14 228 47 102 114 256 127 226 
218 187 264 151 126 295 94 209 212 107 215 263 159 0 12 136 270 108 29 94 77 177 3 181 49 32 99 203 245 15 287 127 192 64 28 152 78 35 72 15 299 102 271 275 133 47 77 251 296 33 266 282 246 250 16 19 97 276 144 207 62 63 47 63 200 103 112 180 184 175 83 202 65 277 287 297 167 262 191 106 144 168 178 177 159 6 101 130 181 80 270 174 184 296 102 82 297 160 1 270 
113 109 229 87 60 115 240 125 67 166 59 177 278 113 20 6 147 245 226 142 104 56 40 2 131 253 202 189 157 15 190 127 262 270 206 45 11 254 113 268 199 247 245 266 246 19 124 294 206 198 278 48 256 99 158 73 219 240 155 288 199 95 113 8 226 94 231 80 65 148 131 77 133 93 100 107 140 196 96 87 200 38 38 231 204 290 1 46 264 163 126 73 159 86 46 146 0 120 180 124 
16 106 157 284 231 231 69 27 240 2 213 272 190 5 78 171 4 33 57 157 251 203 171 2 58 154 206 149 146 290 284 106 7 292 132 30 127 195 119 214 238 250 98 49 102 175 289 244 120 184 181 155 126 240 169 294 294 92 81 239 259 282 68 114 262 85 168 270 152 47 43 117 42 272 141 163 197 228 59 251 236 282 142 131 34 261 56 197 216 40 270 182 294 77 11 298 225 223 84 68 
234 260 289 283 76 156 278 201 99 47 129 191 252 257 247 290 123 120 30 88 124 61 210 125 213 295 118 236 184 192 241 169 169 106 296 17 149 105 18 164 201 185 67 157 216 191 241 114 138 7 272 134 235 173 12 221 171 288 53 235 111 33 106 160 17 260 228 185 79 180 241 162 189 266 28 167 24 217 216 197 153 183 261 35 107 274 165 173 56 47 231 95 30 10 56 273 6 36 7 153 
108 258 238 189 221 214 61 172 88 23 163 179 114 280 127 184 90 189 225 193 292 1 196 281 142 67 38 20 192 148 110 209 186 204 6 77 183 293 37 113 204 284 122 274 228 65 194 136 174 158 95 237 231 46 217 216 233 207 77 90 35 249 40 171 251 237 148 204 297 99 253 164 249 294 35 212 66 208 11 139 241 140 15 74 226 50 18 85 172 184 136 150 91 195 154 21 85 128 77 164 
214 3 161 56 81 31 51 200 106 215 14 274 113 21 166 251 195 249 46 202 44 68 52 212 48 210 39 267 290 200 276 192 218 242 4 185 10 164 197 287 215 263 134 276 200 99 272 93 23 183 206 9 79 224 105 101 63 189 1 211 249 266 106 201 93 124 83 140 258 113 271 4 33 132 88 13 157 95 228 2 159 127 62 210 195 28 78 284 186 30 268 219 26 22 67 50 186 61 289 172 
299 150 245 291 228 106 287 250 292 117 239 292 17 262 201 235 87 47 200 74 38 267 33 282 269 84 298 175 115 0 38 25 255 34 32 101 136 169 164 206 25 157 81 159 247 4 299 278 34 203 202 161 172 5 208 21 138 92 116 292 291 259 72 40 264 146 220 228 257 276 79 201 28 130 204 69 259 37 157 226 2 298 193 83 135 283 260 87 181 265 72 94 163 224 149 19 77 151 136 151 
127 288 79 115 153 1 171 140 235 185 203 196 198 293 220 87 78 247 218 188 290 216 99 284 273 20 193 25 166 234 248 219 174 133 268 57 168 259 12 0 17 271 184 231 118 168 272 98 283 75 234 96 109 41 232 15 298 275 281 83 211 34 202 134 66 243 179 226 57 74 0 83 83 160 41 235 34 19 113 287 229 85 146 112 30 88 148 10 150 49 149 179 216 10 275 103 131 285 164 123 
88 138 250 243 108 180 69 244 174 233 46 202 163 263 125 163 293 193 130 177 102 77 256 60 61 273 62 282 266 65 234 170 242 33 15 239 100 235 293 19 42 279 180 104 299 65 189 173 155 279 172 32 196 128 82 71 278 288 225 68 97 257 158 257 17 189 26 80 31 161 221 283 230 285 166 64 144 285 155 159 122 88 271 104 169 242 173 278 279 139 168 72 254 38 59 132 58 159 84 213 
177 133 124 53 6 59 265 130 110 117 126 200 47 182 233 132 198 227 22 216 196 230 272 50 59 124 90 1 162 115 132 202 206 29 194 44 258 1 240 230 273 95 262 4 135 274 74 36 150 163 220 78 38 221 257 103 206 263 91 274 40 181 287 187 158 295 148 260 291 95 232 105 6 53 17 272 137 135 145 177 128 265 277 18 67 51 246 74 286 242 189 115 151 269 141 121 133 248 262 5 
87 208 156 138 115 196 1 35 88 51 275 29 202 219 197 87 56 89 44 219 86 54 9 182 273 242 125 299 167 76 131 244 80 133 197 90 173 167 78 149 38 296 0 179 7 211 41 129 102 16 22 7 164 223 294 1 29 286 12 297 261 266 280 0 288 146 219 35 84 144 141 171 154 199 63 24 43 34 293 149 107 33 165 216 71 113 249 87 226 71 181 268 281 147 89 161 241 11 189 259 
153 273 69 212 16 240 44 6 241 216 60 282 29 67 192 173 195 56 265 121 254 54 285 243 293 248 124 276 253 43 152 26 114 75 72 216 87 19 104 144 267 220 75 156 175 293 36 143 288 56 27 174 84 178 119 230 227 235 84 52 122 212 23 6 269 134 139 287 149 124 207 271 184 16 225 295 196 238 101 276 66 184 242 82 136 41 184 118 145 8 183 161 91 40 259 289 252 10 128 90 
129 194 256 30 89 238 127 252 98 187 62 95 81 49 243 141 282 225 156 138 177 41 298 3 156 204 27 39 197 163 115 20 104 55 164 241 108 295 216 39 264 8 40 137 181 131 18 208 270 135 18 266 285 176 196 271 92 132 264 30 199 288 136 266 268 121 286 104 170 31 221 30 230 257 258 216 246 10 114 270 105 191 90 127 228 27 98 288 193 172 250 116 57 286 146 275 162 256 47 296 
235 257 226 163 212 241 185 194 257 206 236 40 33 205 142 84 98 104 19 71 66 227 104 96 1 193 61 227 142 114 215 240 160 259 274 233 42 190 292 139 60 38 75 28 287 105 139 149 18 128 196 231 67 250 255 279 126 17 290 162 85 102 65 168 35 287 166 169 68 50 296 201 232 299 252 36 183 138 264 147 214 118 292 40 237 49 170 88 192 134 261 213 177 143 245 261 285 198 57 221 
254 90 17 142 250 49 242 64 250 41 267 108 109 68 124 34 162 188 90 55 59 87 29 43 155 182 213 6 31 52 228 107 44 298 18 66 125 120 110 271 98 102 276 15 155 268 272 10 111 11 30 224 219 293 239 8 108 87 98 39 128 45 86 71 203 81 299 255 296 212 247 144 225 97 156 257 209 219 199 223 240 54 83 152 64 172 226 229 271 6 71 141 127 140 92 216 5 233 174 139 
105 160 135 2 238 286 51 168 21 253 66 25 282 204 76 38 83 112 51 85 127 78 209 135 50 207 66 42 143 200 24 158 191 74 43 18 232 184 208 63 276 74 184 33 87 166 50 195 98 37 293 84 46 29 99 189 112 84 183 177 26 51 176 194 25 128 1 202 113 24 148 98 26 53 62 54 257 236 81 145 62 142 265 63 107 201 67 52 165 280 279 278 244 270 292 245 245 103 161 54 
40 263 202 146 88 236 27 124 270 226 88 58 0 93 195 152 277 291 177 114 256 171 179 160 39 65 248 118 154 214 34 132 117 270 207 218 108 133 68 208 260 35 164 282 226 56 38 46 102 219 38 214 3 72 131 71 162 95 121 198 288 283 253 230 200 244 6 42 136 129 161 265 138 117 176 171 94 36 106 30 145 252 166 65 49 69 42 215 120 73 35 216 247 128 210 231 293 196 284 155 
250 8 173 251 99 42 165 163 186 173 73 254 286 148 212 261 211 12 273 97 199 32 81 180 263 278 252 16 248 225 68 72 196 125 165 147 189 139 246 206 288 278 128 193 49 117 109 73 63 162 148 213 134 21 195 210 204 61 19 223 133 84 156 185 184 74 184 64 67 252 40 290 10 165 58 56 47 188 193 17 18 43 42 85 109 183 187 103 299 141 40 58 0 281 121 3 92 181 239 274 
141 245 211 221 170 216 137 73 70 177 138 54 84 254 223 135 224 241 238 202 246 254 203 17 49 240 245 5 263 79 257 77 203 205 94 214 47 52 97 174 59 219 231 23 138 293 20 110 195 238 175 63 106 271 219 59 261 208 148 87 37 136 263 270 261 201 234 94 17 29 163 215 170 172 162 273 86 62 181 219 254 143 292 283 108 65 89 4 134 183 125 189 54 24 132 240 267 61 282 68 
160 38 179 278 244 210 164 34 33 270 145 132 113 204 129 41 46 216 73 200 81 151 181 228 86 14 69 40 129 193 63 116 84 245 152 77 199 94 244 44 88 57 213 147 69 293 231 157 78 104 186 24 131 149 56 67 73 120 266 180 0 97 76 2 165 212 175 288 241 40 146 291 186 103 5 160 32 234 18 132 62 213 200 115 62 137 69 79 151 120 206 39 82 289 162 163 211 76 67 109 
52 216 60 233 62 23 163 158 63 170 49 177 124 194 148 169 268 258 276 283 256 67 98 214 292 172 32 150 62 177 237 6 38 209 180 248 222 103 230 289 139 266 225 16 51 109 186 151 156 78 279 75 56 244 205 239 67 3 143 160 123 187 220 139 14 229 274 155 165 229 128 165 150 39 221 250 99 112 89 48 85 147 79 163 152 77 84 105 53 194 223 63 132 185 5 22 244 134 119 283 
