118 14 265 153 134 221 231 25 34 44 179 40 233 33 52 95 46 196 222 10 90 260 167 73 282 269 58 37 163 161 236 14 229 279 49 129 156 275 220 217 60 228 237 178 56 46 287 135 49 220 187 175 172 189 195 74 69 213 258 154 66 174 215 266 231 268 241 57 255 90 282 114 267 253 182 171 61 150 201 0 264 123 55 153 278 74 232 82 206 10 137 298 239 162 213 234 104 267 67 275 
182 64 208 163 123 144 196 267 4 75 186 105 133 125 51 197 220 107 25 44 175 4 88 177 178 199 94 186 160 265 54 214 205 114 234 113 260 195 15 275 117 10 41 78 238 253 290 213 190 36 231 185 190 6 62 231 223 218 126 174 76 290 208 163 276 80 238 130 142 238 73 162 153 259 38 124 86 168 45 244 64 189 246 8 166 101 101 161 234 199 120 91 294 206 33 9 195 285 33 257 
234 175 187 261 78 150 226 257 253 102 115 119 166 121 73 261 283 209 237 194 220 46 60 76 255 244 154 100 210 78 46 214 62 244 236 26 105 95 225 8 146 191 253 104 204 202 189 141 16 86 259 119 35 214 171 13 168 9 23 44 185 288 39 134 223 155 121 83 102 157 167 214 107 203 238 254 198 122 245 115 47 224 283 154 284 144 85 63 39 73 211 46 36 233 16 28 78 214 269 44 
114 257 82 29 275 14 139 186 56 194 66 135 283 186 44 245 192 101 41 33 74 244 283 5 223 249 58 116 217 6 162 20 235 199 285 12 154 235 216 178 162 81 151 61 201 205 139 100 57 163 288 7 275 70 63 146 126 230 117 267 66 246 172 214 179 243 290 4 181 279 252 208 53 1 109 166 139 281 251 185 69 266 277 250 148 231 125 291 38 19 152 24 116 288 32 93 37 165 289 91 
126 62 88 276 215 92 183 1 74 222 25 134 195 0 205 101 60 178 244 290 1 11 132 79 154 190 130 218 252 196 48 203 190 140 55 144 113 175 230 226 42 136 292 202 250 35 139 212 178 168 110 55 141 91 196 297 206 177 9 211 82 222 4 216 141 100 10 174 164 62 278 18 15 198 277 110 268 136 156 216 104 225 276 24 264 95 29 92 55 213 74 124 102 145 172 281 12 104 164 286 
235 117 294 192 298 26 296 173 264 115 272 252 137 209 81 131 28 246 19 155 157 30 116 99 0 189 269 130 233 214 22 190 69 220 91 13 25 202 120 199 34 240 278 108 241 87 258 140 135 122 261 287 196 231 188 46 48 0 94 3 138 195 44 168 200 10 116 287 166 15 178 293 26 63 138 216 180 157 230 205 143 149 27 270 256 222 29 264 134 73 77 225 153 83 281 87 271 240 294 68 
151 21 189 253 32 191 126 85 282 125 78 248 287 12 194 227 153 45 240 218 158 91 30 59 276 117 242 16 209 154 256 88 250 215 298 42 32 285 83 70 143 164 237 212 51 179 214 163 171 45 141 130 208 291 34 81 2 7 226 46 160 148 243 153 26 227 104 145 250 257 0 272 224 50 204 174 171 6 214 56 123 170 47 222 84 261 13 147 154 195 289 33 47 270 299 253 43 23 136 80 
130 39 35 97 251 130 63 69 263 1 291 204 123 39 59 274 34 113 198 158 62 198 81 62 78 55 11 51 64 240 105 26 97 19 288 171 13 222 89 61 91 91 220 75 48 174 208 293 127 6 26 289 81 268 136 143 77 57 272 224 283 218 188 255 53 100 104 262 39 276 83 10 139 225 250 283 147 165 243 283 73 26 208 133 203 56 118 219 84 218 85 195 63 264 113 68 91 276 295 44 
247 149 268 237 3 139 201 58 126 41 239 244 5 71 33 89 248 224 212 19 152 299 291 128 96 128 235 260 248 257 220 111 263 269 93 89 27 285 200 104 163 130 165 201 68 266 25 69 40 162 262 77 151 147 5 135 274 88 299 55 242 144 40 295 205 96 261 111 76 71 219 171 164 35 277 77 88 183 19 29 199 203 99 116 102 164 84 5 221 165 172 174 243 85 126 210 295 29 101 173 
256 192 36 221 139 126 122 52 111 286 187 174 109 147 184 20 106 236 191 5 194 147 215 228 238 287 191 214 184 170 168 9 196 193 196 162 127 141 136 139 28 254 246 15 291 298 296 38 245 204 299 216 15 94 11 193 22 107 186 242 155 57 203 247 205 210 30 40 63 93 185 209 246 88 152 145 27 60 108 45 221 160 252 24 5 297 101 138 249 122 4 275 62 131 110 241 137 195 100 289 
189 226 50 130 191 244 168 230 134 144 83 9 180 284 201 199 285 257 249 262 82 298 145 172 184 272 244 177 134 120 146 48 204 224 146 298 34 94 295 256 261 295 74 31 188 12 7 257 173 75 110 189 169 215 148 1 137 291 22 235 183 112 81 70 180 138 271 234 231 66 281 47 154 65 125 2 224 259 69 152 155 120 65 275 270 279 230 147 101 110 115 85 255 185 125 250 249 294 49 25 
118 239 140 205 195 138 171 110 115 66 196 254 213 167 181 1 33 80 110 0 56 111 256 65 172 137 273 132 111 114 129 84 215 115 267 180 126 202 204 103 275 225 67 47 65 27 255 246 250 228 253 198 246 255 97 70 201 185 25 0 99 127 219 218 290 44 228 268 229 216 274 94 295 184 39 285 58 179 234 279 33 285 26 193 116 66 149 293 158 237 227 87 43 233 178 95 95 167 228 3 
11 209 18 55 119 271 176 242 271 108 231 234 170 0 74 244 40 75 80 185 47 84 92 136 108 99 262 47 63 44 82 71 116 113 103 184 235 273 113 65 286 198 141 42 274 176 216 55 127 284 283 26 212 3 47 167 54 131 49 199 8 18 11 299 116 228 183 11 119 96 27 15 82 41 189 156 63 235 241 178 54 159 210 228 189 195 18 13 178 267 273 138 195 59 10 28 187 226 134 191 
159 262 169 95 67 129 123 294 210 187 217 242 223 41 64 28 154 74 281 217 138 256 226 280 137 181 248 73 101 214 161 176 127 184 64 189 53 189 278 235 172 25 15 286 76 106 146 21 239 180 45 235 228 242 225 234 296 25 136 230 262 70 156 247 244 57 279 225 48 223 283 287 151 33 116 162 215 66 143 172 289 203 298 168 7 108 177 271 18 15 23 107 274 240 202 243 276 235 287 108 
92 65 257 19 65 243 39 231 78 136 168 99 62 122 99 159 130 12 211 223 293 62 101 257 73 41 207 233 44 120 167 289 93 287 9 194 16 78 281 104 100 2 157 252 136 32 17 164 87 40 251 287 135 32 269 75 295 260 137 279 281 201 76 297 224 263 274 236 122 48 78 229 148 150 169 11 101 282 191 20 201 253 140 82 231 107 164 202 272 255 146 143 269 58 206 138 19 208 73 233 
114 175 269 6 56 141 88 46 299 12 238 70 92 83 215 28 25 260 233 92 173 184 214 45 42 151 60 98 219 65 158 298 240 244 106 244 191 135 292 59 84 209 13 6 12 26 35 201 268 279 197 243 60 276 78 63 78 32 283 273 125 255 96 142 64 87 146 62 217 195 242 45 298 83 213 164 13 154 185 142 170 244 15 63 167 199 265 275 243 268 122 269 103 230 288 34 34 223 121 125 
130 291 197 229 60 32 42 257 247 170 241 55 82 282 24 106 20 153 161 152 180 84 102 108 91 150 249 141 242 62 2 144 26 225 2 94 205 69 143 176 230 51 298 98 108 79 132 6 285 146 171 295 117 20 222 154 84 106 260 123 0 94 234 271 101 170 96 88 287 130 269 294 110 209 180 33 133 169 254 38 21 117 65 195 130 240 287 213 149 232 152 100 268 0 272 6 216 106 273 152 
73 239 179 221 203 60 0 11 91 209 14 291 255 280 131 8 211 192 177 275 184 290 86 25 54 12 73 162 261 176 249 289 79 236 38 119 121 287 62 112 163 242 178 132 45 149 249 186 36 243 11 71 116 85 277 241 82 149 9 26 229 266 138 295 273 116 221 260 245 280 193 45 117 130 247 37 250 140 257 238 261 183 150 278 177 225 31 121 161 85 51 130 213 26 201 98 267 60 9 291 
17 161 46 249 34 187 36 131 194 111 286 7 26 186 61 251 291 49 245 231 109 110 83 123 199 281 132 251 257 104 190 272 183 27 229 152 276 219 195 280 65 285 218 58 283 245 121 154 86 207 105 237 32 237 94 92 45 123 279 101 260 236 59 143 249 274 40 51 89 144 184 31 151 121 197 22 4 275 277 99 54 145 159 127 84 130 148 73 237 48 78 260 166 28 52 189 193 2 38 197 
267 270 72 5 240 184 193 223 42 146 186 243 119 116 206 87 135 209 17 79 97 19 260 1 288 107 179 0 254 82 69 142 120 27 99 108 84 274 91 245 31 208 179 253 237 208 75 263 199 110 175 233 108 274 209 187 51 222 125 87 171 187 106 63 274 130 280 83 204 163 246 37 288 2 93 74 233 181 114 99 114 156 277 171 89 215 170 247 129 73 13 99 250 193 176 199 239 278 203 290 
278 154 191 6 214 124 208 128 57 162 98 261 27 228 49 242 290 119 143 203 216 212 76 266 62 16 132 282 202 192 66 98 127 293 93 24 255 18 7 285 266 49 23 283 70 22 155 169 294 97 87 241 14 79 221 27 43 36 17 177 171 212 139 22 0 158 102 220 177 184 251 293 45 8 146 224 223 154 272 156 181 263 251 172 181 33 58 271 293 73 0 71 234 233 198 186 107 298 98 89 
259 173 207 38 12 180 179 5 82 195 180 151 199 167 106 269 20 88 243 157 248 82 236 52 27 269 28 131 66 265 114 51 29 294 148 162 17 268 25 73 59 135 34 215 260 31 217 35 18 110 106 197 208 156 10 96 138 50 156 68 152 182 210 154 198 139 189 109 142 154 13 40 114 116 163 219 76 45 3 266 77 16 276 75 205 291 26 80 35 133 247 293 44 243 201 211 128 152 87 237 
137 248 90 210 191 3 70 12 224 33 277 119 80 178 168 92 3 251 279 39 234 154 41 179 152 38 260 193 158 265 70 120 81 268 69 284 82 144 32 152 246 297 107 149 195 223 127 87 299 4 126 237 35 109 253 273 219 236 218 1 148 197 141 137 154 200 146 257 259 7 33 249 19 32 184 268 138 128 48 284 155 89 274 199 223 274 136 103 185 237 196 62 270 86 177 249 268 32 12 217 
115 183 132 119 216 177 261 152 73 26 225 148 32 79 28 180 24 248 285 277 90 245 274 132 80 222 197 227 135 94 179 249 252 114 194 220 175 269 241 6 13 299 62 222 191 254 179 229 56 184 37 44 142 135 151 263 251 18 26 187 195 113 152 200 128 294 158 130 238 252 57 29 20 151 8 194 91 226 76 252 45 22 236 235 77 16 155 68 101 37 163 57 292 252 227 174 177 204 272 165 
107 206 64 145 7 76 15 233 123 179 227 223 169 50 165 23 99 104 3 54 67 197 13 110 234 184 87 244 85 147 222 219 52 210 75 179 266 217 274 114 45 200 295 42 122 16 112 259 144 15 271 57 134 268 91 129 93 113 45 137 254 177 38 70 276 17 25 46 242 1 154 297 12 215 0 67 214 247 47 107 248 237 254 142 200 207 118 11 109 78 265 245 134 268 252 69 278 184 207 122 
57 49 162 47 279 214 291 124 68 233 39 275 112 290 109 232 219 290 190 226 119 161 270 57 192 49 177 13 28 133 41 16 121 129 215 211 168 94 168 60 191 40 34 248 66 169 184 247 85 49 206 297 261 140 144 284 240 232 61 177 57 160 66 259 88 96 100 113 298 254 159 224 41 193 188 193 11 103 146 104 116 32 279 17 136 68 124 202 278 185 227 49 29 263 115 15 132 196 282 21 
121 32 246 19 121 35 161 50 112 292 155 110 270 206 24 128 113 133 106 51 249 128 107 225 8 40 211 41 272 255 265 16 21 166 172 249 19 132 220 76 195 172 100 37 165 232 266 49 59 291 177 96 84 0 207 50 90 33 299 256 212 258 92 57 114 197 167 242 71 98 41 66 26 147 253 118 124 282 268 212 105 102 46 296 60 62 272 111 104 44 119 4 104 73 116 13 16 73 55 223 
161 170 73 200 164 224 81 280 59 152 271 57 185 297 116 240 102 294 89 141 208 53 230 262 247 188 28 299 276 206 250 111 226 4 8 131 136 152 173 11 194 258 19 241 262 109 112 179 186 260 184 51 131 206 184 64 27 279 129 107 272 284 85 55 280 244 173 126 268 211 244 295 137 135 67 128 32 174 182 89 68 48 57 261 97 17 258 177 243 41 290 9 249 158 59 61 188 150 209 197 
151 285 231 245 80 37 108 92 190 200 65 78 225 229 185 7 131 244 252 158 208 187 228 186 156 89 53 135 99 173 227 32 9 162 30 32 159 206 209 91 130 263 225 47 175 197 16 2 219 5 253 29 252 221 199 233 231 37 146 141 143 146 212 100 30 65 260 125 98 103 215 56 79 206 51 123 91 194 273 265 55 261 214 37 256 295 194 254 120 98 168 237 97 193 59 12 202 192 261 86 
234 107 237 100 229 146 187 198 294 253 53 68 289 7 102 126 112 117 185 2 97 108 143 281 90 22 234 161 81 69 70 174 217 156 68 241 137 104 200 25 51 126 259 188 243 109 214 101 133 14 250 268 36 270 220 221 233 193 210 177 184 165 11 106 216 0 271 285 193 97 219 115 45 116 236 283 236 269 206 129 177 267 170 60 276 190 3 67 117 153 169 147 197 116 163 296 84 80 151 108 
154 256 292 212 114 16 3 224 184 56 117 170 185 276 272 162 289 178 187 225 84 39 203 156 237 129 35 87 51 92 152 201 272 272 194 84 105 103 53 56 238 182 15 181 150 61 53 39 111 247 25 31 225 103 139 10 220 113 255 115 199 12 193 132 136 176 221 164 150 207 286 105 148 23 162 45 143 262 88 262 13 80 92 43 112 153 114 224 95 249 74 113 126 176 67 45 196 137 30 144 
160 44 9 274 61 127 135 174 151 270 287 84 165 31 257 287 133 249 39 22 276 19 40 203 46 135 241 169 174 159 1 242 101 20 135 280 157 209 145 77 148 99 106 136 98 286 211 114 224 170 299 9 177 39 118 112 86 294 156 271 216 82 269 144 84 257 287 114 116 26 17 21 253 215 239 126 249 106 235 237 73 18 86 68 209 135 68 117 58 81 159 163 108 17 195 225 70 165 194 180 
251 2 142 202 134 3 87 106 212 87 37 230 48 279 99 223 215 197 5 264 154 240 239 41 129 78 230 258 233 206 259 162 236 261 130 145 275 203 293 9 188 293 76 295 133 290 147 214 141 23 238 60 250 171 160 174 195 47 215 241 66 265 227 253 148 135 249 36 176 170 206 178 41 92 9 232 228 47 73 126 262 239 94 170 138 57 157 110 117 145 18 172 245 273 245 60 163 223 225 90 
153 86 117 266 64 255 79 164 82 193 2 19 218 218 130 189 290 104 175 175 109 128 258 71 258 292 142 299 122 295 175 116 138 81 224 171 87 123 55 211 25 262 161 63 117 27 289 241 262 70 165 143 114 187 151 88 110 292 82 231 31 89 6 184 143 172 163 139 236 208 128 189 102 104 119 12 31 144 176 10 126 132 252 61 40 188 103 73 291 238 72 31 28 150 15 125 164 299 15 158 
37 258 15 75 246 192 119 261 64 211 215 9 102 21 267 158 99 293 271 130 135 210 157 83 251 53 125 135 181 149 32 94 48 89 156 72 31 118 278 51 188 9 25 77 259 255 119 172 195 39 178 261 196 144 224 216 70 84 146 67 119 236 173 93 159 88 282 80 287 25 256 164 271 54 211 186 115 4 119 121 73 66 229 264 8 227 238 205 288 293 150 204 88 54 175 110 228 113 113 228 
121 79 116 134 49 234 40 265 171 57 124 201 299 46 263 231 122 233 130 34 37 201 62 90 146 156 109 214 142 154 231 270 56 230 163 1 123 204 201 5 244 294 162 51 82 126 266 180 202 224 45 236 252 268 134 234 167 78 192 216 189 244 1 57 70 83 244 284 291 126 237 294 296 275 200 255 191 20 254 293 31 13 67 117 199 286 73 199 41 207 47 108 21 115 186 234 150 94 80 47 
18 294 89 13 45 84 215 145 60 78 0 213 239 168 151 68 209 223 12 117 238 257 3 227 290 2 236 275 200 207 230 34 137 241 149 205 118 124 190 162 127 189 232 277 5 8 30 82 46 142 206 77 16 286 232 215 180 210 123 247 176 153 131 298 10 3 100 206 227 16 118 25 190 8 137 284 225 7 207 173 106 216 136 298 142 47 177 103 175 252 216 215 278 14 291 237 99 51 187 85 
299 272 94 30 15 133 92 194 143 191 63 192 150 85 73 192 168 240 123 56 191 102 135 34 294 160 25 198 131 163 41 1 180 184 59 54 269 190 64 263 52 173 49 7 104 193 210 136 162 153 61 124 40 76 127 292 256 180 157 198 234 181 19 274 161 4 125 83 179 149 146 240 158 253 162 63 297 152 167 296 40 198 128 234 139 28 196 169 249 117 185 207 131 154 0 224 14 263 111 84 
111 276 186 4 54 83 134 179 217 213 219 7 2 98 127 154 130 244 36 274 203 201 278 100 84 34 57 28 299 287 146 266 92 279 291 127 80 2 72 192 93 262 99 258 96 238 7 37 126 250 265 242 267 146 19 70 180 209 85 225 20 114 297 83 250 236 190 278 125 167 160 212 143 221 98 239 218 286 24 174 272 4 59 141 138 222 221 148 143 70 269 152 266 173 205 134 145 57 6 284 
291 126 87 261 225 82 129 129 248 162 5 137 74 106 83 296 258 183 183 82 193 143 85 135 239 243 253 0 201 92 247 269 68 143 217 211 293 43 199 172 147 106 86 279 110 122 196 262 293 37 135 292 186 226 100 268 260 262 98 299 110 127 19 54 290 202 21 4 133 67 169 9 225 213 112 191 251 91 43 287 149 46 86 151 107 52 107 135 62 212 3 170 128 115 280 218 7 75 208 134 
132 157 158 203 275 28 99 13 4 216 264 84 88 25 51 70 106 224 117 282 231 138 105 86 80 115 178 1 22 153 34 100 206 250 43 250 238 55 207 66 43 210 286 124 285 273 218 42 68 284 239 287 265 296 152 241 216 25 22 208 115 113 154 87 138 22 28 107 172 110 98 276 35 85 30 275 260 279 185 101 278 206 268 118 78 170 159 270 125 39 11 70 185 251 236 50 46 117 100 189 
151 69 47 86 252 57 71 197 89 83 221 29 14 103 57 173 36 56 55 17 28 26 267 179 214 187 121 193 9 183 276 76 162 223 100 13 262 245 278 283 159 44 37 86 293 127 250 46 117 241 239 175 39 290 199 155 29 257 25 232 43 3 163 41 40 218 177 187 33 7 207 48 40 12 151 274 228 294 182 157 219 298 152 279 212 139 13 215 42 148 267 160 292 98 190 187 43 288 140 219 
29 265 41 41 20 17 123 111 230 60 77 156 17 119 141 45 262 217 37 202 281 73 44 148 169 60 145 110 138 50 222 94 186 116 252 69 233 180 150 57 210 284 121 253 139 284 263 230 168 35 287 189 91 128 59 45 16 81 239 234 141 176 1 274 133 291 169 100 296 273 108 14 46 27 183 187 93 289 214 105 80 46 138 175 26 61 289 178 210 257 72 80 220 225 193 273 100 228 280 98 
41 224 208 0 245 190 30 91 203 221 229 118 245 34 222 20 163 76 186 87 27 123 105 227 91 11 254 43 148 193 296 24 20 77 275 278 283 102 148 228 177 286 253 229 139 191 96 16 126 260 273 120 140 280 22 52 150 128 15 150 42 100 218 229 62 263 100 53 200 174 249 286 103 38 237 143 6 109 108 112 152 123 182 42 255 168 94 126 245 129 80 104 272 255 6 229 45 103 56 208 
68 9 170 17 285 158 74 111 258 115 293 155 295 227 155 124 46 263 22 145 72 186 230 261 0 107 274 1 135 1 251 7 59 286 103 234 180 9 127 226 235 278 116 85 93 285 69 218 115 277 257 5 144 54 117 119 148 207 197 116 206 81 268 122 9 118 131 244 86 109 5 227 113 230 92 71 264 0 47 153 200 126 148 227 151 179 232 260 242 141 173 174 256 23 231 206 222 89 163 183 
124 160 87 130 264 79 166 208 178 162 283 3 68 161 231 194 139 191 80 204 137 267 155 168 156 290 41 90 66 87 162 48 127 187 94 199 260 233 269 124 250 241 245 123 23 203 197 282 298 139 32 85 89 210 190 221 33 168 2 46 74 299 285 198 45 234 122 75 74 267 62 4 211 234 10 74 128 112 298 100 2 227 5 85 17 2 247 249 261 91 261 63 180 55 211 185 76 229 206 273 
8 167 25 94 79 21 193 66 153 280 244 179 173 78 154 59 175 207 117 233 63 52 103 104 150 181 277 226 234 24 255 125 32 147 161 41 17 170 288 186 293 74 164 283 85 34 276 44 82 228 153 244 175 226 292 177 78 210 43 260 181 186 20 140 212 96 134 178 37 165 188 131 12 160 249 37 57 193 175 187 122 139 162 118 253 47 59 239 298 14 228 195 132 172 258 201 50 38 198 239 
67 149 235 144 75 108 113 56 160 36 262 244 111 146 77 83 265 261 48 221 136 228 272 196 111 290 0 140 112 200 262 251 251 179 273 281 240 227 192 188 112 31 222 219 198 130 186 200 163 205 176 31 154 30 245 189 30 104 19 134 196 212 229 103 49 71 290 274 136 225 147 141 280 202 46 229 165 271 68 252 183 203 231 194 179 230 132 265 113 262 127 102 33 40 189 277 38 289 77 200 
255 150 198 152 116 157 103 65 89 188 28 87 206 231 212 241 2 277 184 137 36 163 211 76 219 21 290 219 272 185 238 14 58 117 252 84 284 123 264 231 187 171 193 14 298 217 156 184 281 123 103 255 155 33 264 132 182 95 41 269 260 167 78 84 99 147 177 98 232 281 178 144 133 274 148 104 172 244 174 12 175 19 17 54 142 142 121 159 50 105 138 26 191 158 149 155 135 96 131 213 
224 135 33 163 4 62 268 154 261 145 155 191 104 95 247 139 185 155 159 156 215 129 200 54 167 103 206 150 23 256 159 77 73 137 92 160 113 95 86 158 107 112 22 104 192 273 269 4 88 83 257 168 269 49 108 41 210 102 178 269 250 155 68 234 105 295 55 52 231 276 294 70 208 17 76 4 23 286 50 139 172 96 140 118 272 186 29 175 254 207 136 129 135 192 220 189 265 268 67 2 
133 75 3 42 170 256 161 29 86 234 146 100 167 12 139 138 44 260 256 69 153 53 93 249 164 237 67 109 46 173 280 14 93 266 153 180 255 276 88 290 163 121 107 229 62 40 23 240 77 263 72 299 138 265 232 169 156 60 86 186 122 174 117 41 114 290 173 126 38 146 182 247 207 19 271 172 254 272 140 17 24 22 18 99 124 124 214 34 59 170 113 213 119 59 211 78 68 63 215 47 
75 118 38 169 67 203 134 265 57 56 273 100 71 238 294 67 13 224 7 234 288 11 203 5 107 168 234 165 91 265 255 40 237 68 161 271 57 22 149 102 205 56 215 73 71 276 51 98 16 281 214 212 161 130 141 274 76 192 165 154 119 183 227 224 14 288 26 77 159 24 195 81 9 259 133 57 277 42 105 277 97 169 151 9 89 13 230 229 65 145 224 78 284 7 290 87 77 26 86 260 
219 61 6 21 197 238 136 23 72 140 158 287 0 174 276 123 121 246 203 69 289 193 108 108 54 195 258 41 46 213 133 267 283 189 239 39 212 185 271 219 235 84 3 40 285 210 14 57 131 286 79 126 22 253 285 269 61 76 71 127 153 70 34 258 261 299 112 110 84 80 159 202 120 120 259 4 64 235 72 27 232 93 3 156 279 233 194 287 69 14 191 148 219 37 293 274 31 188 165 274 
220 87 164 211 38 197 0 16 194 202 124 226 200 130 243 280 28 156 156 208 242 112 39 69 142 274 60 262 168 252 93 132 112 89 289 26 100 235 226 3 81 246 154 261 76 31 58 13 49 68 91 52 109 108 26 12 203 224 288 50 80 259 85 42 232 196 178 275 288 58 126 54 18 89 155 249 202 66 33 96 42 167 266 18 264 8 285 167 135 21 240 178 107 249 153 267 136 194 249 295 
245 158 280 19 242 205 127 184 15 72 139 132 88 170 249 50 69 257 179 282 116 183 218 99 21 261 200 52 197 96 91 37 179 30 259 212 207 191 173 40 224 61 9 89 113 249 121 68 46 71 254 99 244 283 30 72 294 173 50 279 33 233 275 262 234 208 60 273 51 195 10 201 232 277 230 191 262 159 202 8 125 98 118 124 93 77 297 6 162 131 89 255 81 291 271 41 219 158 130 204 
124 85 289 97 6 35 15 127 131 182 151 15 225 193 268 189 261 144 107 152 229 188 290 116 26 136 159 58 136 289 250 35 164 48 239 202 52 221 267 248 229 276 169 45 105 145 260 120 86 50 191 274 163 27 252 159 134 229 260 141 294 272 51 225 285 294 295 103 169 189 80 30 146 162 231 96 119 82 237 275 230 277 158 112 33 274 196 143 291 178 138 67 229 189 258 127 221 13 2 129 
25 264 3 214 292 276 118 118 22 200 4 37 164 62 251 187 169 187 269 220 23 47 292 51 14 118 219 288 219 190 140 23 151 142 278 199 185 105 285 266 298 231 252 151 12 65 259 298 37 64 41 7 16 152 235 257 215 112 237 284 211 57 268 37 145 118 273 281 203 195 65 209 235 179 134 292 278 94 209 17 235 35 40 111 64 160 46 294 2 291 45 220 209 133 283 3 206 230 107 85 
229 140 94 162 149 47 289 24 250 180 234 269 293 204 115 236 113 264 154 113 73 79 126 194 141 60 224 98 63 144 161 62 35 157 47 249 156 180 50 148 196 173 146 249 205 9 278 150 90 172 286 78 98 3 25 101 151 28 4 77 142 169 175 156 236 114 113 106 240 22 141 286 136 75 92 69 1 260 92 14 71 144 151 66 172 61 77 126 231 154 74 205 4 217 40 279 138 267 215 82 
213 189 5 224 238 75 228 186 272 135 214 216 116 64 93 64 26 151 239 223 125 2 295 161 209 131 276 164 256 224 54 36 124 164 247 110 82 284 187 294 46 280 59 238 133 67 299 268 190 78 194 135 190 124 2 297 150 165 124 178 54 280 169 104 51 237 162 19 37 264 73 244 278 48 232 26 110 107 161 290 159 14 283 202 232 191 205 217 149 201 188 278 249 248 209 139 272 298 167 187 
181 29 230 89 226 194 193 119 155 58 185 19 61 35 2 257 72 32 49 130 263 164 187 19 135 0 294 64 97 76 105 14 279 217 244 163 281 208 261 153 88 49 8 54 288 120 238 31 183 123 192 95 49 46 170 181 193 220 87 187 168 267 177 125 176 214 110 145 63 284 280 225 14 227 249 72 200 18 136 180 283 196 166 12 226 43 144 176 151 16 24 57 295 271 271 143 66 28 126 60 
193 19 83 222 251 26 30 228 253 281 163 89 10 3 138 193 181 118 202 109 186 83 182 1 284 59 234 16 227 289 68 42 121 181 62 1 232 232 147 190 240 165 216 173 47 216 121 231 32 277 232 79 156 34 45 295 174 272 38 289 18 76 118 206 136 106 64 204 246 154 205 270 79 262 274 272 93 190 135 294 266 222 177 46 70 169 4 88 36 187 81 0 11 192 229 173 218 165 62 177 
87 252 116 293 227 31 114 223 134 270 71 128 231 94 270 35 153 208 24 275 276 181 212 84 133 290 0 117 188 172 152 188 273 270 99 58 137 174 100 157 165 288 129 195 275 72 238 161 244 191 145 132 197 105 110 102 122 110 232 117 156 237 253 35 34 244 247 213 95 121 119 134 2 28 150 194 81 38 193 72 30 177 46 43 199 146 173 12 65 80 172 65 240 9 109 212 116 257 59 115 
287 245 252 74 73 58 282 278 64 74 45 273 85 180 247 273 18 191 161 297 102 211 270 266 150 8 257 238 182 182 176 35 259 154 102 126 190 269 12 70 201 102 56 198 92 298 145 229 186 33 55 238 17 72 18 235 68 289 253 66 276 115 113 85 165 123 94 201 13 138 105 274 205 12 178 114 155 216 72 32 135 268 95 242 178 84 49 132 137 78 48 203 290 64 227 26 51 34 215 236 
154 61 228 42 284 297 24 142 158 6 39 213 298 60 276 45 38 16 103 161 232 69 115 89 100 29 78 193 299 269 238 65 201 86 126 167 50 220 162 104 201 127 95 148 169 45 118 143 95 263 227 175 99 127 149 156 98 261 105 202 120 81 30 219 299 185 151 120 212 83 151 279 232 25 64 157 245 94 235 265 98 36 110 234 209 88 175 69 156 134 116 14 94 262 280 115 234 77 226 85 
8 20 275 112 183 130 8 141 87 80 25 94 11 202 211 208 70 88 1 115 198 170 65 299 97 267 136 43 147 172 283 59 280 236 140 37 134 159 2 275 89 283 48 114 83 178 3 151 122 2 198 47 160 14 141 140 173 98 1 178 27 200 196 81 30 143 111 121 149 52 288 15 177 83 21 2 272 136 194 90 101 239 58 76 30 229 179 198 98 81 36 228 240 174 278 167 0 53 43 257 
236 164 123 62 209 196 151 261 292 36 67 233 47 184 266 110 245 201 17 147 144 189 128 198 76 261 284 50 224 45 114 67 292 41 162 27 175 109 267 191 70 22 46 233 60 282 62 285 255 0 103 2 287 258 18 47 266 187 107 201 172 172 260 134 291 145 210 166 298 48 293 153 213 189 32 85 177 56 77 298 193 183 90 27 32 232 141 3 229 254 50 140 11 159 10 234 127 61 38 179 
234 3 4 202 47 259 29 198 164 61 168 140 244 126 142 27 181 54 254 18 163 227 255 100 173 260 80 276 70 225 231 247 135 239 173 22 79 66 48 190 122 292 247 99 206 193 226 121 207 105 5 273 151 218 206 151 194 103 245 259 146 124 44 61 88 187 291 125 65 135 14 27 48 242 116 256 125 32 19 173 79 137 297 179 289 195 160 220 202 122 38 111 293 72 106 122 79 85 43 52 
277 109 50 85 240 247 238 154 232 114 36 256 163 270 263 5 289 10 81 0 29 215 246 57 97 263 221 277 191 71 137 170 167 186 125 250 228 275 63 97 171 60 38 225 261 64 86 150 147 38 8 269 3 188 50 247 297 178 268 118 77 54 204 176 207 48 51 88 6 130 68 249 237 14 52 8 272 143 279 274 75 104 86 114 20 47 89 232 77 189 164 181 115 146 232 293 213 232 139 11 
204 187 116 75 140 72 87 82 59 270 73 33 229 189 3 3 240 100 188 181 37 48 268 147 254 63 170 209 121 94 150 37 281 59 32 126 171 146 255 134 256 182 65 144 121 290 217 245 23 97 35 100 161 99 281 11 242 189 186 236 179 210 179 136 29 162 63 23 6 207 75 128 258 11 198 118 108 62 163 263 262 221 137 152 281 269 74 142 24 211 243 151 87 208 31 183 239 12 214 241 
1 277 207 277 25 201 118 228 160 144 151 290 11 55 295 198 213 207 32 22 78 254 158 257 294 171 185 3 101 65 12 120 196 94 121 31 53 92 82 72 2 159 162 204 228 124 132 188 85 181 138 13 114 46 7 118 126 68 26 63 6 176 10 196 44 155 122 129 134 263 216 284 39 120 183 163 235 120 297 209 145 111 126 287 74 119 220 263 165 187 213 207 174 175 52 198 83 7 297 176 
228 164 196 252 289 59 114 203 222 239 225 134 286 237 61 158 168 173 60 111 237 236 283 227 26 24 37 149 198 284 0 98 191 113 257 94 90 28 193 198 203 212 49 69 286 122 89 24 266 275 69 278 88 11 108 192 280 124 222 69 258 40 27 94 47 266 92 92 57 262 62 178 36 208 121 113 170 211 294 256 246 3 220 177 141 23 3 281 189 179 58 139 113 248 283 176 152 181 253 153 
257 23 41 242 4 0 248 62 15 204 167 139 43 131 76 279 271 177 157 119 237 260 214 166 297 168 148 237 227 53 11 114 76 185 255 207 55 93 34 105 43 257 205 36 61 140 22 16 204 57 1 108 273 113 21 254 56 280 73 8 158 145 98 38 109 281 72 28 73 234 136 57 28 206 216 55 204 177 101 153 43 207 136 98 11 148 232 136 56 252 83 138 99 94 171 53 104 258 231 277 
206 138 270 166 257 247 179 213 40 64 114 44 12 251 9 213 169 150 59 3 43 99 113 117 232 68 242 12 257 290 48 2 266 52 275 172 169 23 14 240 137 123 52 244 279 37 169 291 89 202 269 275 11 198 204 15 11 111 78 197 80 199 145 164 1 101 280 276 50 235 182 146 127 12 264 262 0 264 244 246 185 62 187 237 207 5 103 11 282 130 144 87 133 227 247 198 255 205 141 142 
235 35 87 51 110 92 22 276 7 153 197 141 136 221 228 232 155 168 99 234 263 7 87 51 60 72 297 89 172 160 1 260 8 95 68 186 218 130 289 185 52 8 136 45 49 106 101 164 31 251 256 119 265 192 184 91 117 15 133 163 128 62 128 84 137 206 10 227 112 161 286 89 36 125 43 109 202 250 33 1 227 137 209 114 236 238 235 134 148 191 175 127 0 142 83 261 202 182 36 126 
190 220 188 45 73 179 271 161 2 121 49 172 15 168 134 180 20 133 27 36 242 226 48 230 158 74 82 168 271 17 211 152 177 153 200 8 292 72 15 74 157 290 92 200 151 266 53 20 228 272 208 182 237 158 284 34 12 60 96 239 220 232 239 248 170 34 213 27 178 254 13 199 71 131 231 2 107 76 87 186 171 17 283 51 55 184 222 246 64 277 194 76 249 263 199 34 91 143 176 8 
221 230 5 196 216 254 194 224 104 161 71 170 290 266 180 183 130 220 275 282 88 136 227 39 67 69 44 279 102 134 297 293 203 28 176 41 196 140 228 109 276 275 143 13 26 188 250 215 284 66 98 242 186 155 76 47 100 192 33 294 26 26 171 114 282 187 186 219 247 73 78 22 76 284 219 98 119 123 70 242 251 209 120 231 60 84 277 84 93 30 135 267 250 206 22 197 168 245 30 193 
106 173 171 97 237 49 184 21 73 111 240 288 13 27 40 69 245 112 289 62 103 68 189 35 64 39 227 232 84 180 148 3 3 96 200 257 109 78 202 255 297 163 51 142 105 210 3 218 41 263 65 54 5 6 180 240 123 117 222 202 6 33 254 238 39 1 76 122 190 67 172 251 289 129 215 51 107 107 25 56 280 233 144 291 54 136 195 45 11 76 3 20 221 260 134 261 115 253 68 209 
126 100 275 174 154 291 41 123 115 286 197 202 26 18 58 5 56 33 31 15 148 83 16 125 103 205 48 148 25 248 172 224 83 280 290 230 29 238 189 230 277 298 116 121 11 253 133 252 98 126 92 164 86 211 72 53 71 131 33 252 35 158 139 242 72 228 210 5 176 293 146 105 221 85 53 288 263 7 79 149 115 99 189 83 105 137 169 32 161 188 296 40 71 154 9 192 253 20 266 230 
33 18 57 239 23 273 57 159 10 256 168 280 29 188 75 145 257 271 295 55 94 146 86 88 231 178 84 4 102 120 263 182 227 75 121 57 43 175 143 66 80 176 293 147 139 213 273 28 55 261 32 273 200 194 295 185 138 140 185 65 279 208 81 148 258 66 131 274 257 23 8 154 65 47 210 192 129 150 184 126 145 261 213 235 264 8 186 230 252 225 127 160 24 51 139 24 121 25 3 34 
257 137 51 78 26 284 290 74 63 226 115 43 240 257 137 247 218 183 96 235 165 181 48 0 61 175 265 255 78 124 76 277 180 256 149 70 149 9 33 90 57 90 247 161 85 143 285 15 143 68 204 120 101 232 8 289 130 18 161 196 24 277 146 72 116 237 50 79 28 276 101 190 7 78 167 242 190 109 136 71 169 68 263 190 180 165 28 199 51 241 200 79 51 27 203 146 171 160 177 124 
117 246 103 92 94 110 140 158 297 88 120 205 142 101 33 56 226 178 184 223 228 91 33 248 51 21 56 91 295 289 159 9 102 278 214 272 44 58 166 123 148 147 261 275 188 176 181 207 259 233 75 220 14 106 50 260 249 48 176 192 194 144 67 279 37 106 128 69 34 85 156 235 217 124 108 229 53 88 279 246 263 63 94 74 243 268 11 82 135 128 252 196 182 29 146 225 176 100 197 47 
225 104 195 198 11 57 97 77 159 119 112 53 158 39 20 102 32 186 25 27 230 252 171 243 29 267 116 83 202 129 134 234 91 115 238 30 66 191 91 61 152 35 168 84 128 235 126 275 282 88 168 149 22 18 7 237 250 235 168 133 199 169 171 123 90 138 154 29 253 238 11 144 287 157 42 212 90 257 43 233 7 86 59 18 0 220 288 11 77 65 134 236 215 264 199 293 292 213 147 166 
110 182 296 191 68 61 239 284 58 122 156 173 105 80 159 214 14 127 139 157 22 141 223 160 98 130 3 160 223 32 196 62 172 74 51 225 87 271 3 56 246 78 45 54 255 221 199 295 18 111 172 293 49 267 51 219 96 82 186 228 18 274 289 280 39 104 31 62 144 102 17 269 200 209 41 296 285 150 288 195 158 12 222 37 202 130 237 107 53 41 45 2 96 140 287 228 243 130 285 251 
227 119 209 70 34 39 204 252 6 59 173 298 288 174 18 132 277 243 278 63 117 199 35 209 127 214 126 26 53 149 153 298 172 211 176 287 191 59 283 129 212 92 211 294 87 176 243 50 82 266 209 235 196 216 233 210 130 268 281 139 131 157 298 105 195 215 94 157 246 231 54 267 246 17 30 221 2 35 138 24 241 151 75 284 134 120 143 288 137 161 201 10 206 257 173 140 196 158 174 131 
245 253 45 198 64 17 1 226 147 271 239 117 298 34 228 49 40 46 88 191 96 171 77 259 243 255 89 90 292 219 173 269 127 125 142 187 274 298 0 38 201 108 265 50 274 234 291 15 52 295 53 263 239 196 206 119 168 157 47 211 77 297 18 143 0 189 60 221 64 250 213 192 40 38 264 273 75 29 196 40 180 8 77 41 47 21 60 201 174 40 74 251 101 109 246 174 168 48 233 285 
107 50 229 108 240 156 42 200 223 213 116 234 26 26 25 256 114 50 18 125 90 20 51 187 158 263 64 21 271 81 22 125 21 165 251 110 45 95 124 207 252 103 299 80 196 296 252 69 285 106 265 292 239 212 254 290 126 215 94 193 77 69 110 183 243 77 117 239 27 291 265 24 284 30 32 75 192 133 203 66 88 35 296 149 76 106 46 24 231 177 157 41 258 228 269 295 158 156 139 46 
163 48 38 253 285 252 276 294 152 188 250 233 100 299 244 48 127 156 279 254 251 12 251 161 115 78 1 156 32 127 174 192 187 142 114 250 73 75 267 53 175 50 16 46 211 115 16 262 279 123 103 66 109 274 284 129 82 242 60 57 283 266 182 151 140 217 179 33 279 260 80 253 161 43 121 11 95 287 129 166 220 203 151 211 244 265 199 98 56 282 290 289 109 37 266 141 259 120 17 220 
87 155 31 201 110 163 138 130 142 71 138 284 202 196 150 202 182 142 153 31 6 192 264 29 156 56 103 26 278 272 233 18 124 260 145 217 286 173 35 31 90 242 140 188 277 37 218 277 126 148 37 72 94 105 141 23 54 290 140 12 198 57 123 132 172 263 86 65 221 207 67 236 162 165 239 55 297 100 95 39 196 249 188 42 150 289 274 207 49 32 138 53 256 167 6 61 158 267 193 222 
175 203 179 299 158 220 178 280 10 59 246 85 196 59 282 104 237 83 103 279 136 54 192 281 215 229 27 65 295 70 79 211 44 34 111 67 229 111 77 64 0 259 263 38 10 115 166 70 14 165 295 169 23 288 243 134 74 241 86 264 273 114 127 229 288 212 122 13 281 26 94 121 79 184 189 118 107 141 65 261 143 77 7 32 70 114 171 270 31 101 273 11 69 99 102 254 35 281 64 140 
93 241 63 245 63 149 28 37 201 45 142 43 183 100 18 117 117 267 259 120 81 214 207 17 39 47 36 108 42 192 214 12 233 15 156 108 265 212 210 240 293 123 202 31 190 22 33 203 288 169 171 293 20 152 226 186 292 161 36 159 99 198 4 21 150 265 22 257 59 195 85 294 95 22 56 142 156 95 248 162 23 62 141 144 208 290 195 187 46 200 218 218 264 87 25 24 270 59 148 220 
191 127 261 267 40 215 125 14 269 10 14 162 42 239 174 205 273 242 265 283 142 177 40 209 91 287 258 200 174 217 131 101 3 172 39 252 270 186 168 158 217 128 75 0 150 247 125 288 271 190 16 230 1 56 231 264 2 26 275 126 190 79 39 252 5 29 42 36 83 79 118 299 156 113 265 135 297 188 180 250 262 251 218 81 22 189 62 299 283 168 70 40 31 40 83 34 136 204 283 167 
54 222 51 203 2 65 73 15 120 16 235 222 202 117 29 115 124 279 143 3 152 116 298 44 19 13 280 187 67 135 270 58 74 294 146 52 275 288 250 25 4 104 31 285 80 244 165 8 9 120 194 48 28 175 1 30 231 66 53 293 172 299 194 248 253 132 128 70 28 22 165 204 111 12 244 29 282 227 35 129 192 54 108 44 295 253 148 88 224 219 171 50 22 244 44 169 14 288 192 128 
239 74 217 288 127 288 193 20 97 264 70 77 69 78 17 85 33 162 194 268 205 144 170 233 285 118 163 217 197 270 175 6 93 93 24 78 46 96 39 142 278 289 24 76 55 43 128 74 126 81 292 218 93 133 97 259 297 273 216 117 290 138 220 128 171 27 298 65 150 255 181 281 39 7 110 182 48 219 289 192 86 96 77 208 230 33 240 159 258 200 31 52 229 272 248 35 251 96 172 137 
34 106 60 111 170 225 166 176 23 197 58 33 125 125 250 276 299 177 160 173 236 88 119 135 234 239 215 5 147 288 74 111 274 141 23 44 181 253 84 269 144 52 60 236 23 61 94 17 36 249 25 189 263 69 256 241 141 92 56 37 2 194 51 261 298 204 127 138 190 105 16 166 220 181 34 114 56 164 190 224 225 157 78 140 35 207 3 106 166 203 275 196 59 143 276 30 214 63 68 131 
44 30 169 234 273 100 22 297 1 229 206 280 134 156 68 233 17 169 148 294 277 132 22 104 296 135 48 147 114 201 149 6 223 85 43 33 80 244 8 188 32 190 233 69 11 60 118 256 171 129 34 30 223 290 182 120 284 102 20 278 170 156 178 188 203 119 27 87 97 103 285 39 290 17 255 99 88 67 293 42 59 25 98 33 266 279 86 117 267 84 272 110 238 54 177 216 64 299 237 181 
97 151 253 79 184 215 246 207 77 126 133 134 239 70 164 187 219 181 35 78 181 52 271 296 158 4 35 138 14 215 40 26 298 285 15 47 148 60 204 224 42 177 113 288 173 244 14 169 15 169 208 167 198 88 277 146 14 105 187 250 197 237 101 162 74 285 120 27 256 232 49 279 59 43 22 237 183 199 91 114 60 135 119 156 290 202 75 170 11 207 103 225 285 63 103 226 7 155 87 216 
243 278 262 58 25 102 51 192 95 118 57 290 284 222 261 66 94 79 105 204 199 148 299 78 186 102 223 81 135 178 45 89 12 184 110 79 146 284 236 177 64 62 1 90 230 296 97 124 40 139 166 242 179 185 128 6 72 25 228 119 273 168 197 230 265 272 90 254 84 38 119 193 277 255 134 5 53 7 67 275 33 37 279 278 68 226 286 15 148 282 175 225 153 147 184 271 233 199 250 285 
41 168 146 119 192 129 125 183 195 160 253 69 105 234 124 0 128 103 140 24 116 283 12 181 90 132 90 53 52 261 65 242 111 298 241 179 292 248 269 5 179 79 4 4 21 195 104 86 77 132 35 262 14 13 110 30 182 255 238 263 82 153 36 121 164 235 133 41 97 16 115 209 277 240 251 292 243 282 79 14 10 280 254 271 140 28 133 9 208 203 61 134 291 213 282 144 222 244 62 86 
291 36 138 198 241 238 60 83 205 299 170 224 171 72 54 69 132 52 267 16 164 218 62 141 39 175 120 165 220 241 235 273 90 121 203 101 175 127 75 211 66 52 49 210 187 184 266 23 52 245 121 214 58 258 222 204 122 280 285 127 78 26 172 171 243 179 134 8 31 141 77 188 221 147 151 270 204 276 95 238 134 2 266 56 19 236 92 191 32 140 206 175 96 223 167 263 164 62 42 274 
209 169 58 32 64 34 97 259 145 232 157 36 109 124 124 24 21 152 133 111 166 198 267 244 190 140 218 205 134 86 164 243 126 255 113 245 286 223 202 126 286 119 135 185 205 115 211 232 121 258 280 55 78 108 211 130 28 4 265 37 97 6 95 60 80 26 47 238 179 135 171 181 151 259 89 23 149 147 268 120 59 293 274 255 93 120 139 61 122 132 189 8 234 247 88 28 152 100 107 0 
