14 239 192 289 3 78 202 212 190 203 297 148 113 9 28 22 93 283 101 296 92 76 17 185 63 282 10 291 217 24 72 263 15 178 20 240 169 45 236 27 209 216 179 29 167 283 228 212 209 10 4 67 0 28 141 133 218 296 192 53 117 127 238 211 131 260 231 69 184 172 79 56 189 50 42 269 195 290 38 256 160 296 274 211 195 168 253 66 246 79 243 222 110 25 71 183 295 208 150 231 
162 135 59 76 171 16 243 125 64 95 67 179 145 265 263 133 51 264 270 2 66 59 200 18 270 152 86 32 73 48 288 114 205 230 211 2 89 196 130 7 256 178 98 95 166 77 213 200 26 171 279 28 0 36 86 186 120 133 168 21 131 142 150 167 123 241 280 298 213 40 74 162 34 71 157 187 186 163 253 176 158 203 145 249 99 13 90 197 164 211 45 226 31 23 196 165 150 135 113 273 
77 37 39 91 78 62 205 56 269 193 110 150 166 186 204 144 215 296 115 255 58 52 52 4 39 95 109 180 161 37 3 246 151 75 211 128 248 90 216 177 212 201 94 273 121 269 267 137 96 259 230 220 2 102 165 50 149 93 133 77 152 255 113 145 129 217 267 232 156 116 170 170 141 128 177 161 177 156 155 232 27 15 55 221 16 134 165 108 255 231 134 82 199 285 84 283 81 93 42 60 
162 120 151 135 217 254 20 218 265 35 23 178 186 112 137 273 268 36 276 103 252 215 233 54 226 175 28 279 270 269 226 26 175 266 86 285 100 55 75 217 137 114 240 66 186 101 113 292 107 16 197 98 163 230 81 74 277 292 296 97 256 114 203 244 249 274 211 139 15 82 17 21 225 20 77 168 176 40 178 219 63 206 197 105 114 160 212 20 40 262 185 113 203 236 178 18 261 184 199 65 
120 288 178 255 209 70 219 133 198 215 149 193 121 253 155 249 96 92 222 199 155 287 294 284 171 42 83 51 32 287 2 176 36 297 20 242 53 164 118 20 29 191 169 11 74 58 124 260 297 252 132 248 210 32 100 9 88 114 205 171 32 228 139 95 288 33 52 26 6 58 269 137 146 64 71 131 36 277 231 121 173 98 250 125 241 176 150 233 10 198 153 134 215 39 75 254 95 292 149 55 
190 156 276 265 224 133 179 111 69 86 109 153 276 263 175 156 269 289 169 143 229 15 66 60 283 72 249 270 276 205 237 298 154 21 216 267 202 72 272 199 147 113 66 126 127 179 67 197 160 121 120 7 237 253 101 162 22 30 170 198 185 10 272 22 155 234 173 215 54 151 254 37 164 37 49 219 176 150 8 222 299 181 140 137 186 236 209 184 31 238 157 206 173 77 295 155 267 59 170 294 
219 15 290 235 295 159 83 124 8 16 200 245 19 29 141 290 1 227 263 192 225 141 103 111 256 179 142 286 116 252 240 267 65 276 232 156 264 35 295 178 140 120 43 166 134 145 42 169 32 123 163 20 138 169 276 3 249 264 4 66 208 185 123 106 164 250 56 265 242 5 290 228 218 139 154 151 110 129 4 218 200 25 96 259 281 106 215 253 2 143 62 139 97 149 98 99 84 124 228 217 
19 129 211 166 60 293 112 26 158 132 58 230 90 71 74 230 86 222 0 274 294 202 155 82 54 294 85 75 25 88 7 264 130 187 211 297 208 298 19 278 174 27 245 40 53 33 235 216 129 39 89 128 206 127 16 94 266 282 245 41 287 164 175 218 31 210 14 136 244 278 164 192 201 6 148 196 268 25 72 293 138 3 275 218 280 43 128 71 35 234 282 254 70 117 4 188 254 155 87 75 
10 56 133 43 201 117 56 91 253 157 136 233 57 140 297 228 261 210 240 273 212 222 3 208 38 11 92 209 252 26 170 155 52 29 98 103 281 156 129 60 155 282 169 37 211 103 197 51 225 191 184 85 297 269 57 181 287 181 188 14 223 215 177 91 277 61 54 273 1 142 206 19 85 184 203 0 6 191 259 126 49 152 187 222 238 189 104 261 46 65 143 257 284 69 93 79 161 220 26 147 
133 281 163 296 257 287 27 143 267 262 108 38 171 63 166 293 267 112 71 47 277 105 118 296 264 186 285 155 276 178 190 84 165 195 186 160 14 251 57 16 31 190 44 245 164 129 92 201 165 55 98 247 274 10 212 111 245 252 19 140 162 274 149 65 170 197 164 230 0 171 28 1 20 172 238 257 137 294 266 78 226 26 130 85 95 196 71 112 121 72 71 61 223 222 95 72 134 250 0 299 
223 213 169 38 4 288 39 226 257 270 75 284 63 244 255 261 298 179 67 137 270 70 26 127 63 32 114 12 194 40 64 38 124 211 299 61 169 106 166 278 95 204 164 276 268 91 64 20 242 46 1 86 186 157 76 289 286 289 43 185 267 101 204 199 277 138 227 168 49 181 80 123 21 150 236 201 286 193 126 286 14 254 125 17 243 199 284 175 192 280 217 192 87 226 141 78 51 169 252 150 
126 55 284 180 202 294 53 271 239 271 48 89 104 263 186 56 203 146 123 261 82 195 257 188 4 91 271 80 222 182 267 28 270 254 255 246 238 197 164 259 237 25 279 47 199 269 153 118 69 135 272 236 190 192 10 229 48 60 261 92 291 159 220 281 292 59 241 64 60 251 143 232 234 278 6 247 19 140 185 184 265 158 220 227 214 37 110 28 169 81 88 142 292 17 46 185 124 270 33 50 
2 287 258 186 104 76 130 194 148 276 199 257 231 91 158 78 16 160 21 28 161 189 35 139 63 176 78 213 146 42 264 240 59 207 96 278 234 213 19 199 138 284 138 241 251 197 191 278 230 297 192 233 38 209 27 102 2 128 267 95 218 81 169 143 96 249 38 59 192 170 16 154 37 5 99 65 197 26 159 158 46 254 267 43 259 149 295 95 11 100 158 94 252 45 29 278 171 150 56 141 
197 251 242 131 197 219 138 19 185 248 277 226 298 173 177 287 136 37 112 227 253 22 18 95 240 215 131 146 213 258 109 68 19 112 88 43 130 42 202 257 151 220 169 107 241 132 279 85 125 57 122 253 91 92 172 52 158 291 200 258 182 48 281 9 173 193 87 49 117 89 228 27 179 81 68 231 103 13 152 119 270 208 280 1 55 183 3 172 63 225 239 202 3 142 85 59 191 257 178 53 
236 118 43 236 66 265 10 13 239 233 237 103 259 48 278 51 76 99 16 263 61 288 222 210 66 54 85 215 122 117 78 140 233 251 132 56 258 50 107 38 43 279 294 44 132 215 254 224 146 284 143 62 109 241 30 231 60 77 204 60 228 109 275 1 250 285 270 115 288 142 177 244 70 145 42 274 9 6 213 219 57 117 3 160 244 260 21 52 142 135 259 210 22 153 228 176 165 248 290 178 
1 159 215 242 240 189 89 58 63 32 106 81 69 179 77 217 184 145 259 9 267 192 53 9 132 257 209 282 184 208 284 196 123 109 55 221 42 76 172 19 244 231 255 265 174 190 96 286 235 248 79 46 218 211 115 230 203 148 227 46 181 68 31 253 100 90 169 151 126 138 179 110 121 121 24 71 261 238 257 278 112 205 94 124 249 62 33 4 93 107 66 208 31 237 35 226 55 149 207 147 
45 215 161 209 79 75 150 179 84 15 7 169 250 107 256 111 179 183 282 27 111 66 185 121 269 224 162 121 232 285 258 62 283 10 187 194 48 21 81 46 100 248 255 96 131 67 156 285 24 183 263 120 114 113 249 244 169 106 125 205 218 219 85 138 157 101 257 169 246 139 132 139 62 71 165 122 186 13 62 208 132 37 167 234 241 288 298 153 98 170 39 107 23 59 257 86 213 134 86 96 
67 29 164 70 120 182 60 7 163 165 47 15 118 63 10 249 247 214 175 0 60 99 70 17 198 233 253 166 269 58 222 169 161 74 112 68 296 54 185 39 258 123 27 255 165 275 166 138 270 109 4 282 255 216 74 186 51 84 291 15 35 25 98 275 55 283 181 64 136 59 75 67 215 146 21 87 182 63 297 235 265 167 178 174 15 14 168 127 198 149 95 116 225 90 74 299 93 248 254 142 
26 76 59 234 130 243 262 215 182 149 123 139 64 209 33 97 40 21 224 15 175 181 298 261 82 215 265 148 3 113 252 227 80 151 288 245 43 278 49 255 209 194 157 271 287 7 276 214 95 137 5 118 267 249 176 122 149 290 244 230 57 178 239 122 12 66 3 166 182 299 95 4 271 61 299 221 66 252 192 201 42 194 163 100 140 216 172 84 36 16 74 77 183 26 218 275 1 42 203 228 
120 142 84 297 13 216 176 268 17 158 205 146 78 131 180 222 75 261 111 275 118 61 244 186 253 231 297 115 259 203 145 284 79 30 7 186 105 29 236 21 4 87 9 182 296 257 54 3 104 79 152 197 135 97 234 12 55 183 198 176 130 140 109 120 132 237 28 200 257 73 289 50 175 124 47 252 258 48 277 23 40 259 0 272 91 95 43 140 29 59 110 113 190 251 198 47 36 193 157 78 
139 156 264 190 158 141 193 44 122 220 34 27 45 5 63 159 226 68 299 249 27 258 100 15 215 98 109 73 89 279 203 204 289 58 16 130 233 261 4 27 278 289 296 286 297 41 292 134 144 29 119 179 254 30 6 224 13 186 125 67 249 62 57 243 209 226 159 228 25 30 271 112 88 274 196 100 191 47 211 82 245 95 11 66 24 45 44 223 256 187 191 192 47 32 144 134 37 181 193 99 
244 142 63 119 103 169 54 62 266 118 253 66 34 21 238 43 274 260 167 208 285 141 238 240 266 95 235 297 172 44 179 255 116 114 51 252 115 196 149 295 216 208 122 127 177 62 125 265 153 119 171 120 70 59 159 163 108 180 172 229 282 205 137 101 279 286 288 256 208 88 218 115 180 219 265 251 39 77 116 120 59 218 23 242 12 158 134 278 52 99 203 272 299 224 6 4 91 77 261 122 
237 108 120 102 282 8 103 36 53 295 81 57 106 41 68 70 52 54 2 92 98 188 121 13 187 3 219 28 90 33 299 119 188 262 72 29 58 118 195 226 217 152 115 151 225 155 221 249 120 235 192 10 122 299 190 249 10 272 131 262 298 280 42 26 76 20 182 31 64 215 278 39 293 80 36 106 292 17 107 294 86 125 191 131 188 71 81 26 232 5 123 24 118 271 133 103 154 259 81 105 
36 281 192 9 43 87 253 222 2 71 257 37 81 252 8 47 72 65 75 95 245 40 98 229 166 38 189 218 268 123 193 106 158 185 220 180 97 112 97 60 33 277 244 23 36 11 278 14 134 30 256 256 113 153 153 282 46 273 37 188 67 228 263 22 298 183 287 38 78 136 225 75 76 151 180 35 217 135 194 285 282 59 250 122 192 94 4 189 274 148 210 104 131 126 63 233 172 19 256 85 
282 207 52 284 39 128 252 241 19 196 203 167 109 243 228 112 11 210 226 113 14 26 47 171 105 104 20 148 12 289 164 264 96 209 115 98 46 230 220 50 138 66 47 69 253 253 64 63 56 288 88 147 282 88 97 103 235 219 251 138 267 272 190 32 114 162 9 57 1 31 86 16 266 121 187 189 235 80 39 85 221 49 113 9 74 2 15 30 163 35 0 67 31 5 87 224 291 125 219 29 
161 192 223 74 99 272 245 193 296 269 208 200 292 289 214 250 102 56 163 56 199 180 297 28 186 144 214 16 247 92 57 43 28 192 282 265 293 105 33 69 86 20 103 212 91 168 98 47 231 258 142 163 185 122 269 176 190 97 40 168 71 93 254 258 87 269 53 147 240 34 18 3 211 285 30 199 136 17 158 270 267 199 30 81 127 64 62 227 157 192 37 81 181 161 3 258 43 241 32 55 
264 283 29 277 18 31 163 151 149 73 50 186 71 296 279 249 299 280 113 126 142 108 56 234 294 0 283 224 142 181 124 165 53 246 114 62 10 20 290 139 113 41 249 55 252 181 244 252 172 248 285 112 20 282 150 88 130 117 235 31 154 17 241 2 296 282 48 299 201 294 236 76 44 194 155 202 132 174 26 85 82 145 131 217 185 66 282 209 138 54 254 15 157 229 234 101 211 122 59 83 
258 18 201 121 126 279 261 210 153 15 265 88 1 254 226 238 140 236 57 79 32 125 29 209 53 49 264 75 20 167 240 6 161 107 24 110 139 175 283 123 70 296 204 182 97 97 207 129 41 116 286 94 94 211 68 272 216 296 62 82 137 189 3 57 38 135 221 59 263 33 224 49 250 264 199 29 270 228 161 213 124 290 86 52 102 231 6 24 80 11 105 124 84 96 15 218 1 88 50 193 
178 74 117 25 51 184 111 171 220 73 273 231 9 53 149 207 170 175 136 182 220 218 72 148 39 95 5 200 78 112 0 151 196 122 50 179 272 108 176 128 279 225 47 61 132 262 42 282 209 2 273 189 296 297 88 215 120 204 56 72 145 1 14 82 293 69 30 169 265 176 201 199 211 219 214 38 177 21 37 18 94 39 58 85 184 112 13 60 174 69 145 204 294 240 298 12 245 147 161 281 
130 111 3 292 249 254 227 58 209 158 184 98 103 219 154 2 140 214 150 199 245 211 4 223 165 228 4 16 297 55 236 262 183 27 73 127 151 37 97 82 178 48 168 282 175 174 82 69 240 45 211 225 81 222 88 217 283 191 25 43 151 163 239 157 220 54 108 273 282 42 125 229 213 29 152 143 50 243 153 109 204 59 82 277 89 157 77 39 118 235 225 187 185 141 141 100 157 277 180 237 
167 111 38 248 31 47 206 32 236 236 272 175 172 201 184 103 84 250 76 0 192 257 11 255 1 2 243 157 154 132 0 143 232 60 17 113 190 111 70 45 237 27 263 109 297 270 188 299 3 63 81 40 175 105 96 99 273 221 96 224 192 178 121 24 135 239 38 98 104 45 65 254 189 65 277 190 181 116 96 170 23 265 143 164 53 179 67 147 67 116 249 220 29 193 38 23 67 203 296 103 
231 292 247 80 28 266 155 183 41 41 56 99 284 64 71 99 160 134 53 176 121 105 38 129 174 39 116 0 251 107 279 186 49 186 147 186 159 150 228 154 214 138 89 282 290 32 233 5 246 180 121 238 70 9 54 95 288 133 98 120 141 244 200 37 149 141 137 244 144 109 53 94 214 83 59 60 14 248 152 67 178 175 48 127 278 220 250 191 110 147 65 261 92 278 163 75 3 198 67 11 
152 166 141 155 239 172 165 84 290 194 8 68 204 68 218 189 281 66 33 116 195 101 240 186 56 9 260 77 266 145 187 282 84 18 229 22 71 121 220 151 23 220 174 116 120 291 54 7 207 211 135 2 49 238 120 24 153 272 173 182 80 294 157 1 266 165 245 233 272 33 3 167 182 215 14 15 6 299 121 150 188 22 214 169 195 223 109 225 99 172 13 294 164 172 14 121 64 43 8 31 
89 197 175 86 197 134 147 98 90 198 90 57 20 204 48 238 132 204 250 148 78 54 242 273 186 201 33 273 72 123 90 177 214 89 299 39 270 207 282 92 216 14 174 152 131 29 73 289 82 117 228 262 6 260 152 180 167 111 63 269 252 115 261 69 191 37 16 203 100 60 154 118 144 28 292 99 81 9 154 28 44 82 170 13 296 206 21 98 205 63 28 198 131 297 274 26 12 225 202 61 
115 99 156 127 82 172 5 43 130 56 7 61 70 211 9 231 162 278 286 244 85 197 91 191 101 282 12 201 253 52 280 149 78 154 204 163 154 98 12 7 203 53 207 115 224 295 216 84 217 230 110 256 271 276 57 260 286 90 145 169 2 208 174 108 87 69 201 198 169 77 258 223 158 254 22 119 22 283 208 22 138 188 42 208 12 181 105 229 10 109 201 6 131 267 22 193 133 18 79 201 
245 170 123 204 217 281 210 23 192 279 240 271 135 110 25 264 270 85 220 63 61 194 133 44 64 222 129 36 144 48 128 67 24 89 98 173 2 127 216 213 15 135 5 7 18 161 93 282 59 138 230 177 195 175 85 148 1 56 214 49 12 274 89 220 288 30 44 98 167 219 215 265 117 91 75 140 129 176 134 52 37 117 134 160 132 14 188 41 99 103 299 89 262 281 133 113 211 181 100 224 
166 291 133 282 211 242 293 4 274 225 229 258 250 49 172 147 292 180 3 275 156 181 280 55 248 225 85 93 39 110 211 278 185 277 90 64 22 269 8 271 260 114 186 106 56 216 61 18 159 240 141 199 257 199 62 28 27 97 296 232 278 276 261 292 275 182 263 7 224 104 279 155 91 20 264 206 97 152 289 65 217 36 111 152 35 17 157 226 287 259 172 202 39 56 277 82 84 282 188 232 
75 135 171 22 170 23 16 57 164 178 219 25 151 278 172 6 4 47 184 123 17 209 145 68 122 182 91 41 96 21 288 158 81 34 24 279 103 271 85 288 61 102 56 45 207 111 149 258 230 257 168 231 131 280 104 122 275 70 212 5 227 247 144 129 164 161 117 111 125 119 272 22 12 216 176 249 67 151 182 35 24 130 44 272 119 244 129 50 26 124 188 288 221 75 31 185 295 227 70 81 
0 221 268 43 185 67 130 110 109 250 274 125 250 275 85 16 127 9 287 70 19 99 38 216 126 94 78 63 293 101 112 265 232 203 190 232 200 288 10 43 215 232 49 209 215 284 38 147 241 219 7 257 118 140 159 96 186 128 72 26 128 299 111 183 50 294 74 163 193 100 217 208 160 220 292 166 17 1 28 287 208 17 40 83 63 43 122 240 145 205 158 63 283 61 10 232 20 258 119 38 
148 240 191 210 255 244 207 200 295 258 283 174 107 224 295 217 246 156 136 213 147 285 72 129 26 78 90 155 171 130 10 121 265 271 211 132 42 234 294 211 241 174 206 23 120 24 204 218 143 83 253 18 233 203 137 204 205 96 242 272 168 84 126 139 293 236 266 34 196 258 3 96 95 187 273 163 90 209 154 243 211 211 164 140 241 96 106 264 84 245 299 252 101 58 168 144 194 266 283 224 
157 222 17 142 13 55 138 229 97 3 261 74 152 186 33 205 249 169 18 146 112 78 197 202 67 197 27 184 150 282 267 19 297 233 170 170 68 255 290 37 49 101 31 161 24 298 101 255 159 63 270 49 215 231 15 246 59 249 88 4 255 156 93 182 120 234 55 90 110 218 264 251 254 204 221 76 193 232 16 209 209 93 17 266 6 295 6 49 100 97 191 107 223 12 179 186 266 6 287 44 
276 230 198 108 288 80 54 285 249 155 197 60 269 174 40 19 213 48 197 258 81 63 299 93 144 294 114 282 235 133 10 236 19 225 172 59 224 1 235 122 90 189 105 19 41 221 207 290 145 20 121 93 24 1 132 23 96 33 264 234 64 135 254 293 205 296 275 233 0 75 235 279 202 8 244 2 128 27 277 91 224 260 121 59 252 40 40 251 2 15 169 150 119 35 41 274 284 51 3 268 
53 82 176 38 16 5 21 242 294 80 202 160 96 140 278 199 85 76 220 164 137 142 208 251 65 159 251 34 54 154 155 286 156 33 6 249 80 128 120 46 7 76 291 267 111 48 147 137 143 209 3 271 123 39 34 132 103 37 21 154 229 89 176 15 275 281 30 23 257 45 198 102 63 78 8 40 47 227 125 209 178 238 271 114 299 249 42 5 163 34 110 44 71 123 49 29 247 46 212 229 
29 276 287 106 294 56 44 233 87 274 152 196 206 73 164 60 117 70 65 155 7 186 271 8 262 13 299 214 173 88 203 134 223 92 126 71 128 112 44 168 3 37 67 57 179 288 283 106 49 84 215 49 66 132 80 44 293 135 189 102 116 130 148 162 84 123 92 216 61 187 280 156 178 120 126 193 245 28 248 243 279 160 39 263 231 182 68 246 8 285 192 167 75 6 15 37 270 279 172 274 
185 57 111 206 82 275 187 186 284 141 74 255 8 22 294 54 32 178 292 5 299 211 188 31 16 214 194 244 22 260 227 155 228 2 57 21 298 14 16 130 44 178 297 58 218 246 243 84 160 237 31 170 242 212 228 257 234 123 236 90 132 252 125 49 183 273 27 65 58 96 153 161 70 197 79 261 242 228 59 136 139 243 26 84 125 282 208 158 225 41 247 51 109 62 273 24 236 155 189 62 
243 238 179 130 240 20 270 267 160 215 153 195 193 52 37 123 220 23 130 153 213 43 24 28 71 213 187 123 49 104 30 169 283 272 49 261 32 140 46 240 37 244 278 199 278 51 83 87 251 232 299 242 262 43 86 216 191 118 157 270 172 180 267 33 223 254 192 262 288 257 208 109 83 235 193 291 82 137 172 5 187 156 202 169 128 155 245 71 190 109 12 133 263 279 172 131 159 124 144 49 
182 70 43 193 128 32 267 264 225 274 42 268 46 265 25 91 103 264 139 82 235 238 291 24 240 65 271 33 36 209 48 183 21 17 68 208 147 195 72 116 227 194 178 228 297 9 32 207 143 294 58 24 245 140 36 68 57 73 19 141 244 258 221 272 212 204 187 99 99 171 223 97 172 269 35 134 57 129 196 66 73 101 186 9 86 209 235 269 297 8 26 115 192 135 222 130 93 140 195 173 
94 261 145 131 13 203 278 93 60 253 129 186 143 248 164 106 109 255 113 5 76 146 61 277 105 228 16 123 135 41 245 94 155 21 265 253 196 107 242 73 20 261 146 205 242 265 123 146 10 207 170 202 178 231 111 145 122 277 243 58 174 287 80 26 86 23 120 79 138 94 145 243 67 285 244 171 223 222 253 121 204 284 13 231 151 142 29 199 298 274 214 20 78 98 101 226 111 95 289 33 
188 180 31 126 183 244 154 38 36 220 263 251 153 156 22 41 107 101 186 245 103 66 217 272 183 29 164 45 98 17 189 188 56 217 1 278 127 11 285 244 267 234 127 221 36 178 55 154 94 190 179 117 92 150 181 290 53 241 220 128 103 120 280 290 224 193 115 148 79 78 84 205 262 10 269 106 181 29 137 281 288 70 27 146 165 114 206 58 88 294 73 186 58 293 293 270 235 67 188 78 
231 125 140 143 139 26 9 279 97 270 143 199 201 165 11 157 42 262 3 245 120 88 20 51 83 8 268 261 196 168 93 43 159 16 217 164 45 299 154 139 174 117 279 238 210 106 263 269 287 85 153 90 246 122 181 55 242 257 187 117 221 128 193 240 119 70 182 183 24 150 136 214 121 5 229 169 121 195 178 162 84 65 247 281 292 270 267 91 120 19 171 265 249 247 145 267 187 125 47 93 
56 232 180 60 162 160 54 244 143 198 204 112 129 128 282 187 256 6 47 46 211 28 15 210 252 129 125 111 83 171 298 265 17 208 130 62 2 20 286 24 149 88 83 92 38 263 98 215 28 239 81 200 164 66 20 3 138 17 104 193 247 221 292 215 19 172 225 299 295 82 196 148 109 177 45 97 39 138 6 121 38 253 247 298 8 74 65 40 11 253 206 123 231 238 28 171 2 58 94 111 
211 262 265 168 165 109 10 24 276 244 191 6 240 96 224 11 53 244 32 161 75 219 216 43 240 140 80 106 74 232 88 267 168 292 80 281 216 31 227 23 46 195 148 81 228 155 206 3 93 51 46 19 199 64 42 157 256 297 228 103 143 67 16 30 136 195 70 194 97 297 263 216 87 17 9 2 157 287 50 171 203 29 6 209 185 208 247 91 180 66 125 59 13 106 13 160 298 113 2 191 
114 261 247 11 293 195 52 70 146 252 199 270 142 60 216 8 266 74 156 207 197 23 235 144 257 159 68 242 86 204 21 272 30 248 227 146 170 33 123 232 253 14 158 148 216 117 90 234 242 123 281 125 269 0 225 249 209 140 197 222 279 117 75 210 77 186 114 159 44 287 78 44 129 273 250 154 16 56 81 117 14 52 289 223 46 177 72 31 207 102 103 47 279 52 187 228 55 138 205 142 
249 0 82 142 194 229 64 58 46 53 84 237 208 291 244 115 223 125 59 0 85 97 50 118 29 296 158 255 260 74 155 153 43 133 103 7 96 89 103 231 58 139 133 276 258 208 63 37 212 201 111 242 177 285 60 101 57 123 123 2 188 96 181 278 261 70 20 62 155 62 68 134 224 232 204 236 91 113 222 287 240 45 91 156 149 158 138 91 43 91 131 221 35 145 282 296 155 47 117 80 
84 260 15 225 196 198 146 161 34 244 52 127 85 53 240 283 99 79 91 141 212 181 265 248 125 297 91 148 93 252 156 40 197 99 123 191 6 130 115 69 149 215 278 244 38 41 70 109 290 249 241 269 170 25 154 92 255 299 156 205 291 293 67 102 243 195 29 44 39 236 110 298 159 72 179 191 7 144 0 102 254 104 136 153 110 243 265 76 47 269 288 263 281 165 158 102 166 71 160 161 
225 143 168 55 92 68 60 210 116 84 90 268 182 116 185 65 140 206 107 132 126 157 220 114 111 49 10 125 11 84 169 13 113 237 100 133 268 290 117 176 269 267 109 197 40 197 116 107 13 207 96 141 249 188 107 147 45 281 110 298 288 262 63 297 0 184 259 263 111 296 1 90 123 154 133 24 83 258 284 41 267 258 219 190 270 286 66 9 263 181 287 57 207 169 43 39 96 273 173 193 
209 280 88 214 80 28 178 190 108 280 202 291 24 23 241 83 79 115 268 245 58 57 213 55 42 105 133 161 231 280 141 179 50 139 279 39 93 223 131 85 201 283 269 75 50 154 233 65 59 6 274 125 108 168 263 251 35 41 112 147 147 96 103 222 218 273 66 117 31 257 24 211 87 123 246 207 199 123 140 259 297 61 272 215 138 263 86 253 157 250 252 171 38 207 76 37 101 86 196 97 
276 271 294 280 122 24 84 63 170 185 145 69 179 118 137 79 225 274 209 177 180 77 282 243 11 11 16 148 280 249 274 18 162 261 21 47 94 113 188 77 111 153 277 76 88 86 5 203 291 221 297 156 208 200 122 26 90 129 50 292 273 208 163 52 203 203 256 48 56 124 226 15 289 91 0 71 4 241 166 173 110 212 254 93 144 167 280 53 215 1 83 16 193 141 152 164 165 133 191 195 
294 223 249 236 250 83 257 258 211 66 169 101 37 171 263 209 90 100 158 211 37 123 27 113 225 297 149 245 26 202 296 281 26 47 173 129 189 165 161 217 221 111 89 93 275 245 40 235 82 253 147 84 298 138 265 53 244 296 157 183 216 283 241 141 270 172 0 73 54 92 99 9 14 62 51 51 278 99 250 111 50 119 129 288 250 283 289 118 265 125 33 163 110 268 210 23 240 205 123 48 
269 77 236 173 134 112 214 6 149 221 161 189 95 226 208 128 27 243 132 235 298 278 28 159 104 137 124 151 119 164 261 290 246 80 7 190 93 85 52 15 4 247 180 238 213 174 150 75 78 156 202 9 54 249 247 146 6 286 47 98 287 295 88 268 10 53 289 86 200 212 269 197 11 268 192 97 36 163 72 94 139 182 246 191 40 203 221 21 140 202 214 244 23 219 236 209 99 64 234 3 
29 195 59 0 50 166 252 155 225 64 289 239 258 67 117 241 266 140 71 214 146 91 269 15 141 60 30 201 206 268 133 57 21 100 167 0 121 3 125 10 242 186 198 168 32 77 110 32 171 100 176 16 112 175 97 85 216 9 282 165 36 107 150 174 185 268 171 34 4 164 251 208 281 73 62 229 7 297 230 214 195 190 5 243 178 99 190 201 292 164 195 44 175 211 226 164 55 275 167 1 
227 153 273 69 32 5 127 164 281 231 52 218 142 219 118 208 265 194 148 292 145 155 134 78 161 293 241 111 73 133 143 262 103 161 211 127 189 234 69 43 128 139 293 249 216 36 230 186 139 146 110 96 47 119 14 272 180 288 150 141 206 289 46 135 58 266 259 92 42 111 85 202 78 165 245 193 286 291 18 246 153 189 88 299 275 28 80 121 66 154 246 100 57 265 44 206 1 30 150 123 
213 230 195 99 206 172 271 181 154 68 277 150 208 280 171 61 99 222 31 17 2 193 65 272 260 179 198 87 57 238 27 221 125 281 146 92 135 46 212 253 121 61 32 192 186 299 155 57 188 180 292 145 87 170 282 151 250 192 92 80 168 126 104 129 298 161 139 96 75 57 79 262 152 60 94 292 121 106 75 203 151 51 211 288 271 197 81 83 259 163 101 23 156 218 237 207 84 269 169 24 
13 62 261 7 213 130 268 228 123 153 71 131 118 52 159 22 49 10 87 87 183 158 290 144 192 21 155 56 203 243 85 15 221 4 117 96 169 35 114 214 126 107 265 214 227 68 265 216 169 293 264 228 154 75 82 297 131 100 98 122 71 221 62 273 219 81 216 50 149 111 215 185 5 25 211 7 44 194 16 136 191 221 215 80 268 156 90 104 143 3 273 299 240 44 33 291 179 43 234 168 
148 298 216 74 56 215 141 270 3 221 89 44 27 220 221 2 53 203 285 176 79 266 268 155 190 192 286 195 149 59 86 194 193 3 48 176 123 241 160 184 35 212 151 128 269 36 201 255 269 196 260 222 75 177 9 173 169 13 100 139 133 85 228 81 46 39 0 211 62 151 147 131 35 136 295 203 226 201 16 153 209 213 3 245 279 80 93 145 226 259 80 135 79 97 226 164 166 87 87 264 
217 12 292 146 1 261 136 149 88 69 134 251 231 273 21 109 59 66 163 207 3 17 53 258 220 91 17 87 9 164 246 113 276 214 284 70 96 227 247 170 128 211 62 181 60 259 115 138 227 152 165 144 281 80 204 280 102 82 112 206 99 293 72 164 279 31 261 161 12 178 192 3 71 154 148 192 53 96 140 189 147 74 287 247 237 40 8 65 23 39 165 22 92 97 186 53 114 56 231 282 
277 257 258 7 251 7 218 3 296 76 213 141 0 284 126 224 277 129 266 74 29 250 168 114 44 3 296 175 117 136 142 178 115 50 258 142 158 238 265 250 79 27 137 6 112 190 50 224 79 47 34 26 46 123 122 139 207 276 69 254 9 209 16 139 118 39 291 93 190 231 296 46 289 48 209 189 60 119 270 274 250 297 59 5 252 122 35 232 101 48 130 242 24 25 120 0 242 81 118 207 
269 289 88 250 141 8 180 189 73 284 135 282 93 89 245 255 105 90 154 273 110 291 26 20 111 93 56 70 176 99 290 24 94 138 292 62 57 212 295 267 89 222 172 65 50 129 90 117 216 232 136 254 255 176 30 63 107 205 37 175 74 291 80 281 180 188 102 130 52 34 90 145 34 114 210 285 156 198 43 223 104 201 176 144 14 281 5 175 254 9 146 182 57 19 220 277 225 136 18 247 
174 118 152 241 46 71 125 17 15 280 151 67 79 34 179 158 73 252 36 253 222 169 11 71 278 52 297 236 112 134 46 16 107 114 266 134 115 84 128 146 95 126 212 207 160 230 288 120 42 270 3 24 222 140 34 167 87 94 24 214 201 149 167 218 195 104 271 165 212 232 139 270 64 225 150 62 187 268 288 171 139 23 73 208 14 259 253 5 2 53 272 292 4 75 171 80 186 10 64 1 
88 248 87 28 222 138 150 277 176 111 38 222 38 30 170 21 77 254 116 133 106 136 102 81 149 286 86 6 24 254 197 206 13 252 208 276 1 91 248 126 31 248 172 37 253 253 112 176 237 269 280 244 78 61 129 186 212 211 84 212 53 196 117 237 6 180 9 211 298 284 275 248 37 151 127 285 127 118 136 208 205 236 140 140 0 142 30 73 286 34 3 59 50 2 256 49 31 259 207 176 
211 251 51 236 24 280 185 285 99 158 9 154 237 106 234 40 187 232 136 204 9 190 266 286 189 270 243 154 172 167 25 192 101 298 122 284 109 146 102 29 83 73 217 73 205 153 203 65 115 155 4 203 274 169 263 109 11 170 294 228 293 102 128 89 197 299 254 47 257 183 106 57 214 134 172 89 101 299 1 57 96 170 50 153 118 213 159 57 289 40 148 176 243 81 288 181 157 164 39 37 
46 9 131 54 100 151 243 254 162 257 120 131 38 7 173 298 263 15 193 5 161 57 270 129 180 276 216 156 111 173 94 67 173 261 288 115 145 298 90 113 6 222 24 148 85 264 206 114 111 159 14 201 233 232 115 147 85 210 164 44 13 212 26 40 283 299 295 149 21 124 96 173 138 180 151 215 277 42 132 138 148 213 273 10 240 115 96 287 250 261 162 127 57 68 100 88 235 266 208 270 
129 213 170 38 243 201 120 280 154 49 60 28 44 296 267 107 85 124 81 96 188 127 175 293 30 196 36 108 104 96 93 81 271 17 275 5 287 175 181 7 189 25 125 83 213 18 63 108 102 148 265 19 253 89 278 76 188 289 113 19 116 203 155 151 148 228 268 297 20 279 131 169 284 213 84 116 89 273 38 14 190 211 96 262 255 119 85 190 150 79 0 173 178 260 109 170 93 269 128 2 
140 76 5 217 212 231 117 145 287 206 276 264 117 241 20 227 148 73 120 258 238 198 224 114 46 123 272 33 4 205 124 169 161 249 11 15 242 61 131 113 3 153 132 278 147 2 98 209 106 126 180 249 203 281 170 119 292 36 7 252 279 168 252 273 13 233 135 4 140 192 187 289 217 33 6 24 276 61 289 297 216 175 1 9 129 34 110 51 68 262 248 212 212 194 195 18 174 153 67 271 
76 48 4 172 257 88 36 75 0 223 138 110 114 69 294 33 132 167 111 111 78 119 3 280 237 155 61 5 107 250 203 144 112 20 163 90 35 208 199 254 115 196 84 28 251 109 211 186 197 57 161 154 206 209 157 64 176 126 219 93 52 17 252 168 182 241 127 231 143 74 50 294 181 220 153 128 29 186 46 54 134 19 141 100 88 121 198 88 159 252 289 138 137 173 257 262 85 244 57 112 
189 286 183 37 91 179 197 208 99 207 96 260 292 139 287 29 40 131 57 117 45 281 55 156 202 184 40 158 213 131 237 144 298 196 30 41 135 52 194 203 225 167 4 108 84 171 126 18 227 2 207 231 190 165 283 160 3 208 26 232 198 142 202 68 276 143 136 6 38 297 173 202 224 247 248 283 220 241 211 2 195 216 23 116 286 292 40 89 180 215 285 141 32 287 252 14 244 284 113 274 
293 264 128 63 222 183 116 244 177 75 18 213 9 275 294 10 221 285 108 44 89 102 225 116 175 245 8 248 143 168 152 171 250 150 107 197 168 127 241 163 132 138 277 212 182 100 180 288 51 206 32 256 231 16 94 202 287 131 46 62 223 288 18 265 167 14 146 84 254 155 255 189 292 129 115 86 172 67 144 210 28 17 79 13 160 291 282 254 224 130 137 270 54 167 246 34 195 258 8 61 
261 226 69 185 64 254 210 219 93 135 98 77 272 119 137 235 277 281 88 172 10 166 274 22 223 108 181 204 53 148 45 227 279 89 136 291 22 183 235 120 68 122 155 136 35 283 192 271 67 60 14 104 1 94 205 193 225 134 142 111 95 289 202 10 249 277 43 256 237 229 217 96 273 26 271 12 102 215 145 228 60 153 273 271 286 180 5 252 114 290 22 33 268 57 247 267 232 207 259 211 
213 104 145 247 63 236 109 39 87 25 231 142 242 75 116 76 15 18 38 30 253 108 89 64 88 164 3 49 163 222 155 196 154 24 158 2 48 192 106 135 8 291 164 278 239 25 3 31 9 77 193 119 90 136 46 107 71 122 87 232 233 81 244 63 92 108 261 283 179 254 173 56 75 31 192 62 101 222 36 161 153 61 250 208 285 246 246 111 97 82 202 93 212 95 214 77 131 14 241 77 
228 201 27 8 206 161 48 285 255 239 253 137 198 178 112 211 186 193 40 66 78 265 149 199 287 297 292 177 271 64 283 161 47 202 196 205 75 139 92 24 145 269 102 3 91 104 204 207 53 54 125 146 258 263 179 78 126 207 47 252 108 255 259 45 140 242 43 275 264 223 71 61 31 221 8 188 250 86 213 265 294 293 4 35 217 268 137 59 281 197 254 232 142 51 164 64 55 295 209 256 
280 75 294 299 157 98 198 127 86 141 280 87 169 58 254 156 196 76 59 56 184 58 130 27 169 155 119 182 61 17 209 30 167 225 156 39 111 14 10 36 147 257 69 268 219 85 26 185 69 54 36 188 151 68 98 25 18 73 67 224 272 190 196 160 164 210 146 76 201 11 285 107 276 54 239 296 66 297 213 170 278 40 53 128 114 125 223 125 51 43 213 145 217 112 233 219 13 165 44 98 
283 11 77 113 187 160 34 256 83 136 79 40 297 4 149 82 153 14 209 203 94 210 12 226 213 168 189 122 221 200 149 225 129 259 178 237 155 70 227 227 191 164 163 270 196 123 189 113 196 207 135 247 273 90 149 141 286 231 7 33 156 257 189 2 191 186 120 272 120 17 146 217 60 94 46 208 113 40 160 49 155 91 253 125 14 98 164 232 82 190 104 92 159 185 182 4 74 10 41 25 
27 70 74 27 208 229 215 187 86 109 243 111 159 248 225 282 272 188 88 262 127 192 4 252 96 200 33 299 60 33 24 44 246 198 24 120 138 91 131 78 181 244 73 50 46 172 16 142 138 118 173 128 131 167 206 208 4 122 9 52 50 49 155 61 282 212 228 56 265 186 298 137 36 102 11 174 146 48 137 3 266 181 168 117 17 233 183 137 183 206 31 154 229 195 94 249 243 191 209 88 
23 76 123 24 150 7 173 160 197 12 134 115 111 205 41 145 61 128 246 121 66 82 246 157 27 74 15 291 230 214 215 95 27 74 222 84 87 187 102 171 89 220 163 197 293 58 252 261 251 241 116 262 83 276 224 278 158 233 55 51 45 266 19 21 5 15 88 268 247 106 163 39 60 247 89 190 196 275 183 168 191 215 120 36 236 89 125 60 185 39 201 38 126 235 117 270 173 118 285 245 
258 99 11 153 132 58 247 37 204 30 245 2 69 16 295 93 283 157 234 271 188 285 210 203 135 145 160 275 23 22 184 286 52 135 27 132 240 34 83 230 201 129 68 127 289 226 181 135 290 283 59 80 258 12 113 78 42 155 61 295 135 57 230 283 221 222 115 288 4 244 14 173 103 85 240 100 67 114 61 137 216 245 35 14 9 213 148 4 78 31 87 219 133 133 110 132 162 272 2 98 
24 211 35 215 90 282 111 140 239 4 159 256 120 253 15 93 196 107 263 36 138 203 195 297 293 182 285 114 133 129 140 260 284 210 75 147 143 67 146 28 221 104 205 91 164 56 82 101 263 128 75 138 220 244 69 208 208 158 255 48 291 276 138 245 16 168 145 241 272 166 12 206 177 178 204 118 171 138 173 51 266 230 148 154 119 26 48 289 80 168 263 2 129 66 164 6 100 266 55 146 
291 101 122 244 92 105 67 230 297 55 184 182 109 287 113 273 263 156 228 210 234 67 289 89 1 23 141 1 268 8 197 221 110 201 255 74 124 290 48 226 266 262 66 63 49 128 115 126 144 84 299 166 175 4 90 164 65 207 282 109 32 78 264 106 3 262 9 222 255 121 139 250 298 220 195 20 188 132 101 126 254 156 2 281 221 175 98 263 139 78 294 42 21 20 160 86 12 52 8 110 
11 206 273 94 181 30 172 215 179 169 28 60 217 25 244 240 10 32 181 31 213 268 270 205 109 93 28 52 147 74 265 54 38 205 294 127 267 253 89 164 191 57 228 196 126 79 46 90 224 178 185 27 170 180 166 97 157 210 253 280 11 1 220 64 159 233 13 228 177 64 93 182 6 6 236 246 199 10 195 39 265 175 229 51 293 51 157 278 242 140 258 287 275 145 200 246 17 59 122 157 
257 202 89 77 226 105 264 35 225 13 29 223 116 229 271 152 204 157 243 105 218 132 8 68 145 150 58 167 102 236 83 115 192 274 9 185 29 5 166 262 93 286 48 107 73 173 211 189 114 10 18 129 227 297 278 31 124 68 137 224 53 37 234 249 299 161 236 238 217 69 99 75 253 163 141 118 184 91 258 298 239 21 95 162 256 26 245 260 80 115 6 72 26 57 283 287 24 179 50 129 
32 284 234 99 291 181 252 177 45 18 192 59 227 44 249 245 276 298 265 188 281 150 120 263 189 75 83 166 213 180 84 114 272 223 240 169 189 247 284 63 68 12 168 201 222 65 74 277 41 246 265 122 59 62 296 9 298 258 93 233 212 220 166 239 148 79 236 233 33 107 266 56 281 283 215 295 4 141 258 58 118 222 46 183 115 283 106 19 285 59 46 184 31 190 275 182 84 61 208 216 
34 239 281 160 192 260 136 122 150 232 114 176 227 230 219 234 211 209 281 260 270 218 282 88 49 119 188 50 92 104 152 289 175 129 238 76 261 59 208 144 134 134 142 288 100 197 97 251 144 175 206 233 86 227 180 164 106 239 64 276 60 159 73 0 202 227 169 263 128 115 183 299 201 282 201 237 285 169 7 90 178 287 192 61 79 197 97 172 277 18 296 155 64 197 147 210 26 289 297 114 
250 286 284 171 56 77 275 136 114 140 110 48 106 19 8 232 282 30 192 217 236 192 159 43 192 143 25 21 259 277 2 243 165 78 144 54 73 159 106 120 35 31 14 136 22 48 213 126 276 108 170 185 122 36 90 224 148 241 268 152 209 53 222 64 95 288 70 58 158 104 87 253 276 246 30 110 220 122 224 20 19 72 275 270 108 96 49 11 221 155 271 296 20 15 118 253 242 164 106 131 
245 292 45 131 82 240 42 71 123 57 113 21 261 46 254 148 28 150 51 279 177 168 11 127 264 65 209 8 60 106 278 3 276 203 90 275 179 227 148 94 154 8 211 125 124 173 299 70 187 183 73 196 69 53 100 260 249 176 204 95 115 137 276 216 182 256 22 68 244 69 177 39 239 132 6 160 286 87 243 264 185 247 10 127 166 67 25 59 216 87 38 6 293 31 236 221 266 272 106 186 
170 115 40 70 197 122 244 251 206 202 158 74 90 133 155 63 282 184 114 297 231 180 133 59 257 82 235 251 62 111 90 238 295 37 250 136 16 171 194 82 188 259 123 185 3 166 283 156 83 168 105 57 135 233 205 136 91 103 57 145 101 233 117 155 209 291 66 160 15 218 183 27 191 114 91 96 54 111 267 91 115 269 271 171 129 231 192 112 191 62 257 59 115 101 184 1 219 84 182 111 
180 294 193 296 217 243 226 47 41 166 267 107 176 57 299 180 47 130 55 160 37 178 267 290 168 53 14 233 44 281 102 68 63 6 100 124 57 9 59 227 294 231 34 276 277 54 42 103 59 186 116 11 89 93 293 112 56 55 288 102 222 199 240 291 146 231 137 40 143 298 166 35 75 16 277 67 46 170 103 4 228 27 219 225 259 65 80 251 139 184 9 288 236 71 209 48 210 113 224 34 
264 76 164 47 79 60 27 102 159 297 284 292 185 248 264 90 239 75 15 3 46 148 106 131 290 20 140 56 271 200 76 261 218 36 277 120 297 42 77 8 8 21 165 286 264 150 41 23 5 55 24 247 35 294 63 4 232 21 30 106 9 112 161 198 22 18 68 17 223 243 238 98 169 9 167 154 92 69 69 203 49 257 275 271 99 140 223 234 194 1 286 171 37 68 9 291 208 17 242 186 
116 83 215 86 30 280 50 137 297 245 86 2 276 52 209 7 195 4 87 150 224 277 90 197 97 193 238 107 25 119 10 247 132 113 271 211 231 179 181 189 175 222 189 289 40 169 10 4 145 43 42 71 54 149 94 246 35 283 188 14 67 222 25 69 159 27 291 42 60 298 269 81 118 143 65 291 183 117 265 49 107 249 273 245 261 205 31 190 257 134 128 37 248 83 46 163 185 183 51 205 
221 253 97 18 18 125 58 132 287 61 207 110 131 150 215 16 107 85 201 79 209 114 13 263 162 10 142 90 66 14 118 262 67 75 222 226 167 188 174 233 290 288 3 36 275 145 165 89 137 116 147 175 129 126 224 176 19 30 21 13 86 152 217 29 64 21 240 4 153 120 35 273 110 201 34 114 54 104 10 31 76 47 22 249 223 144 133 253 145 193 162 16 98 1 263 120 297 164 54 32 
32 77 193 92 213 191 251 116 187 97 160 34 230 43 81 22 30 110 135 201 282 265 222 255 284 1 93 45 99 62 244 67 261 91 221 195 282 235 247 186 92 33 80 191 61 257 193 21 254 37 83 52 85 199 164 167 29 127 238 140 52 263 296 276 58 289 251 45 149 97 222 253 116 256 264 17 171 64 193 54 131 276 20 134 162 239 125 267 182 260 251 67 86 233 135 271 109 8 238 2 
94 229 15 220 243 113 128 156 18 55 130 206 129 145 279 240 1 241 248 147 53 116 176 224 248 258 96 213 132 152 194 54 13 67 143 200 217 290 275 185 105 77 292 139 216 34 20 253 138 188 86 44 160 79 248 295 134 212 216 237 277 29 256 282 250 266 25 20 86 173 138 71 183 27 238 299 92 268 122 286 193 277 31 73 13 272 92 230 251 217 82 155 94 146 152 65 1 71 126 84 
