273 98 245 58 34 11 75 12 171 9 64 115 204 70 162 285 189 5 171 127 104 214 140 177 18 33 76 47 91 276 126 247 11 292 286 274 130 224 1 245 118 14 43 21 68 129 153 142 285 248 131 123 181 247 3 258 77 135 63 201 84 101 107 114 207 109 219 227 107 221 175 225 155 239 255 246 278 94 130 204 243 250 206 232 11 297 118 87 53 290 179 235 44 124 23 285 163 146 146 134 
75 17 42 212 152 1 106 134 29 97 186 190 29 74 229 82 229 171 282 161 230 134 273 56 38 288 269 236 273 69 230 70 132 86 49 248 43 156 157 89 139 126 217 97 6 222 155 197 22 132 67 166 228 106 288 264 22 259 146 20 135 78 221 271 125 46 257 219 294 292 62 144 167 52 262 236 271 264 65 62 64 29 116 89 27 183 89 23 264 183 298 4 111 115 228 205 146 42 161 257 
207 173 33 258 190 137 166 159 118 141 162 193 2 166 114 71 279 109 32 158 184 133 204 96 95 186 182 33 38 102 2 236 245 26 202 20 102 127 216 102 240 229 107 92 108 63 120 254 196 200 228 288 183 297 156 153 282 205 276 210 95 274 260 10 71 52 196 281 276 118 273 74 297 275 188 201 162 63 67 104 59 240 82 126 275 51 252 6 28 218 21 85 224 93 18 278 283 287 95 117 
4 268 137 98 50 29 244 247 132 260 262 221 14 216 21 114 161 291 129 35 192 178 90 37 181 248 73 217 76 139 172 236 295 112 215 106 285 177 144 159 230 136 286 155 270 89 298 122 221 64 66 229 32 172 78 6 7 247 124 82 178 216 127 171 67 77 91 279 295 208 275 187 188 192 95 200 208 283 20 218 152 7 249 154 103 58 102 92 120 150 248 37 13 197 179 185 93 40 55 104 
101 182 222 49 186 48 116 228 235 266 288 193 164 176 2 25 93 262 74 92 93 173 160 194 209 131 5 34 94 101 168 285 258 227 88 289 117 79 117 289 190 202 225 66 155 211 62 95 23 149 193 165 110 48 49 42 22 38 208 207 5 244 137 99 17 74 102 42 291 247 80 45 151 62 213 292 100 140 69 270 79 119 184 127 176 30 246 284 9 6 249 247 209 240 271 173 0 261 84 144 
201 230 250 236 89 120 221 76 258 78 38 61 278 176 194 227 237 124 124 129 292 259 175 130 108 115 157 7 190 258 209 255 224 29 122 76 75 86 211 260 3 26 158 60 272 91 196 40 63 26 59 135 292 92 63 293 217 143 53 250 3 206 13 32 282 264 26 299 147 205 239 112 94 5 24 4 210 210 53 202 32 148 270 36 198 71 209 266 67 225 159 92 154 217 221 190 149 75 2 44 
208 160 144 258 103 120 141 40 174 43 218 146 210 89 250 248 92 62 268 44 240 9 16 272 261 238 249 9 112 53 263 296 126 73 163 124 50 134 52 128 78 275 203 295 112 3 166 125 296 70 20 144 99 198 72 203 67 287 100 129 142 279 197 186 237 130 152 125 7 126 142 137 68 90 107 73 29 128 59 105 124 235 203 252 220 86 114 179 289 50 107 287 293 186 31 254 105 124 294 278 
126 195 38 250 258 143 223 129 7 289 276 136 126 68 174 143 31 211 7 71 269 20 222 79 68 191 165 88 198 51 161 253 243 94 6 27 190 28 134 138 141 234 274 276 184 283 88 190 77 206 19 95 216 21 124 227 115 1 245 153 145 43 282 88 274 31 83 41 42 139 13 208 239 127 49 195 80 62 83 91 80 119 192 212 110 284 81 253 70 75 16 192 244 68 245 115 187 98 19 7 
89 273 223 103 257 151 136 176 157 158 27 76 117 85 281 193 224 143 186 136 181 88 273 157 256 229 61 225 31 106 34 285 107 34 53 88 203 47 180 112 163 163 241 1 276 262 208 291 164 32 55 221 12 241 178 249 110 235 31 170 68 189 191 283 0 90 114 150 233 271 132 74 274 200 241 248 30 156 206 64 239 292 27 110 243 250 35 111 132 230 47 134 179 197 291 286 44 84 175 110 
51 3 117 110 234 135 130 299 33 264 214 222 54 199 103 101 39 55 225 99 16 262 260 26 93 235 46 21 207 126 264 42 178 271 34 284 51 130 69 26 55 134 112 181 212 65 135 90 74 12 32 246 152 215 74 49 188 31 171 297 161 62 28 293 148 295 24 133 65 22 245 99 282 234 22 271 148 37 69 296 245 196 83 163 66 108 122 239 258 192 190 165 210 245 112 28 82 10 98 176 
184 83 31 180 16 151 138 66 136 169 144 103 161 8 47 106 145 167 192 221 78 52 5 153 186 58 43 213 45 41 113 174 281 189 230 129 272 95 228 285 139 115 50 255 244 29 131 144 45 82 195 118 239 229 217 205 226 195 114 171 287 296 97 65 258 215 299 264 250 156 1 193 125 200 40 293 72 296 116 156 285 118 168 214 215 124 8 106 128 78 168 122 174 75 17 271 120 78 118 235 
265 119 209 65 94 51 121 216 199 232 225 66 55 6 270 53 129 97 298 255 258 140 10 282 253 157 150 288 204 63 126 81 47 116 207 153 9 34 58 252 63 148 23 142 170 52 118 144 185 24 215 60 178 145 168 128 19 48 247 254 208 288 219 111 43 66 27 57 237 47 242 93 187 171 78 165 250 258 187 254 271 168 26 242 154 197 25 264 18 34 233 191 2 13 51 220 181 211 175 118 
271 264 18 124 70 218 269 26 112 1 110 80 123 147 239 132 112 100 289 20 245 260 203 231 85 164 63 136 237 209 28 227 172 91 257 125 2 157 281 30 134 61 175 145 293 195 239 142 82 161 130 226 176 154 98 112 20 271 226 47 40 273 41 213 236 69 88 102 282 12 173 155 33 18 261 1 281 37 182 61 191 61 65 137 103 132 30 124 73 167 98 138 28 171 140 122 287 13 195 293 
294 222 110 264 157 24 73 164 172 181 231 19 95 149 181 2 234 193 118 298 239 24 59 152 162 87 125 77 86 41 21 29 102 117 167 26 151 134 38 275 128 22 191 263 53 6 112 268 25 194 259 179 14 246 150 197 46 60 173 143 255 171 198 234 122 11 225 291 57 105 273 105 298 110 241 82 291 91 286 139 116 175 84 186 58 9 235 106 5 15 32 134 252 124 52 165 251 173 240 218 
89 266 89 118 147 247 66 42 28 191 124 83 95 32 270 87 231 260 233 74 141 33 57 137 163 96 228 1 299 223 203 279 53 246 151 175 185 122 94 258 288 201 2 265 298 145 232 90 125 81 25 293 108 143 13 256 178 147 1 287 63 168 154 159 159 280 251 63 242 207 256 19 124 18 119 40 78 82 227 188 264 90 78 148 208 264 271 135 283 8 197 225 19 270 103 252 181 39 100 166 
292 133 96 59 22 110 200 96 37 262 218 280 4 76 85 286 159 167 40 267 296 216 268 54 96 207 199 197 257 94 270 293 297 114 27 192 299 113 160 178 125 226 110 79 69 30 229 247 96 243 7 220 36 176 227 195 164 48 101 147 294 90 259 151 296 216 73 178 7 234 204 229 108 134 115 171 248 82 151 236 98 237 65 108 119 162 142 141 217 45 206 196 28 107 216 72 81 160 61 52 
263 15 263 285 68 234 84 263 223 194 283 84 135 145 114 189 61 218 68 9 93 6 189 151 195 61 188 220 56 122 264 262 113 70 54 79 135 289 178 32 284 3 280 83 282 119 293 134 10 294 22 211 82 222 96 233 131 235 273 252 144 94 225 32 275 280 125 102 223 221 128 36 13 45 87 153 39 195 151 192 146 104 211 21 155 106 79 37 36 122 95 51 215 155 29 35 23 265 275 242 
295 268 111 177 64 228 207 211 50 128 75 54 81 6 96 173 296 291 68 239 210 47 71 30 257 106 0 18 275 80 128 16 259 255 174 106 15 227 1 100 207 295 162 260 195 286 132 30 8 62 228 59 153 4 141 132 36 68 73 209 206 219 170 299 142 230 238 44 284 292 220 125 222 28 215 290 164 140 232 85 9 258 206 194 229 57 164 25 137 179 153 212 59 40 270 299 122 289 135 97 
118 137 173 53 120 275 211 173 64 198 296 157 234 138 47 155 167 176 164 205 160 163 55 112 44 144 263 80 154 219 32 181 229 51 191 112 207 272 201 48 4 159 115 226 195 45 246 194 297 299 251 33 153 270 0 268 168 299 267 207 14 89 174 186 161 254 131 158 40 106 42 31 190 226 42 200 261 112 197 212 112 68 258 296 81 262 215 89 171 40 294 135 23 259 212 254 293 174 41 276 
60 255 102 119 264 72 116 120 74 123 272 152 9 157 80 6 122 293 105 22 193 77 181 81 251 73 271 132 3 206 256 177 117 245 184 283 196 105 134 281 67 250 184 2 210 150 99 176 142 1 77 299 106 120 188 91 87 163 18 49 131 283 173 101 185 61 5 143 292 104 151 212 248 249 253 163 209 97 87 177 15 42 84 92 278 250 30 7 199 77 58 275 251 241 143 121 14 34 148 60 
286 287 280 199 282 31 70 14 197 85 77 73 203 30 250 254 181 83 215 265 40 186 238 64 204 216 43 128 174 54 46 177 16 36 225 160 7 293 272 275 193 269 89 293 249 127 106 248 16 107 177 259 108 215 115 144 94 152 172 118 180 95 231 110 249 208 277 7 216 20 98 251 155 178 102 60 8 55 257 183 149 210 2 51 289 140 181 154 194 292 55 276 131 19 245 160 285 227 20 110 
118 177 297 285 138 240 85 122 290 180 250 209 13 19 270 161 177 25 171 78 206 254 172 248 277 4 107 165 56 253 199 171 268 227 192 1 258 255 265 160 18 127 106 60 109 131 118 67 158 117 198 148 167 184 62 213 181 18 139 216 194 186 210 254 237 209 180 35 171 226 259 13 228 207 84 44 299 78 73 215 191 222 109 137 146 107 222 40 87 283 74 74 95 225 9 145 47 18 65 236 
57 159 175 49 208 18 153 115 113 128 189 9 55 26 129 132 173 279 71 295 127 137 115 285 223 107 110 66 1 239 190 127 236 28 244 264 294 74 289 139 145 289 271 279 280 274 257 129 150 191 286 37 9 74 243 168 38 140 284 96 251 140 8 245 256 178 290 51 138 80 107 160 193 200 253 55 41 94 298 72 76 44 234 191 93 72 9 123 0 168 257 176 197 209 110 37 230 160 58 93 
208 224 131 196 248 74 191 92 162 134 64 114 147 271 8 203 56 199 242 295 205 103 249 9 191 121 197 263 272 224 152 6 220 182 159 285 102 259 100 39 87 229 42 287 290 238 123 255 252 273 210 39 210 128 169 59 229 174 140 295 95 125 99 99 39 18 60 2 15 107 217 274 104 100 225 133 139 22 252 251 190 101 184 188 37 265 185 118 195 178 24 14 44 54 220 75 179 279 181 72 
6 6 138 140 185 223 216 142 217 230 259 158 59 206 116 20 44 0 84 207 217 170 201 215 261 272 86 99 38 34 108 226 169 111 114 102 54 126 256 13 152 176 131 240 29 69 63 61 153 294 283 109 175 206 34 102 256 275 34 29 194 239 133 212 124 252 289 190 280 189 292 23 136 206 213 185 54 186 253 143 118 74 286 233 165 89 259 192 3 266 20 255 41 234 257 286 257 159 197 127 
213 212 185 94 93 109 140 182 136 77 157 112 293 42 155 149 296 217 286 48 112 247 123 261 289 115 188 285 21 165 159 233 90 82 294 128 280 273 205 141 293 45 20 94 128 64 177 27 194 200 32 274 186 92 16 221 164 229 241 20 236 205 94 157 64 240 60 137 219 254 291 41 292 184 162 24 178 145 62 59 101 175 56 222 297 278 26 77 209 277 4 84 50 189 39 238 229 14 227 244 
231 15 107 247 280 100 174 115 255 193 43 199 7 94 155 189 16 217 74 228 11 48 207 211 48 91 257 280 39 48 46 249 137 121 17 293 159 294 188 294 79 88 79 169 286 229 236 215 81 125 135 171 180 179 288 251 176 93 134 248 21 9 278 268 155 72 208 238 208 182 113 97 262 10 119 245 92 107 113 150 59 189 78 93 67 201 23 164 252 73 82 169 154 51 122 190 103 240 161 71 
255 99 165 4 84 274 2 1 231 273 170 28 150 231 126 14 112 125 97 252 286 87 202 163 36 44 219 286 99 165 243 103 112 239 63 144 193 269 225 239 154 296 105 88 190 109 28 114 167 50 69 197 24 289 118 47 78 17 152 68 25 123 19 82 175 8 204 88 233 187 275 22 197 157 151 218 76 120 24 66 0 97 40 226 45 105 81 95 104 46 74 197 296 129 36 244 184 171 23 217 
180 152 229 75 244 231 118 215 238 28 109 273 196 106 214 80 224 97 264 50 58 199 117 175 159 132 203 290 67 176 233 257 178 96 191 217 95 9 122 190 241 100 104 168 53 169 106 238 171 195 62 177 196 223 148 153 28 120 156 215 297 226 82 50 36 18 252 196 134 134 287 28 214 278 252 105 220 165 5 64 193 168 32 170 294 227 180 20 46 81 146 108 196 111 297 80 260 288 260 220 
157 275 8 63 83 132 90 42 130 160 138 31 98 287 118 288 72 135 96 286 293 43 289 119 138 5 142 206 192 276 93 262 244 12 93 105 177 175 109 259 261 4 142 53 258 226 223 79 270 123 89 30 77 265 90 262 109 37 159 236 266 295 145 17 159 253 119 278 189 87 26 266 42 170 125 297 177 295 239 192 140 291 290 81 74 148 77 245 14 55 225 254 92 288 240 282 279 154 174 12 
142 119 280 133 86 18 106 0 127 43 183 166 119 187 240 177 24 129 233 166 138 227 95 224 168 105 55 143 198 90 217 53 227 293 237 196 184 156 209 248 276 286 31 70 257 250 18 105 135 177 271 259 216 209 99 19 100 164 193 50 125 294 81 192 234 95 282 145 179 51 131 272 293 244 278 102 224 69 13 58 212 35 123 15 295 140 169 127 287 286 183 215 185 51 41 62 50 22 29 38 
297 52 12 180 244 172 249 52 298 288 253 142 293 82 144 287 13 249 150 42 97 263 141 176 252 26 246 142 31 270 182 227 145 199 299 57 230 232 224 44 117 3 173 244 247 165 118 54 81 48 57 274 62 23 142 235 284 78 19 124 129 203 164 254 243 280 45 2 84 186 170 88 255 197 50 92 179 201 282 228 63 173 284 78 146 298 251 20 84 218 289 277 96 124 28 193 99 239 110 23 
200 99 83 262 114 8 167 195 87 78 0 178 107 243 56 283 181 19 191 121 271 273 28 79 16 107 182 247 297 39 229 9 244 7 180 105 237 22 149 40 141 188 191 70 73 132 152 67 127 259 275 24 19 160 179 25 5 126 257 113 177 266 78 191 210 149 37 82 184 84 91 155 172 22 32 99 105 98 277 185 180 58 175 108 79 47 127 48 279 294 241 245 87 254 106 245 60 235 253 120 
98 154 2 117 111 246 158 218 263 190 190 134 268 160 150 82 83 190 231 198 118 259 83 265 31 192 237 28 221 175 53 7 273 116 294 280 224 226 226 245 223 272 49 60 283 177 52 181 83 196 192 34 238 172 251 21 189 124 34 271 117 250 80 128 16 269 186 243 206 231 288 291 42 296 254 150 218 292 226 37 211 63 181 60 216 23 40 120 30 45 270 154 240 180 243 193 283 170 39 147 
85 201 179 96 58 69 82 240 95 226 36 274 147 37 215 293 298 234 3 266 164 137 20 197 146 217 2 144 283 159 220 250 289 211 199 93 296 116 181 7 272 68 73 149 223 251 182 192 126 234 148 91 124 202 73 37 159 120 140 81 66 132 138 115 78 243 269 13 125 82 238 42 3 175 86 141 183 229 141 229 242 119 6 288 55 229 188 185 267 250 37 99 37 169 108 223 244 43 133 144 
299 132 154 245 78 146 178 127 56 210 64 89 24 25 269 44 151 226 298 66 122 204 58 58 216 70 223 293 111 232 26 7 88 117 164 97 279 244 278 113 152 88 28 31 243 87 118 111 22 220 179 47 212 215 63 74 172 22 242 61 235 298 241 249 175 176 213 21 164 104 42 65 264 277 49 263 38 114 57 298 227 193 78 8 253 86 63 96 287 166 206 139 141 97 130 42 27 32 252 185 
180 31 109 11 169 110 287 70 83 146 181 175 41 279 184 241 266 92 167 231 195 130 27 216 79 260 164 259 162 30 242 105 111 1 83 273 253 275 104 278 181 99 43 281 254 199 160 115 97 140 170 51 110 258 20 295 238 85 175 63 275 234 83 106 73 58 22 69 126 144 143 166 168 121 286 41 273 293 143 213 63 111 157 53 98 149 182 288 239 270 52 46 182 128 214 92 282 149 239 111 
75 8 14 115 280 32 179 13 186 89 44 291 145 21 8 264 70 93 12 220 264 288 243 196 11 48 116 9 250 60 209 205 3 16 237 91 117 87 177 148 229 266 248 122 121 22 190 136 221 192 83 294 231 46 147 62 174 117 80 151 257 9 193 21 100 133 278 101 279 79 97 27 22 258 247 121 105 170 28 153 297 107 210 90 222 122 161 155 167 112 299 157 247 121 282 54 265 177 234 34 
198 168 111 221 233 183 140 148 8 288 237 60 257 50 82 201 55 94 68 180 30 197 276 175 32 124 250 197 82 152 215 284 238 22 282 2 14 182 200 108 237 241 226 129 277 253 63 130 273 48 9 135 155 52 124 166 220 46 133 201 87 288 105 297 32 140 63 234 166 46 174 152 238 125 222 258 81 299 20 25 224 202 220 251 19 249 58 37 88 186 161 182 160 191 28 93 238 96 133 74 
67 257 118 272 18 8 250 45 141 161 34 214 188 244 52 149 76 275 71 69 74 149 111 280 233 62 279 170 254 128 193 77 50 45 194 108 149 230 185 9 81 131 152 102 273 204 221 147 99 240 95 92 188 207 93 168 86 285 98 174 38 149 134 291 228 96 36 13 171 163 232 38 273 85 103 104 223 177 233 24 77 38 69 12 264 168 271 277 248 64 98 25 184 139 41 93 231 48 188 14 
256 118 51 45 270 123 250 81 114 258 13 20 76 118 106 48 144 180 101 67 97 191 231 257 182 50 286 54 169 257 235 252 240 108 189 101 206 93 134 140 286 120 216 72 286 47 161 29 95 23 294 127 294 141 88 48 158 65 0 6 268 105 233 146 127 185 23 111 134 134 202 297 47 267 183 275 6 15 63 262 252 116 186 4 216 80 74 22 267 245 171 10 6 54 81 292 118 169 116 137 
23 67 107 148 101 138 81 121 19 228 111 199 253 48 206 47 285 190 260 245 28 283 45 189 274 290 84 198 47 247 25 105 219 72 81 166 189 183 100 230 127 248 82 73 229 75 102 190 243 7 263 231 167 72 23 227 244 115 89 85 179 49 29 3 156 77 255 102 177 112 188 251 209 253 128 91 112 261 17 271 180 289 238 203 199 15 268 268 272 122 117 148 115 169 165 277 81 165 74 188 
103 278 118 59 129 279 272 205 2 1 16 217 202 11 282 198 12 47 94 153 98 50 127 299 17 208 293 37 21 6 189 197 33 269 86 291 267 180 43 15 127 97 54 253 28 36 267 295 222 171 277 17 74 1 88 291 83 65 232 254 126 22 89 148 205 41 111 146 251 262 148 298 283 187 280 230 261 213 168 86 113 132 82 89 4 189 276 55 8 282 23 29 187 222 73 173 13 122 38 252 
225 51 132 73 134 144 229 160 87 246 106 107 201 42 165 128 140 183 6 235 51 34 265 53 116 102 246 13 59 275 298 129 249 193 282 109 72 44 298 52 9 187 4 107 299 149 105 150 282 75 34 87 42 296 183 250 69 242 188 23 6 33 220 262 299 21 91 180 290 234 203 277 107 79 163 177 221 237 138 139 146 5 225 44 4 121 188 268 22 13 86 167 150 100 184 94 64 86 95 244 
246 232 287 263 281 152 290 57 212 61 162 36 264 269 219 50 129 157 53 256 99 268 164 221 286 48 65 34 18 198 33 233 265 288 119 238 47 52 266 228 85 46 58 144 253 50 292 227 109 191 273 17 272 215 28 142 108 21 123 212 282 211 21 93 36 27 18 87 133 48 279 217 282 220 137 95 39 217 262 145 296 285 201 20 61 50 283 161 75 230 116 294 129 138 116 214 81 41 169 261 
188 128 224 196 13 79 65 50 204 158 192 247 282 129 213 128 238 153 280 23 216 192 153 104 245 79 150 264 222 226 143 36 170 163 237 150 152 291 30 28 206 181 148 258 251 288 140 65 88 24 41 251 17 91 105 224 132 18 222 21 78 245 101 49 256 251 163 38 273 227 249 181 159 14 2 12 91 262 143 15 145 150 62 145 171 83 261 172 240 258 249 211 268 36 162 235 75 70 18 0 
251 93 94 18 186 4 140 291 186 55 69 295 263 72 16 17 298 160 208 19 39 293 279 238 42 201 271 187 233 153 193 289 254 131 56 146 94 153 79 119 189 107 123 44 4 182 115 224 22 150 20 270 208 97 39 244 219 185 196 295 288 56 121 0 222 190 192 297 277 15 154 131 246 93 168 266 118 196 142 33 228 16 225 156 115 103 29 159 179 196 128 9 146 283 74 73 222 117 109 200 
238 162 198 243 6 126 125 94 135 177 26 92 2 295 181 269 272 95 90 118 138 249 248 40 29 293 99 60 192 266 208 13 133 124 290 47 186 290 270 251 37 47 98 126 130 255 33 230 275 40 70 70 44 198 95 265 208 99 48 226 99 59 249 87 266 280 48 80 196 137 238 161 183 44 167 270 226 240 151 21 236 132 124 73 273 125 234 283 203 170 150 278 244 121 279 135 189 129 164 224 
218 254 21 172 153 293 48 104 76 89 195 21 183 145 213 234 73 291 153 126 213 188 41 37 221 148 102 63 38 24 3 206 27 235 37 261 138 174 262 289 259 188 17 299 224 176 140 234 20 288 227 83 260 225 196 265 299 40 151 110 97 105 41 131 167 174 155 235 248 219 205 260 91 115 191 257 219 273 18 267 191 211 192 40 143 7 64 177 206 229 178 104 199 164 257 17 245 168 210 159 
274 11 248 233 283 227 16 54 40 107 63 172 92 130 141 48 42 80 137 254 139 54 126 238 158 80 272 223 107 121 20 296 156 123 199 168 149 212 150 282 48 0 266 65 0 111 58 80 257 73 110 166 92 56 132 99 7 287 81 90 256 237 197 34 51 247 80 2 164 261 138 58 177 194 259 11 20 263 282 206 201 274 55 156 191 79 155 36 91 35 221 201 0 187 278 25 29 259 80 54 
72 240 151 293 117 82 216 213 122 94 146 93 168 283 285 144 30 239 76 91 40 29 200 284 275 53 223 250 175 259 198 49 249 79 117 95 138 16 82 291 148 148 169 33 139 128 288 67 99 52 171 102 264 229 37 15 153 145 47 180 161 95 176 94 135 147 90 1 158 28 48 74 65 108 164 83 39 116 187 299 56 137 267 37 157 111 88 179 103 148 259 87 272 138 190 273 239 116 244 106 
279 74 171 237 8 28 135 90 278 181 251 199 291 120 57 254 29 206 186 239 159 181 222 200 106 45 233 114 63 162 47 202 251 293 222 164 147 26 209 34 81 137 155 200 91 59 148 211 171 167 171 236 90 270 161 278 149 228 197 90 180 228 156 242 173 14 111 87 13 263 134 152 89 120 280 184 112 83 113 123 55 130 286 88 161 205 287 173 63 247 117 88 227 96 151 241 61 85 18 147 
274 299 56 47 25 56 249 238 238 59 275 271 104 19 20 197 270 283 37 102 98 253 270 68 6 184 239 75 11 38 105 131 226 197 36 247 292 120 227 167 289 225 155 126 292 10 1 135 282 104 239 72 281 284 107 75 51 13 248 12 35 160 265 172 1 227 33 241 80 207 182 50 281 283 92 192 138 202 195 224 162 236 44 223 159 26 85 292 64 206 132 289 129 161 172 145 159 191 124 16 
224 234 225 11 166 279 19 29 210 9 213 262 69 19 92 52 126 156 67 251 43 25 100 129 137 95 106 38 132 30 216 184 44 69 177 54 24 23 292 230 229 169 269 129 98 128 152 222 93 102 62 61 55 132 123 157 119 147 219 183 244 120 35 154 140 200 261 296 171 295 122 114 61 271 288 75 11 273 280 153 216 48 46 241 227 60 223 120 215 113 137 125 224 276 101 228 128 70 110 160 
288 49 114 62 23 59 133 70 131 104 56 229 171 61 274 291 257 281 248 198 85 13 263 187 294 180 256 137 276 141 99 150 85 239 95 148 279 224 277 57 118 37 82 95 82 94 138 288 8 299 75 295 234 118 103 233 179 218 65 174 128 127 109 51 139 91 250 10 78 88 95 161 128 230 257 126 221 159 76 118 140 26 264 148 84 189 74 144 236 247 286 225 152 229 27 222 131 163 122 180 
150 81 76 113 49 238 231 287 108 180 25 84 145 137 38 252 41 239 299 143 87 191 67 73 256 67 283 235 167 87 144 216 273 260 211 261 237 120 81 276 216 141 140 159 283 218 274 63 55 162 107 198 154 82 180 126 72 84 178 7 89 165 272 276 41 101 37 193 112 277 74 216 127 6 239 269 110 287 7 234 200 78 169 254 288 47 20 93 9 106 90 233 272 232 53 240 32 163 258 114 
94 73 234 260 146 98 54 13 18 65 198 212 122 293 130 270 140 160 239 237 157 179 171 17 87 95 59 118 272 196 57 203 35 112 43 222 222 122 90 71 296 75 62 205 191 229 9 46 132 123 182 286 62 72 76 48 208 231 19 152 135 266 291 16 284 1 139 209 121 6 259 132 62 283 208 281 22 231 231 67 279 77 149 197 246 269 206 117 70 120 85 141 244 94 187 258 59 18 86 25 
293 230 44 131 105 51 100 41 47 131 164 220 29 201 99 221 115 46 233 168 177 278 68 46 239 88 18 176 73 273 269 3 133 93 42 48 46 80 293 9 178 245 247 245 198 9 213 102 23 294 68 285 165 156 1 26 276 8 159 31 75 115 267 33 288 281 148 276 299 142 131 239 147 9 260 22 298 251 30 249 176 58 67 65 166 79 108 197 223 233 163 57 280 132 113 6 288 200 7 214 
18 77 188 281 298 214 129 212 9 17 115 261 161 107 91 251 16 72 272 140 68 265 122 4 295 11 235 35 176 275 266 178 50 161 121 278 223 269 179 18 243 261 187 170 178 123 76 228 211 129 297 193 179 154 135 167 102 178 80 98 212 186 246 161 210 109 249 234 234 38 217 25 144 43 159 101 179 246 61 295 52 14 249 230 240 109 174 151 244 195 189 2 272 97 11 266 280 102 14 218 
123 237 149 123 21 61 231 104 196 202 299 128 165 65 245 79 151 153 289 203 260 159 257 112 12 27 164 41 139 196 280 157 62 34 95 222 116 150 262 230 81 169 246 279 215 152 299 299 29 168 165 287 228 206 241 91 108 181 213 115 299 147 72 140 44 252 212 70 202 9 237 152 162 144 32 117 63 217 43 110 0 284 101 208 187 240 153 227 280 251 180 122 36 147 270 85 71 33 200 261 
288 279 195 76 287 211 196 185 35 102 105 160 81 55 263 16 209 0 292 272 68 113 254 181 294 223 77 238 132 171 66 5 276 236 1 133 152 10 216 103 193 156 200 194 69 251 227 42 234 167 154 207 224 31 202 285 249 144 22 239 132 283 87 150 172 192 10 15 269 265 45 40 191 262 100 115 71 96 246 191 30 85 57 171 285 125 230 176 173 210 156 90 122 169 286 194 79 62 199 79 
31 83 10 139 155 142 206 123 150 172 144 117 134 106 70 232 69 30 118 33 42 93 56 121 1 16 192 243 132 131 107 8 80 298 12 124 8 250 170 211 180 206 284 115 48 282 64 291 10 235 255 256 28 37 21 192 91 101 104 253 201 56 259 178 242 192 26 295 238 115 271 269 288 217 206 293 5 105 56 135 222 20 1 282 268 217 244 21 287 217 99 250 117 227 7 130 91 201 65 233 
164 233 246 216 177 42 224 272 106 198 97 188 207 145 59 298 232 183 5 22 5 10 29 212 112 136 258 163 49 183 120 162 176 104 254 261 41 273 124 83 249 94 153 95 75 229 38 100 122 217 275 206 8 48 149 158 286 285 13 41 123 13 288 116 189 127 212 178 15 117 98 266 164 89 220 135 292 106 289 129 140 276 50 10 10 185 124 221 35 272 291 153 196 186 73 109 123 212 295 170 
55 208 251 178 181 55 215 176 269 266 69 36 20 16 252 65 6 127 293 207 55 202 41 118 110 87 50 100 26 33 136 98 129 160 190 50 230 96 82 287 234 118 209 21 28 264 122 99 73 68 201 243 174 16 67 16 248 116 40 257 115 167 23 21 189 278 133 158 269 219 284 27 262 58 282 125 262 50 163 68 37 286 67 290 252 155 96 87 10 297 102 165 104 166 67 91 36 82 233 291 
196 105 114 16 47 66 100 103 85 8 233 253 107 182 120 262 18 2 280 36 280 169 33 147 138 277 109 88 120 284 56 116 266 34 283 174 96 45 150 151 161 107 112 1 39 7 159 46 226 203 296 26 58 30 276 108 66 26 140 157 238 212 74 177 71 258 264 146 233 84 192 114 286 287 209 116 242 267 293 174 137 16 176 150 156 126 112 130 162 67 113 97 6 113 30 230 203 265 117 103 
63 223 228 247 152 91 88 35 70 188 38 295 272 59 143 127 74 58 260 275 271 197 103 44 89 24 113 76 250 210 297 282 140 290 31 182 219 197 268 117 92 15 49 264 21 93 246 273 156 182 18 47 38 144 243 255 261 1 247 294 132 59 76 109 269 65 288 263 147 255 194 22 233 12 91 281 270 245 56 232 63 137 187 28 270 111 25 53 188 284 267 9 5 170 159 278 102 84 217 47 
92 218 101 35 291 299 167 195 174 85 170 109 173 185 177 16 238 168 60 286 77 69 45 120 221 180 202 73 40 166 150 33 146 106 118 135 52 211 222 293 216 243 272 3 279 4 208 82 284 121 20 299 187 235 267 43 264 25 52 108 233 152 60 1 229 211 224 298 251 142 208 47 150 260 141 242 22 31 235 111 247 79 3 31 28 252 218 234 87 144 282 125 83 134 91 8 198 128 264 293 
68 202 84 37 59 44 241 115 292 150 291 166 95 190 226 182 223 206 28 198 136 146 88 228 36 60 26 289 171 122 166 19 234 20 50 288 223 239 2 173 263 101 116 219 100 70 232 180 44 70 37 14 197 48 57 147 90 61 162 157 1 62 21 0 267 48 247 103 26 261 201 228 222 11 289 191 62 70 23 118 247 39 253 242 180 28 233 76 292 59 162 234 241 181 6 224 226 21 155 99 
112 57 81 89 208 125 130 44 17 148 55 111 168 127 227 55 235 6 49 203 169 292 203 126 206 158 92 240 223 133 229 267 297 216 136 187 207 176 100 89 265 162 145 40 259 64 187 264 104 272 1 274 67 285 264 12 211 268 172 27 54 22 34 111 157 30 154 22 254 50 203 143 102 273 165 12 124 107 30 265 1 184 0 171 245 18 170 185 74 90 165 54 128 221 137 147 104 291 48 182 
1 51 178 72 28 13 110 63 47 260 164 31 169 4 123 29 279 255 81 216 174 9 212 224 235 178 283 172 79 263 18 24 80 205 278 151 207 17 168 225 92 83 36 108 148 262 65 117 193 47 68 185 91 177 44 261 16 96 88 189 92 177 223 59 207 90 190 168 100 159 217 255 143 219 167 95 81 195 15 29 159 35 7 121 268 186 186 157 63 297 279 14 216 239 47 32 246 71 47 24 
1 9 158 40 165 38 252 229 174 238 284 56 169 75 152 259 119 92 18 297 81 123 120 12 24 187 64 10 45 0 221 194 240 80 50 296 268 290 228 60 34 269 42 247 159 111 92 251 219 126 11 24 288 235 84 154 222 62 271 261 201 213 55 66 139 120 43 100 18 112 271 119 65 94 214 284 50 175 262 189 276 154 258 82 126 17 119 224 148 11 223 245 188 234 238 109 92 12 277 23 
189 296 264 179 172 298 150 238 44 251 132 182 99 10 46 204 109 169 113 255 205 116 166 115 203 274 61 166 154 78 281 129 179 222 31 190 289 61 194 81 58 42 218 245 194 267 84 21 207 211 56 50 160 195 268 290 155 199 25 261 16 104 279 247 227 285 5 219 85 239 173 42 197 37 173 275 298 132 71 157 71 186 155 165 115 69 58 178 234 55 173 95 168 55 182 200 24 138 258 71 
228 119 80 112 71 116 161 210 219 151 200 33 265 187 184 29 105 198 20 288 182 114 218 146 93 291 259 204 12 285 269 268 151 231 58 279 150 139 81 36 58 238 51 195 272 94 159 217 62 210 93 19 21 234 151 41 15 12 69 240 14 214 291 105 284 201 212 92 13 257 278 217 217 78 295 222 122 243 105 217 182 33 246 199 157 222 1 45 150 54 265 10 234 5 187 26 193 230 170 158 
287 208 135 59 234 159 229 215 194 186 286 25 297 70 298 221 145 41 240 240 282 256 287 253 192 153 90 152 140 286 215 249 222 210 109 116 139 137 172 208 116 162 73 186 203 58 98 168 84 140 243 285 63 159 66 130 292 276 276 182 55 8 224 66 277 176 131 152 134 239 269 228 100 200 47 155 260 169 149 120 32 155 63 117 173 11 190 99 118 76 128 24 264 74 60 299 160 66 74 109 
82 163 187 96 139 144 59 197 164 83 180 85 152 110 127 14 260 292 76 147 206 274 35 202 161 258 216 275 299 296 118 73 14 107 251 62 139 294 38 222 40 12 275 0 196 76 0 206 73 253 124 286 137 150 228 249 273 77 271 239 166 101 82 211 228 244 76 104 293 70 16 52 246 3 177 96 228 51 221 229 154 184 297 61 277 95 280 109 124 83 230 41 253 102 26 0 83 10 3 262 
273 275 236 123 140 213 219 98 132 49 207 97 85 275 180 239 39 195 166 136 102 296 288 84 232 107 252 159 75 216 128 270 104 71 147 245 144 63 24 93 36 271 77 240 172 187 80 221 156 116 75 268 299 39 30 236 291 244 1 156 296 176 206 258 120 68 104 208 116 210 241 97 53 37 28 230 61 16 198 97 170 215 298 48 35 109 200 62 166 61 124 267 106 4 214 50 43 231 171 48 
106 253 73 286 277 22 196 213 190 266 190 25 279 200 4 168 230 35 97 117 178 258 275 117 261 185 87 228 107 79 286 75 172 223 185 165 53 188 124 55 37 36 271 253 157 30 33 29 104 51 46 122 193 122 186 137 186 275 254 242 166 82 227 115 128 219 28 201 6 213 129 128 173 103 46 191 298 123 100 110 110 257 30 23 296 26 294 176 235 266 163 68 151 98 178 171 96 150 80 54 
278 98 70 14 1 43 142 13 209 177 94 172 130 99 118 162 188 198 211 220 197 217 52 72 45 172 32 224 91 88 174 281 127 163 144 11 295 168 112 118 214 213 210 181 13 15 9 275 248 218 156 139 125 230 124 20 282 68 57 297 161 213 68 233 291 148 159 158 222 94 67 3 252 107 121 287 144 186 88 228 7 217 154 281 237 103 265 39 105 102 92 62 290 37 78 186 160 44 94 144 
18 9 40 223 45 151 270 150 133 28 167 79 47 117 72 136 187 141 188 50 146 78 285 0 222 79 111 85 5 233 101 96 251 100 90 130 264 124 74 4 130 61 113 151 195 88 87 6 189 252 28 268 217 51 58 169 5 192 228 61 110 213 177 90 21 92 130 136 161 196 293 35 245 205 151 125 126 91 110 139 29 111 114 101 210 234 240 143 115 268 53 146 46 269 122 246 261 49 168 50 
173 49 58 267 24 187 232 112 238 270 198 61 217 199 297 57 69 287 202 70 133 199 193 96 163 172 179 61 65 35 199 275 214 260 145 206 242 200 92 84 38 25 47 42 139 69 50 69 187 162 286 45 65 81 152 100 28 16 165 246 34 86 112 108 253 184 100 102 43 13 1 242 82 71 260 229 206 171 209 64 270 159 176 4 20 49 23 137 189 279 135 221 160 237 14 107 270 3 276 82 
198 155 241 112 146 217 181 119 194 193 193 198 107 201 165 267 207 104 22 184 46 290 222 119 208 33 178 26 66 215 4 87 285 1 60 121 19 19 296 247 251 165 50 24 207 166 185 95 264 286 256 76 144 37 130 183 68 82 291 213 283 6 118 100 75 258 127 182 235 21 126 129 217 182 253 153 120 44 107 127 165 171 222 13 13 156 170 169 102 200 274 178 187 146 30 217 204 269 34 45 
19 23 242 61 168 107 294 226 52 120 180 215 144 139 275 55 30 103 131 110 100 203 199 59 20 227 21 210 113 115 164 217 203 173 114 16 212 145 60 109 121 30 291 256 7 270 296 191 24 157 136 217 120 178 29 124 12 95 51 168 268 80 194 98 76 174 122 9 257 200 28 36 229 57 133 257 257 151 153 36 201 116 221 146 85 283 84 63 101 213 183 18 38 216 19 53 68 119 55 237 
40 79 130 30 259 14 209 202 25 67 205 102 222 94 296 34 115 44 113 2 281 0 257 169 91 14 164 141 65 216 9 38 199 96 189 44 10 226 296 23 181 14 105 94 128 228 139 224 198 122 84 156 159 125 55 7 160 168 172 282 29 229 183 66 71 97 221 161 264 107 42 229 56 16 160 147 174 209 274 108 53 152 156 138 91 280 58 30 75 4 216 257 210 241 90 117 61 67 231 121 
52 89 206 7 214 272 134 257 231 147 198 254 102 4 14 155 281 108 133 14 70 91 156 141 35 222 177 165 99 194 115 29 218 230 85 254 187 84 53 213 89 236 83 211 293 280 298 207 17 39 178 145 39 97 275 74 251 226 137 96 55 202 192 51 226 32 250 81 3 222 295 166 283 93 136 102 208 193 107 59 235 55 101 125 144 261 149 220 120 30 133 42 128 251 7 81 152 193 14 8 
90 191 96 264 297 186 245 164 64 87 29 165 219 229 255 93 248 225 80 208 249 262 106 109 249 36 127 7 288 187 264 135 145 271 153 215 267 239 36 211 109 142 14 215 137 13 60 42 42 199 53 126 166 206 100 287 16 126 277 12 79 83 193 239 222 6 250 188 108 91 175 38 23 46 295 289 73 187 115 35 288 0 87 56 11 93 2 7 24 257 141 208 247 200 268 43 150 179 130 114 
23 40 166 214 119 250 34 94 260 243 225 84 141 180 116 12 140 148 240 178 69 69 222 267 97 144 66 79 186 211 125 154 289 264 94 21 207 115 83 2 108 32 133 246 125 90 268 165 61 111 148 223 279 238 152 158 254 205 167 228 152 258 161 259 203 200 78 254 297 133 286 109 119 55 192 156 196 24 32 151 126 178 167 6 146 75 152 8 288 164 94 277 70 12 215 77 13 68 15 185 
99 4 106 44 67 68 298 190 110 40 16 67 140 293 16 239 162 297 34 9 153 285 280 262 194 269 230 220 279 175 273 263 55 260 235 194 82 79 82 72 187 171 187 100 189 160 181 179 19 189 265 214 15 20 224 264 146 160 132 261 114 183 163 282 103 136 86 207 274 48 84 75 111 217 202 107 6 198 26 93 273 272 6 234 96 204 75 38 177 155 273 163 72 138 2 153 53 110 299 164 
237 90 89 174 103 46 276 198 112 180 124 158 12 173 41 45 27 99 16 120 202 256 134 22 67 273 181 221 140 56 233 99 10 275 285 129 45 234 82 183 69 34 87 32 293 19 9 84 23 279 8 27 75 208 179 95 185 76 65 20 4 219 177 251 216 253 199 277 154 88 15 166 27 172 298 49 266 73 274 182 286 277 183 14 211 287 299 265 268 119 62 53 245 118 38 45 197 201 104 165 
147 21 64 177 185 261 18 25 153 272 193 31 127 41 148 53 90 140 279 276 138 161 83 77 267 271 53 39 40 110 144 285 234 117 136 110 86 87 246 214 204 20 78 151 42 110 52 24 192 153 190 237 165 216 48 219 270 32 77 252 49 130 170 42 33 228 169 152 228 256 259 154 37 289 132 227 143 106 282 288 265 244 161 182 168 82 254 255 254 162 295 129 76 291 138 151 118 110 220 52 
122 225 268 93 266 290 248 34 90 7 267 184 185 6 47 10 251 44 201 237 19 57 143 145 257 114 285 104 103 186 39 289 192 110 98 21 41 205 45 245 195 74 178 25 65 299 293 142 298 9 64 98 93 81 52 268 277 39 283 10 231 253 98 99 82 7 277 44 109 48 264 190 114 123 292 41 211 250 35 100 273 235 28 181 177 202 75 230 34 158 111 48 110 175 229 50 184 99 208 9 
50 40 173 235 156 58 293 102 268 229 196 163 28 0 148 138 97 223 291 156 109 51 58 114 116 88 18 39 2 195 135 177 8 5 91 100 243 34 172 228 9 70 161 76 259 201 189 170 14 289 33 233 3 81 187 149 220 128 80 53 60 151 244 19 295 66 66 236 148 92 161 277 40 46 37 273 214 158 223 220 257 109 228 209 194 101 299 67 196 102 113 145 62 211 124 251 219 157 204 191 
92 196 133 291 267 33 221 289 189 207 29 276 216 28 293 61 43 51 37 266 284 24 213 226 296 107 278 202 156 72 198 69 277 58 268 122 92 43 168 181 260 172 92 207 285 1 0 60 163 55 118 54 18 204 30 272 299 123 176 142 214 16 35 107 157 50 221 264 221 59 291 7 24 264 71 88 287 278 212 38 181 257 202 282 3 95 137 283 285 194 198 89 233 261 256 235 67 156 53 127 
189 299 226 214 287 49 2 11 77 185 185 192 104 288 52 278 139 48 133 92 291 45 201 7 153 247 196 112 54 119 200 62 95 49 100 182 43 173 27 277 145 80 133 141 226 33 273 286 126 89 7 222 134 20 145 135 43 285 45 123 288 100 69 234 141 138 29 216 230 241 60 165 178 160 89 237 18 296 180 159 133 8 138 61 77 47 133 157 41 293 283 150 48 211 44 250 94 290 22 83 
274 176 189 131 60 225 148 24 272 101 258 92 290 171 96 290 299 277 5 169 48 185 83 136 98 256 218 130 82 172 279 11 46 88 279 211 279 210 292 11 224 224 2 297 95 108 109 152 134 148 183 148 269 150 9 118 150 251 119 75 237 150 155 293 97 239 134 186 19 188 97 265 62 97 281 227 110 155 94 251 125 178 153 45 67 211 12 195 268 39 86 191 123 162 263 111 201 178 97 15 
228 68 28 115 122 167 35 113 33 118 295 287 131 212 215 224 9 298 237 27 228 277 100 168 32 13 207 148 209 141 220 167 222 28 141 220 56 139 215 67 123 71 275 53 66 46 242 261 29 37 51 102 22 181 12 106 261 283 82 109 121 84 197 89 18 16 247 64 32 201 78 110 139 296 227 4 153 260 278 77 22 66 79 5 226 215 51 148 100 283 40 0 153 214 25 241 126 186 118 95 
298 97 19 141 175 171 262 293 232 157 278 4 283 51 237 11 133 167 249 250 74 131 222 148 205 161 247 295 259 156 184 90 255 122 210 172 122 181 85 195 263 290 234 116 10 232 32 297 245 172 249 276 44 77 196 182 25 103 141 200 230 188 258 52 49 226 165 259 204 181 260 250 83 3 215 71 162 87 92 161 287 60 31 243 228 114 185 120 177 145 31 15 181 172 187 77 209 143 2 203 
9 29 70 94 246 256 297 32 67 126 107 265 64 5 89 170 20 166 238 280 105 207 278 212 222 40 169 162 116 94 13 283 193 151 259 124 257 297 196 248 81 235 254 37 194 108 48 93 2 61 158 170 138 160 118 176 27 94 92 258 264 223 199 156 108 280 128 295 0 158 99 69 265 228 268 223 247 120 283 93 232 266 242 97 54 170 294 234 138 169 105 149 263 121 36 257 174 80 233 27 
80 94 106 133 273 98 43 41 142 279 135 293 293 215 242 257 110 79 59 158 226 140 248 148 4 206 3 166 12 223 257 101 211 246 218 84 94 0 295 230 42 75 159 261 236 114 169 214 151 256 268 268 63 116 112 58 30 244 125 107 268 248 105 24 27 106 251 113 184 64 297 163 1 153 245 45 79 36 256 157 31 121 54 125 120 177 54 279 231 256 229 185 95 65 241 200 42 222 220 20 
296 20 248 135 82 45 61 270 237 160 162 269 192 14 57 205 235 7 281 76 246 50 220 179 274 220 216 62 22 125 53 85 48 269 38 138 197 299 49 75 258 68 135 130 21 294 256 290 207 189 62 3 163 218 9 49 251 62 74 101 178 269 84 169 226 51 276 229 78 119 54 173 90 142 249 12 21 239 39 114 72 81 221 179 54 239 213 100 108 43 52 205 173 60 119 203 212 270 268 254 
1 296 166 91 177 72 234 252 82 151 99 216 62 141 205 17 3 51 92 79 255 218 142 191 217 223 274 271 92 206 274 292 62 239 113 165 299 212 274 214 103 179 72 184 278 298 254 159 146 168 45 146 6 249 23 102 105 70 170 65 145 270 78 248 69 44 67 79 65 291 118 252 104 162 133 115 114 83 133 272 235 267 44 42 68 94 72 142 245 133 102 222 150 179 254 288 182 127 3 162 
